1.000000000000000000e+00	2.219394155945447755e-01	1.893939393939390037e-01	2.219394155945447755e-01	1.567567567567569875e-01	2.219394155945447755e-01	2.219394155945447755e-01	2.285714285714290084e-01	3.298969072164950056e-01	2.219394155945447755e-01	2.764976958525349748e-01	3.657407407407409772e-01	2.219394155945447755e-01	4.726368159203980235e-01	1.463414634146339988e-01	1.550802139037429916e-01	2.651515151515150270e-01	4.775280898876400060e-01	3.333333333333329818e-01	2.219394155945447755e-01	2.673267326732670091e-01	3.961352657004830191e-01	2.219394155945447755e-01	3.248945147679320189e-01	2.007575757575759956e-01	1.889763779527559862e-01	2.430939226519339968e-01	2.743362831858410233e-01	2.631578947368419796e-01	2.163120567375889924e-01	2.422680412371130132e-01	9.239130434782609480e-02	2.934362934362930164e-01	1.618705035971219897e-01	1.614349775784749974e-01	2.219394155945447755e-01	2.822966507177029905e-01	2.277227722772280083e-01	4.254385964912280049e-01	3.208955223880600172e-01	2.015503875968990000e-01	2.219394155945447755e-01	1.188524590163930056e-01	2.219394155945447755e-01	2.219394155945447755e-01	1.486486486486489900e-01	1.943127962085310079e-01	2.219394155945447755e-01	2.372881355932200120e-01	2.219394155945447755e-01	2.219394155945447755e-01	2.219394155945447755e-01	2.219394155945447755e-01	1.860465116279070019e-01	2.219394155945447755e-01	1.600000000000000033e-01	2.584745762711859740e-01	5.917159763313609849e-02	1.666666666666669905e-01	1.374407582938390049e-01	1.702127659574469987e-01	2.219394155945447755e-01	3.616071428571430157e-01	2.219394155945447755e-01	1.736111111111109939e-01	2.620689655172410149e-01	2.219394155945447755e-01	1.666666666666669905e-01	2.058111380145279945e-01	1.839080459770109921e-01	1.514084507042250116e-01	8.928571428571430157e-02	3.718592964824120051e-01	2.083333333333330095e-01	1.357466063348420071e-01	2.219394155945447755e-01	1.966527196652720078e-01	2.219394155945447755e-01	1.870229007633590068e-01	1.750741839762610108e-01	2.219394155945447755e-01	8.000000000000000167e-03	1.050420168067229959e-01	2.219394155945447755e-01	2.521008403361340022e-01	6.451612903225810436e-02	6.071428571428569843e-01	1.749174917491750081e-01	1.741935483870969970e-01	2.720000000000000195e-01	2.152466367712999873e-01	2.219394155945447755e-01	1.229508196721310065e-01	1.276595744680850131e-01	2.406417112299469863e-01	4.196891191709840041e-01	1.798941798941799952e-01	1.972477064220179988e-01	2.219394155945447755e-01	1.153846153846150024e-01	2.610619469026549955e-01	2.219394155945447755e-01	1.726907630522090120e-01	5.025641025641029991e-01	2.227488151658769955e-01	2.219394155945447755e-01	2.875536480686700092e-01	1.752988047808770045e-01	2.219394155945447755e-01	2.219394155945447755e-01	2.184466019417480032e-01	2.219394155945447755e-01	2.219394155945447755e-01	6.347305389221560290e-01	2.219394155945447755e-01	2.773437500000000000e-01	2.895752895752899958e-01	2.219394155945447755e-01	1.793893129770990080e-01	2.913043478260869956e-01	2.219394155945447755e-01	3.354430379746839996e-01	1.886792452830189926e-01	1.729957805907169910e-01
2.219394155945447755e-01	1.000000000000000000e+00	1.666666666666669905e-01	1.840490797546009971e-01	2.486772486772489965e-01	2.219394155945447755e-01	2.219394155945447755e-01	1.570247933884300062e-01	1.244979919678709940e-01	1.557971014492749995e-01	1.412213740458020117e-01	1.402877697841730109e-01	1.626297577854670107e-01	2.219394155945447755e-01	1.351351351351350039e-01	2.592592592592590228e-01	1.521035598705499925e-01	1.400000000000000133e-01	2.219394155945447755e-01	1.833333333333329873e-01	1.802325581395350096e-01	2.219394155945447755e-01	1.992031872509960055e-01	2.086330935251800023e-01	2.282608695652169895e-01	1.739130434782610035e-01	8.810572687224670074e-02	1.742424242424240044e-01	1.769547325102880098e-01	1.442006269592480128e-01	1.484716157205240028e-01	4.294871794871790160e-01	2.219394155945447755e-01	2.365591397849459987e-01	1.906779661016949901e-01	1.684981684981690098e-01	1.507936507936510073e-01	2.219394155945447755e-01	1.377049180327870048e-01	2.219394155945447755e-01	2.388059701492540043e-01	2.219394155945447755e-01	2.291666666666669905e-01	2.219394155945447755e-01	3.028571428571429913e-01	1.207430340557280046e-01	2.219394155945447755e-01	2.481751824817519936e-01	1.335740072202170059e-01	1.326530612244899987e-01	2.305084745762709941e-01	1.437908496732029917e-01	2.534246575342469776e-01	2.219394155945447755e-01	1.593625498007970043e-01	2.095238095238100007e-01	1.947565543071159977e-01	2.331288343558280129e-01	2.219394155945447755e-01	2.476190476190479883e-01	2.219394155945447755e-01	1.460176991150440029e-01	2.219394155945447755e-01	4.464285714285710083e-01	1.881188118811880083e-01	1.793313069908810120e-01	1.499999999999999944e-01	2.219394155945447755e-01	2.219394155945447755e-01	2.219394155945447755e-01	2.219394155945447755e-01	2.219394155945447755e-01	1.132075471698110042e-01	2.219394155945447755e-01	3.382352941176470229e-01	1.805555555555559966e-01	1.535580524344569986e-01	1.456953642384110070e-01	1.522491349480969980e-01	3.186119873817029879e-01	3.164179104477610194e-01	2.219394155945447755e-01	2.555066079295150172e-01	4.104803493449780127e-01	2.219394155945447755e-01	2.550335570469799973e-01	2.219394155945447755e-01	2.475247524752479944e-01	2.071005917159760013e-01	1.486486486486489900e-01	2.219394155945447755e-01	1.630901287553649937e-01	9.602649006622520078e-01	1.526104417670680058e-01	1.598173515981740067e-01	2.032520325203250044e-01	2.250000000000000056e-01	1.457489878542509998e-01	2.219394155945447755e-01	2.219394155945447755e-01	1.245421245421250017e-01	1.469387755102040116e-01	1.716417910447760042e-01	2.068965517241380114e-01	1.428571428571429880e-01	1.148148148148149944e-01	2.219394155945447755e-01	2.219394155945447755e-01	1.696750902527079941e-01	2.219394155945447755e-01	1.617021276595740076e-01	2.219394155945447755e-01	2.219394155945447755e-01	2.139917695473249892e-01	1.521739130434779930e-01	2.219394155945447755e-01	1.558441558441560071e-01	1.521739130434779930e-01	2.585551330798480096e-01	1.474820143884890133e-01	1.756272401433690011e-01	2.219394155945447755e-01	2.219394155945447755e-01	1.673151750972760032e-01
1.893939393939390037e-01	1.666666666666669905e-01	1.000000000000000000e+00	2.219394155945447755e-01	2.219394155945447755e-01	2.214765100671139963e-01	1.572580645161290036e-01	2.586872586872590030e-01	2.442748091603050009e-01	2.457337883959040126e-01	3.269230769230769829e-01	2.099999999999999922e-01	2.219394155945447755e-01	2.219394155945447755e-01	1.797235023041469926e-01	1.882845188284520133e-01	2.761904761904759864e-01	2.397003745318349865e-01	2.440944881889759999e-01	2.359550561797749968e-01	2.219394155945447755e-01	2.142857142857139963e-01	2.219394155945447755e-01	2.442996742671010024e-01	2.261146496815290008e-01	2.219394155945447755e-01	1.862348178137649968e-01	2.219394155945447755e-01	2.296296296296299888e-01	2.530487804878049918e-01	2.716049382716049787e-01	1.115702479338839953e-01	2.065868263473049915e-01	2.219394155945447755e-01	2.219394155945447755e-01	2.219394155945447755e-01	2.219394155945447755e-01	3.004115226337449873e-01	2.677419354838709853e-01	2.485207100591720064e-01	2.219394155945447755e-01	1.898305084745759985e-01	2.219394155945447755e-01	1.775700934579440005e-01	2.219394155945447755e-01	2.219394155945447755e-01	2.219394155945447755e-01	2.219394155945447755e-01	2.500000000000000000e-01	3.159722222222219878e-01	2.219394155945447755e-01	3.026315789473679740e-01	9.047619047619050170e-02	2.666666666666669960e-01	2.219394155945447755e-01	2.219394155945447755e-01	2.219394155945447755e-01	2.219394155945447755e-01	1.496062992125979929e-01	2.173913043478259977e-01	8.878504672897200023e-02	2.151394422310760057e-01	2.730375426621159951e-01	1.115384615384620026e-01	2.219394155945447755e-01	2.579710144927540028e-01	2.454873646209390081e-01	2.054794520547950087e-01	2.219394155945447755e-01	2.342342342342340067e-01	2.783171521035600060e-01	2.219394155945447755e-01	1.923076923076920131e-01	3.636363636363639795e-01	1.814814814814809940e-01	3.119777158774370007e-01	3.774319066147859836e-01	2.604501607717040201e-01	1.625766871165640060e-01	2.219394155945447755e-01	2.219394155945447755e-01	5.181347150259070153e-03	2.219394155945447755e-01	2.219394155945447755e-01	2.219394155945447755e-01	8.878504672897200023e-02	2.518518518518519933e-01	3.126934984520119976e-01	2.019230769230770106e-01	2.781456953642379992e-01	1.936619718309859906e-01	2.192307692307690070e-01	1.672354948805460095e-01	2.857142857142859760e-01	2.219394155945447755e-01	2.619926199261989885e-01	2.763157894736840148e-01	2.219394155945447755e-01	2.219394155945447755e-01	1.737704918032789980e-01	2.219394155945447755e-01	3.914893617021280026e-01	2.244897959183670133e-01	2.219394155945447755e-01	2.834645669291340209e-01	2.757352941176470229e-01	2.219394155945447755e-01	2.140468227424749958e-01	2.292358803986709881e-01	2.724014336917560120e-01	2.967479674796750233e-01	2.297734627831720111e-01	2.219394155945447755e-01	2.629629629629630094e-01	2.219394155945447755e-01	3.036303630363039741e-01	2.219394155945447755e-01	2.219394155945447755e-01	2.320261437908499869e-01	2.673611111111109939e-01	2.466666666666670060e-01	2.916666666666670182e-01	2.648221343873520262e-01	2.219394155945447755e-01
2.219394155945447755e-01	1.840490797546009971e-01	2.219394155945447755e-01	1.000000000000000000e+00	2.028985507246379993e-01	2.284866468842730036e-01	1.660899653979240054e-01	2.450331125827809875e-01	2.409240924092410085e-01	2.769230769230769940e-01	2.993421052631580204e-01	2.219394155945447755e-01	2.668621700879770242e-01	2.248520710059170036e-01	1.769230769230769884e-01	2.014388489208630006e-01	2.914285714285709816e-01	2.219394155945447755e-01	2.219394155945447755e-01	2.297734627831720111e-01	3.005181347150259752e-01	1.935483870967739939e-01	2.724358974358970231e-01	2.781065088757400106e-01	2.464183381088830005e-01	2.727272727272729846e-01	2.219394155945447755e-01	2.219394155945447755e-01	2.243589743589740060e-01	2.392473118279569988e-01	2.465277777777780122e-01	1.153846153846150024e-01	2.410958904109589962e-01	2.352941176470589868e-01	3.044982698961939960e-01	2.219394155945447755e-01	2.219394155945447755e-01	2.752613240418120277e-01	2.585227272727270154e-01	2.388451443569550026e-01	2.219394155945447755e-01	1.899109792284869869e-01	1.777108433734939930e-01	2.124645892351270104e-01	2.219394155945447755e-01	3.048433048433050185e-01	2.500000000000000000e-01	2.219394155945447755e-01	2.654320987654320008e-01	2.960725075528700123e-01	2.506811989100820037e-01	3.002915451895040166e-01	2.219394155945447755e-01	2.730375426621159951e-01	2.169811320754720108e-01	1.904761904761899938e-01	3.091482649842269836e-01	9.594095940959410096e-02	1.793103448275860101e-01	2.219394155945447755e-01	1.011673151750970001e-01	1.993243243243240093e-01	2.219394155945447755e-01	2.219394155945447755e-01	2.219394155945447755e-01	2.637075718015670089e-01	2.305295950155759888e-01	1.716417910447760042e-01	2.914046121593290017e-01	1.911764705882350035e-01	2.861271676300580213e-01	2.219394155945447755e-01	2.180685358255450013e-01	2.219394155945447755e-01	1.826923076923079869e-01	3.057644110275690164e-01	2.219394155945447755e-01	2.219394155945447755e-01	2.219394155945447755e-01	3.455497382198949863e-01	2.219394155945447755e-01	1.244813278008300057e-02	2.219394155945447755e-01	2.287390029325510055e-01	2.219394155945447755e-01	2.219394155945447755e-01	2.219394155945447755e-01	3.859649122807020105e-01	2.219394155945447755e-01	2.219394155945447755e-01	1.611940298507459901e-01	1.877022653721679979e-01	2.219394155945447755e-01	2.557377049180329931e-01	2.589928057553960161e-01	2.219394155945447755e-01	2.819548872180450139e-01	3.205574912891990258e-01	2.219394155945447755e-01	2.219394155945447755e-01	2.515527950310559868e-01	3.464285714285709750e-01	2.654320987654320008e-01	2.568807339449539762e-01	3.333333333333329818e-01	2.219394155945447755e-01	2.477611940298510007e-01	2.219394155945447755e-01	2.219394155945447755e-01	2.500000000000000000e-01	2.992957746478869807e-01	2.219394155945447755e-01	2.446483180428130066e-01	2.412698412698409955e-01	2.777777777777780122e-01	2.219394155945447755e-01	2.661064425770309771e-01	1.607717041800640068e-01	2.219394155945447755e-01	2.351190476190480050e-01	2.656716417910450212e-01	2.219394155945447755e-01	3.028169014084510224e-01	2.219394155945447755e-01
1.567567567567569875e-01	2.486772486772489965e-01	2.219394155945447755e-01	2.028985507246379993e-01	1.000000000000000000e+00	2.452830188679250012e-01	2.302631578947370028e-01	2.219394155945447755e-01	2.219394155945447755e-01	1.777777777777780066e-01	1.666666666666669905e-01	1.900452488687779939e-01	2.103004291845489981e-01	1.733333333333330062e-01	2.187500000000000000e-01	9.784946236559139976e-01	2.219394155945447755e-01	1.666666666666669905e-01	1.308900523560209972e-01	2.219394155945447755e-01	1.851851851851850084e-01	2.219394155945447755e-01	2.412060301507540083e-01	2.219394155945447755e-01	1.924686192468620105e-01	2.385321100917429937e-01	1.352941176470590090e-01	2.219394155945447755e-01	2.219394155945447755e-01	2.219394155945447755e-01	3.397435897435899799e-01	2.219394155945447755e-01	1.564885496183210101e-01	1.877551020408159965e-01	3.121387283236989885e-01	1.777777777777780066e-01	1.625615763546799930e-01	1.612903225806449903e-01	2.219394155945447755e-01	2.219394155945447755e-01	2.219394155945447755e-01	2.219394155945447755e-01	2.219394155945447755e-01	3.113207547169810074e-01	2.219394155945447755e-01	2.219394155945447755e-01	2.219394155945447755e-01	2.050209205020920022e-01	2.219394155945447755e-01	1.576763485477180038e-01	2.219394155945447755e-01	2.219394155945447755e-01	2.285714285714290084e-01	2.742857142857140218e-01	1.732673267326730049e-01	2.219394155945447755e-01	1.936936936936939913e-01	1.221374045801530001e-01	1.294117647058820042e-01	2.219394155945447755e-01	1.271186440677969931e-01	1.988304093567249964e-01	1.234567901234570053e-01	1.524390243902440101e-01	1.460674157303369913e-01	1.886120996441280062e-01	1.502347417840380062e-01	2.219394155945447755e-01	1.767676767676769900e-01	2.219394155945447755e-01	1.752988047808770045e-01	2.219394155945447755e-01	2.219394155945447755e-01	1.904761904761899938e-01	1.648936170212770003e-01	1.557632398753890091e-01	1.493212669683260108e-01	1.317829457364340096e-01	1.576763485477180038e-01	1.666666666666669905e-01	1.727272727272730068e-01	2.173913043478260115e-02	2.031250000000000000e-01	2.932692307692310041e-01	2.429906542056070040e-01	1.271186440677969931e-01	1.666666666666669905e-01	1.955719557195569891e-01	2.711864406779659897e-01	1.259842519685039908e-01	1.490384615384620082e-01	1.793478260869570129e-01	2.219394155945447755e-01	2.594594594594589743e-01	2.048192771084340058e-01	2.219394155945447755e-01	4.044117647058820264e-01	1.683673469387760024e-01	2.083333333333330095e-01	2.524271844660189723e-01	2.219394155945447755e-01	1.522842639593909864e-01	2.440191387559809966e-01	1.704035874439459863e-01	2.219394155945447755e-01	2.219394155945447755e-01	1.652173913043480102e-01	1.954545454545449923e-01	1.440677966101689966e-01	2.219394155945447755e-01	1.967213114754099990e-01	2.389380530973450045e-01	2.219394155945447755e-01	1.930693069306929910e-01	1.528384279475979990e-01	2.139917695473249892e-01	1.526717557251910107e-01	1.722222222222219989e-01	1.991341991341989970e-01	2.219394155945447755e-01	2.177777777777779866e-01	2.219394155945447755e-01	1.827956989247309927e-01	1.826923076923079869e-01
2.219394155945447755e-01	2.219394155945447755e-01	2.214765100671139963e-01	2.284866468842730036e-01	2.452830188679250012e-01	1.000000000000000000e+00	2.219394155945447755e-01	2.419354838709679989e-01	2.219394155945447755e-01	1.883561643835620081e-01	1.978021978021979876e-01	1.499999999999999944e-01	2.013201320132010086e-01	2.219394155945447755e-01	1.782178217821779875e-01	2.547169811320750266e-01	1.815384615384620093e-01	1.901140684410649873e-01	1.505791505791509999e-01	1.954022988505750014e-01	2.219394155945447755e-01	2.219394155945447755e-01	1.920289855072460083e-01	2.338983050847459888e-01	2.482993197278909880e-01	2.526690391459069929e-01	2.219394155945447755e-01	2.114695340501789866e-01	2.313725490196079926e-01	2.219394155945447755e-01	2.597402597402599933e-01	4.342857142857139974e-01	1.737804878048780088e-01	2.219394155945447755e-01	2.310756972111550067e-01	2.219394155945447755e-01	2.137404580152670042e-01	1.686274509803920019e-01	2.175324675324679935e-01	2.132132132132129876e-01	2.219394155945447755e-01	2.219394155945447755e-01	2.142857142857139963e-01	3.284132841328409880e-01	2.219394155945447755e-01	1.818181818181819898e-01	2.079999999999999905e-01	2.219394155945447755e-01	1.593220338983049877e-01	2.114093959731540018e-01	2.334384858044160072e-01	2.219394155945447755e-01	1.405405405405409924e-01	2.923728813559319795e-01	2.129277566539919953e-01	2.219394155945447755e-01	2.392857142857139907e-01	2.052631578947370083e-01	1.138211382113819975e-01	2.663755458515280061e-01	1.025641025641030046e-01	2.161016949152539945e-01	1.563517915309450002e-01	5.139664804469270543e-01	2.219394155945447755e-01	2.219394155945447755e-01	1.762589928057549937e-01	2.219394155945447755e-01	2.863849765258220104e-01	2.219394155945447755e-01	2.866894197952220003e-01	4.626865671641789968e-01	1.413427561837460045e-01	2.533333333333330217e-01	3.497757847533630171e-01	2.144772117962470137e-01	2.000000000000000111e-01	1.543209876543210068e-01	1.993355481727570044e-01	2.219394155945447755e-01	3.323863636363639795e-01	2.219394155945447755e-01	2.226562500000000000e-01	2.219394155945447755e-01	2.654545454545449990e-01	1.621621621621620046e-01	2.219394155945447755e-01	2.608695652173910196e-01	1.897435897435900132e-01	2.026143790849669890e-01	1.588447653429599926e-01	2.105263157894740056e-01	4.727272727272729957e-01	2.500000000000000000e-01	1.949152542372880048e-01	2.219394155945447755e-01	2.938388625592420200e-01	2.219394155945447755e-01	3.141762452107280112e-01	3.438735177865610004e-01	1.713286713286709950e-01	2.219394155945447755e-01	2.258064516129029975e-01	2.163120567375889924e-01	2.219394155945447755e-01	1.708185053380779916e-01	2.195121951219509981e-01	2.219394155945447755e-01	2.219394155945447755e-01	1.783216783216780010e-01	2.489626556016600045e-01	2.613240418118469854e-01	1.894736842105259889e-01	2.219394155945447755e-01	2.055749128919860114e-01	1.968253968253969866e-01	2.075471698113209862e-01	2.219394155945447755e-01	2.508710801393729817e-01	1.924398625429550036e-01	1.827242524916939947e-01	1.704035874439459863e-01	2.177419354838709964e-01	2.330827067669170027e-01
2.219394155945447755e-01	2.219394155945447755e-01	1.572580645161290036e-01	1.660899653979240054e-01	2.302631578947370028e-01	2.219394155945447755e-01	1.000000000000000000e+00	1.323529411764710062e-01	1.159420289855069980e-01	2.219394155945447755e-01	1.415525114155249953e-01	1.551724137931030090e-01	2.219394155945447755e-01	2.117117117117119918e-01	1.499999999999999944e-01	2.352941176470589868e-01	1.370370370370370128e-01	1.568627450980389915e-01	1.450777202072540129e-01	2.239583333333330095e-01	2.219394155945447755e-01	2.219394155945447755e-01	1.943127962085310079e-01	1.810699588477369948e-01	1.934156378600820070e-01	1.554621848739499990e-01	7.027027027027030193e-02	1.651785714285710083e-01	2.030456852791880096e-01	1.490909090909089962e-01	1.443850267379679919e-01	2.219394155945447755e-01	2.219394155945447755e-01	2.219394155945447755e-01	2.219394155945447755e-01	1.489361702127660059e-01	1.531100478468900017e-01	1.450777202072540129e-01	1.374045801526720123e-01	1.514084507042250116e-01	1.940928270042190096e-01	1.797235023041469926e-01	2.058823529411759889e-01	3.872549019607839926e-01	2.484662576687119984e-01	1.021126760563380031e-01	2.219394155945447755e-01	2.907488986784140250e-01	1.181434599156119952e-01	1.314741035856570039e-01	2.219394155945447755e-01	2.219394155945447755e-01	1.754385964912280049e-01	2.127659574468090120e-01	1.578947368421050046e-01	2.202380952380950108e-01	1.946902654867259941e-01	2.561983471074379959e-01	8.241758241758240233e-02	2.171428571428569987e-01	2.219394155945447755e-01	1.538461538461539935e-01	1.209677419354839994e-01	3.758865248226950229e-01	1.647940074906369956e-01	1.375838926174499932e-01	2.219394155945447755e-01	1.342281879194630045e-01	2.219394155945447755e-01	1.623376623376620032e-01	2.195121951219509981e-01	3.562500000000000111e-01	1.232876712328769969e-01	2.219394155945447755e-01	2.219394155945447755e-01	2.219394155945447755e-01	1.260869565217390131e-01	1.040892193308550068e-01	1.269841269841270048e-01	2.341137123745820059e-01	2.604501607717040201e-01	2.061855670103089969e-02	2.219394155945447755e-01	2.219394155945447755e-01	1.782608695652170006e-01	2.432432432432430069e-01	2.335025380710659959e-01	2.415094339622639863e-01	2.301587301587300072e-01	2.219394155945447755e-01	1.401869158878500110e-01	2.219394155945447755e-01	2.219394155945447755e-01	1.497584541062799979e-01	1.647727272727269876e-01	2.219394155945447755e-01	2.219394155945447755e-01	1.584158415841580014e-01	2.219394155945447755e-01	3.150000000000000022e-01	1.025641025641030046e-01	2.219394155945447755e-01	1.830357142857139963e-01	1.718061674008810047e-01	1.323529411764710062e-01	1.004366812227070055e-01	2.219394155945447755e-01	2.237442922374429932e-01	2.219394155945447755e-01	1.403508771929820043e-01	1.914893617021279915e-01	1.264822134387350028e-01	1.696428571428570120e-01	2.219394155945447755e-01	1.255230125523009999e-01	1.764705882352939903e-01	1.717557251908400084e-01	1.134020618556700055e-01	2.219394155945447755e-01	2.219394155945447755e-01	2.219394155945447755e-01	1.499999999999999944e-01	1.306532663316579967e-01	1.461187214611870122e-01
2.285714285714290084e-01	1.570247933884300062e-01	2.586872586872590030e-01	2.450331125827809875e-01	2.219394155945447755e-01	2.419354838709679989e-01	1.323529411764710062e-01	1.000000000000000000e+00	2.616822429906540126e-01	2.560975609756099836e-01	2.219394155945447755e-01	2.219394155945447755e-01	2.219394155945447755e-01	2.219394155945447755e-01	2.269938650306750072e-01	1.632653061224489943e-01	2.357142857142859871e-01	2.790697674418600172e-01	1.981566820276499941e-01	2.568807339449539762e-01	2.184615384615380129e-01	2.438016528925620041e-01	2.219394155945447755e-01	2.586872586872590030e-01	2.751937984496120038e-01	2.030651340996169896e-01	1.732673267326730049e-01	2.987012987012990228e-01	1.744680851063830085e-01	2.074829931972790031e-01	3.041237113402059933e-01	1.151832460732979957e-01	2.219394155945447755e-01	2.316176470588240111e-01	1.834061135371179985e-01	3.261802575107299873e-01	2.280701754385960067e-01	1.981566820276499941e-01	2.166064981949460122e-01	2.219394155945447755e-01	1.794871794871789883e-01	1.752988047808770045e-01	1.354581673306770040e-01	2.219394155945447755e-01	2.286501377410470048e-01	2.219394155945447755e-01	2.815533980582520246e-01	2.205882352941180014e-01	2.208835341365459892e-01	3.130081300813010170e-01	2.607142857142860093e-01	2.977099236641220226e-01	9.493670886075949999e-02	2.961165048543690226e-01	2.378854625550660129e-01	2.019704433497540030e-01	2.219394155945447755e-01	6.703910614525139533e-02	1.741293532338309968e-01	2.219394155945447755e-01	2.219394155945447755e-01	1.913875598086119956e-01	2.219394155945447755e-01	2.219394155945447755e-01	1.784511784511779997e-01	2.272727272727269876e-01	1.795918367346940048e-01	1.885714285714290006e-01	1.888111888111889958e-01	2.601156069364159995e-01	2.194244604316550051e-01	1.228070175438600031e-01	2.231759656652360091e-01	2.385786802030460119e-01	1.484716157205240028e-01	2.219394155945447755e-01	3.070175438596490225e-01	1.872791519434630070e-01	1.373239436619720089e-01	2.219394155945447755e-01	2.175141242937849995e-01	7.299270072992699622e-03	1.410788381742739961e-01	2.219394155945447755e-01	2.704918032786889914e-01	2.219394155945447755e-01	2.219394155945447755e-01	2.307692307692310041e-01	2.516129032258059839e-01	3.095238095238099785e-01	1.841004184100419883e-01	2.219394155945447755e-01	1.626016260162599925e-01	2.219394155945447755e-01	2.219394155945447755e-01	2.274678111587979945e-01	3.128491620111730209e-01	2.026431718061670051e-01	2.219394155945447755e-01	1.526717557251910107e-01	2.638297872340429895e-01	2.219394155945447755e-01	1.603053435114500103e-01	2.219394155945447755e-01	2.980769230769230171e-01	1.975308641975309920e-01	2.479999999999999982e-01	2.086614173228349967e-01	2.411067193675890119e-01	2.887931034482760229e-01	2.583732057416269767e-01	2.607003891050579947e-01	1.944444444444440034e-01	3.317757009345789765e-01	2.369477911646589996e-01	2.107142857142859926e-01	1.849315068493150027e-01	2.686567164179100020e-01	2.219394155945447755e-01	2.219394155945447755e-01	2.219394155945447755e-01	3.040935672514620269e-01	2.219394155945447755e-01	2.219394155945447755e-01
3.298969072164950056e-01	1.244979919678709940e-01	2.442748091603050009e-01	2.409240924092410085e-01	2.219394155945447755e-01	2.219394155945447755e-01	1.159420289855069980e-01	2.616822429906540126e-01	1.000000000000000000e+00	2.261904761904759975e-01	2.219394155945447755e-01	2.280000000000000082e-01	2.301886792452829955e-01	2.219394155945447755e-01	2.219394155945447755e-01	1.457286432160800060e-01	2.581818181818180125e-01	3.613861386138609855e-01	2.999999999999999889e-01	2.454545454545450089e-01	3.156146179401990159e-01	2.541666666666669849e-01	2.219394155945447755e-01	3.198380566801620195e-01	2.368421052631579926e-01	2.219394155945447755e-01	2.153846153846150080e-01	2.931034482758619886e-01	2.219394155945447755e-01	2.456140350877190071e-01	3.177083333333329818e-01	2.219394155945447755e-01	2.219394155945447755e-01	1.754385964912280049e-01	2.488479262672810000e-01	2.219394155945447755e-01	2.227074235807859903e-01	3.197969543147209937e-01	2.813688212927760168e-01	3.212996389891700222e-01	2.219394155945447755e-01	1.895161290322580072e-01	1.680327868852460049e-01	1.338028169014079949e-01	2.219394155945447755e-01	2.054794520547950087e-01	2.571428571428570065e-01	2.388059701492540043e-01	2.510288065843619965e-01	3.402489626556020053e-01	2.219394155945447755e-01	2.219394155945447755e-01	1.019108280254780036e-01	2.361111111111109939e-01	2.164502164502160042e-01	1.730769230769229894e-01	2.219394155945447755e-01	9.142857142857140074e-02	2.219394155945447755e-01	2.219394155945447755e-01	1.419354838709679933e-01	2.219394155945447755e-01	2.991803278688520140e-01	9.389671361502349711e-02	1.824324324324320123e-01	2.219394155945447755e-01	2.219394155945447755e-01	1.491712707182319964e-01	1.805555555555559966e-01	2.044198895027619922e-01	1.894736842105259889e-01	8.936170212765960630e-02	2.179487179487180071e-01	2.512820512820509999e-01	1.434782608695649997e-01	2.691131498470950012e-01	2.573839662447259813e-01	2.219394155945447755e-01	2.219394155945447755e-01	2.477064220183489984e-01	2.219394155945447755e-01	1.470588235294120055e-02	1.363636363636359927e-01	1.946564885496180064e-01	2.863070539419089733e-01	6.626506024096390224e-02	3.177570093457939837e-01	2.266666666666669883e-01	2.219394155945447755e-01	3.253012048192769901e-01	2.219394155945447755e-01	2.608695652173910196e-01	1.304347826086960094e-01	2.219394155945447755e-01	3.048128342245989830e-01	2.219394155945447755e-01	2.368421052631579926e-01	2.697674418604649738e-01	2.448979591836729919e-01	1.439393939393940058e-01	2.219394155945447755e-01	2.904761904761899993e-01	2.219394155945447755e-01	2.219394155945447755e-01	2.219394155945447755e-01	2.435897435897440011e-01	2.682926829268290070e-01	1.899224806201549876e-01	3.138075313807530131e-01	2.887931034482760229e-01	3.150000000000000022e-01	2.413793103448280131e-01	3.144104803493449896e-01	3.768115942028990029e-01	2.219394155945447755e-01	1.936619718309859906e-01	2.226148409893989877e-01	2.219394155945447755e-01	2.219394155945447755e-01	2.510121457489880026e-01	2.219394155945447755e-01	2.598870056497180059e-01	2.219394155945447755e-01	2.663755458515280061e-01
2.219394155945447755e-01	1.557971014492749995e-01	2.457337883959040126e-01	2.769230769230769940e-01	1.777777777777780066e-01	1.883561643835620081e-01	2.219394155945447755e-01	2.560975609756099836e-01	2.261904761904759975e-01	1.000000000000000000e+00	3.333333333333329818e-01	3.675889328063239869e-01	2.046204620462049872e-01	3.143939393939390037e-01	1.435406698564589967e-01	1.762114537444930129e-01	4.102564102564100201e-01	3.193277310924370060e-01	2.943722943722940077e-01	3.911111111111110206e-01	2.219394155945447755e-01	3.438735177865610004e-01	4.224137931034480098e-01	3.878326996197720145e-01	1.986970684039089940e-01	2.473498233215550013e-01	2.212389380530969951e-01	2.219394155945447755e-01	2.162162162162160062e-01	2.085889570552149908e-01	2.217573221757319912e-01	1.004366812227070055e-01	2.219394155945447755e-01	2.219394155945447755e-01	2.109375000000000000e-01	2.219394155945447755e-01	3.020408163265310142e-01	1.960000000000000075e-01	2.832764505119449994e-01	2.385321100917429937e-01	2.219394155945447755e-01	1.438356164383559899e-01	2.219394155945447755e-01	1.496815286624199881e-01	2.219394155945447755e-01	2.067901234567899871e-01	2.219394155945447755e-01	2.219394155945447755e-01	2.219394155945447755e-01	2.657342657342660064e-01	1.914893617021279915e-01	2.219394155945447755e-01	8.163265306122449716e-02	2.219394155945447755e-01	2.698412698412699928e-01	2.219394155945447755e-01	2.794117647058820264e-01	6.976744186046510143e-02	1.458333333333330095e-01	2.219394155945447755e-01	2.219394155945447755e-01	1.950207468879670003e-01	2.219394155945447755e-01	1.147540983606560039e-01	2.219394155945447755e-01	4.429065743944640143e-01	2.193308550185870121e-01	1.126126126126130028e-01	2.477272727272729902e-01	2.296650717703349887e-01	1.812499999999999944e-01	2.219394155945447755e-01	2.219394155945447755e-01	1.890756302521010013e-01	1.615384615384619915e-01	2.219394155945447755e-01	2.254545454545449912e-01	2.711864406779659897e-01	1.947194719471949942e-01	1.951871657754009892e-01	2.176165803108809915e-01	1.142857142857140081e-02	1.254480286738350048e-01	1.891891891891890054e-01	2.690909090909089918e-01	6.930693069306929910e-02	3.102040816326530059e-01	2.446483180428130066e-01	2.219394155945447755e-01	2.219394155945447755e-01	1.582733812949639884e-01	2.145748987854249890e-01	1.565836298932380133e-01	1.879699248120300092e-01	2.219394155945447755e-01	2.500000000000000000e-01	2.342342342342340067e-01	2.219394155945447755e-01	2.198581560283690006e-01	1.481481481481480011e-01	2.219394155945447755e-01	2.863070539419089733e-01	1.746575342465750136e-01	3.281853281853279736e-01	2.874999999999999778e-01	2.219394155945447755e-01	3.873517786561260223e-01	2.219394155945447755e-01	2.883211678832119929e-01	2.611940298507460234e-01	1.796875000000000000e-01	1.940789473684209898e-01	2.781954887218039962e-01	3.728813559322030069e-01	1.965517241379310109e-01	3.846153846153850253e-01	3.139931740614330113e-01	1.951219512195120076e-01	2.219394155945447755e-01	2.473118279569889999e-01	2.060810810810810023e-01	2.718446601941750251e-01	2.520661157024789989e-01	1.920289855072460083e-01
2.764976958525349748e-01	1.412213740458020117e-01	3.269230769230769829e-01	2.993421052631580204e-01	1.666666666666669905e-01	1.978021978021979876e-01	1.415525114155249953e-01	2.219394155945447755e-01	2.219394155945447755e-01	3.333333333333329818e-01	1.000000000000000000e+00	3.145161290322580072e-01	2.410071942446040116e-01	2.219394155945447755e-01	1.711229946524059908e-01	1.650943396226420001e-01	3.468634686346859786e-01	4.134615384615379918e-01	4.684210526315790157e-01	3.952380952380949997e-01	2.219394155945447755e-01	3.223140495867770072e-01	3.362068965517239771e-01	3.582677165354329896e-01	2.000000000000000111e-01	2.613636363636360205e-01	2.219394155945447755e-01	3.516949152542370172e-01	2.770562770562770005e-01	2.219394155945447755e-01	3.737373737373739790e-01	8.920187793427229728e-02	2.219394155945447755e-01	2.000000000000000111e-01	2.219394155945447755e-01	3.839662447257379818e-01	3.114035087719300154e-01	2.236842105263160130e-01	3.136531365313650066e-01	2.219394155945447755e-01	1.520270270270270008e-01	1.335740072202170059e-01	2.219394155945447755e-01	2.219394155945447755e-01	2.334217506631300065e-01	2.219394155945447755e-01	2.304347826086959872e-01	2.625899280575539896e-01	4.953703703703700167e-01	3.846153846153850253e-01	2.219394155945447755e-01	2.219394155945447755e-01	9.714285714285710027e-02	3.119266055045870067e-01	2.931034482758619886e-01	1.484716157205240028e-01	4.199134199134200163e-01	7.142857142857139685e-02	1.751152073732719916e-01	2.262443438914029936e-01	1.011235955056180025e-01	3.467336683417089893e-01	2.219394155945447755e-01	8.620689655172410204e-02	1.864951768488750106e-01	2.219394155945447755e-01	3.628318584070799879e-01	1.581632653061219862e-01	2.219394155945447755e-01	2.219394155945447755e-01	1.973244147157189876e-01	2.219394155945447755e-01	3.103448275862070171e-01	2.955665024630539928e-01	1.557377049180329875e-01	4.612794612794610116e-01	2.219394155945447755e-01	3.099630996309959974e-01	1.916376306620209968e-01	2.200000000000000011e-01	2.261580381471390011e-01	6.410256410256410034e-03	2.219394155945447755e-01	1.857142857142859982e-01	3.708333333333330151e-01	2.219394155945447755e-01	2.647058823529410132e-01	2.605863192182409915e-01	2.312138728323699932e-01	6.941747572815529788e-01	1.705426356589150039e-01	2.017167381974249996e-01	1.466165413533830064e-01	2.219394155945447755e-01	2.219394155945447755e-01	2.551440329218109815e-01	2.763819095477390020e-01	2.586206896551719869e-01	2.705882352941180180e-01	2.219394155945447755e-01	4.107142857142859760e-01	4.646464646464649739e-01	2.219394155945447755e-01	2.219394155945447755e-01	3.961352657004830191e-01	2.653061224489799974e-01	3.734439834024900207e-01	2.219394155945447755e-01	2.242647058823530049e-01	3.140495867768600124e-01	2.219394155945447755e-01	2.250000000000000056e-01	3.502109704641350185e-01	3.881278538812790169e-01	2.386363636363640073e-01	3.161764705882350035e-01	3.468634686346859786e-01	1.965065502183409862e-01	1.971830985915490053e-01	2.219394155945447755e-01	2.527881040892189790e-01	2.941176470588239833e-01	2.219394155945447755e-01	3.493449781659390130e-01
3.657407407407409772e-01	1.402877697841730109e-01	2.099999999999999922e-01	2.219394155945447755e-01	1.900452488687779939e-01	1.499999999999999944e-01	1.551724137931030090e-01	2.219394155945447755e-01	2.280000000000000082e-01	3.675889328063239869e-01	3.145161290322580072e-01	1.000000000000000000e+00	2.781690140845070047e-01	2.219394155945447755e-01	2.219394155945447755e-01	1.883408071748879919e-01	2.219394155945447755e-01	2.219394155945447755e-01	3.318385650224219829e-01	3.946188340807170181e-01	2.964071856287430196e-01	4.695652173913040239e-01	4.449339207048459977e-01	2.219394155945447755e-01	2.079207920792079944e-01	2.625899280575539896e-01	2.398190045248869973e-01	2.862595419847330236e-01	2.274509803921569984e-01	2.173913043478259977e-01	2.033195020746889903e-01	2.219394155945447755e-01	2.219394155945447755e-01	2.236842105263160130e-01	2.219394155945447755e-01	4.913793103448280131e-01	2.886178861788620265e-01	2.219394155945447755e-01	2.219394155945447755e-01	2.476780185758510056e-01	1.655844155844160004e-01	1.369863013698630061e-01	2.219394155945447755e-01	1.887417218543049890e-01	2.352941176470589868e-01	1.859756097560980037e-01	2.700421940928269815e-01	2.218543046357620008e-01	2.445255474452550093e-01	2.219394155945447755e-01	2.187500000000000000e-01	3.228070175438599865e-01	8.247422680412369589e-02	2.258064516129029975e-01	2.045454545454550022e-01	1.330645161290320011e-01	2.673992673992670044e-01	6.046511627906980130e-02	1.617021276595740076e-01	1.468253968253969977e-01	1.505376344086019891e-01	1.769547325102880098e-01	2.219394155945447755e-01	8.433734939759039706e-02	1.691842900302109876e-01	3.174603174603169986e-01	2.301886792452829955e-01	1.036036036036040026e-01	2.319819819819819995e-01	1.971830985915490053e-01	1.640866873065019993e-01	8.921933085501859706e-02	3.819742489270390173e-01	1.757322175732219938e-01	2.219394155945447755e-01	3.573573573573570195e-01	1.964285714285710083e-01	2.219394155945447755e-01	1.881188118811880083e-01	1.803713527851459886e-01	2.479999999999999982e-01	1.744186046511629964e-02	1.555555555555560021e-01	1.475409836065570135e-01	2.804428044280439791e-01	6.467661691542289648e-02	3.991228070175439901e-01	3.149350649350650122e-01	2.287234042553190072e-01	2.219394155945447755e-01	2.219394155945447755e-01	2.219394155945447755e-01	2.219394155945447755e-01	1.849056603773580054e-01	1.957446808510640013e-01	3.347107438016529990e-01	2.142857142857139963e-01	2.219394155945447755e-01	2.084805653710249951e-01	2.219394155945447755e-01	2.219394155945447755e-01	2.219394155945447755e-01	1.718213058419240102e-01	2.219394155945447755e-01	2.685950413223139877e-01	2.103321033210329982e-01	2.219394155945447755e-01	1.944444444444440034e-01	2.229965156794430081e-01	2.727272727272729846e-01	2.219394155945447755e-01	2.219394155945447755e-01	3.100775193798450124e-01	4.000000000000000222e-01	1.694915254237290003e-01	3.772893772893770037e-01	2.219394155945447755e-01	2.219394155945447755e-01	1.973244147157189876e-01	2.219394155945447755e-01	2.157534246575339987e-01	2.219394155945447755e-01	2.219394155945447755e-01	1.805054151624549963e-01
