1.000000000000000000e+00	7.702821398194510394e-01	0.000000000000000000e+00	0.000000000000000000e+00	4.341498362413109824e-01	7.174778205019860522e-01	6.471905558386189528e-01	5.935526861071790394e-01	4.968202942154499868e-01	5.227844941051740246e-01	7.243107863100679555e-01	7.308738226118319803e-01	7.576396657645170230e-01	0.000000000000000000e+00	6.016173831843020237e-01	8.157283206195869996e-01	7.746235881974440352e-01	7.231021040199570038e-01	7.819095560968839509e-01	6.727935011811430055e-01	0.000000000000000000e+00	0.000000000000000000e+00	6.789140853793089736e-01	7.826637591530459792e-01	6.320570650614529828e-01	6.600401295458100392e-01	0.000000000000000000e+00	0.000000000000000000e+00	7.260957859046389684e-01	0.000000000000000000e+00	6.700253456698129773e-01	0.000000000000000000e+00	7.977981462688740200e-01	4.527247281119259892e-01	0.000000000000000000e+00	0.000000000000000000e+00	0.000000000000000000e+00	7.417517933003680008e-01	1.182828386160360012e-01	7.210325231693690551e-01	7.686390364260450303e-01	6.572598187610849685e-01	6.863961728999989909e-01	2.710278914776019787e-01	0.000000000000000000e+00	0.000000000000000000e+00	0.000000000000000000e+00	6.713338284804980516e-01	7.007039326226499609e-01	0.000000000000000000e+00	0.000000000000000000e+00	6.863227503893739589e-01	7.393617577152089559e-01	7.532620934757739972e-01	2.764756949380420270e-01	7.466131098307869918e-01	0.000000000000000000e+00	7.674784351655989934e-01	0.000000000000000000e+00	6.820823502048799503e-01	7.116629718595030019e-01	0.000000000000000000e+00	6.851046853613079746e-01	5.952961800309970464e-01	5.202713731730510549e-01	1.120682875255129968e-01	0.000000000000000000e+00	0.000000000000000000e+00	7.299640637216010530e-01	2.072511417857859917e-01	7.666098411697890302e-01	3.426781967828830266e-01	0.000000000000000000e+00	7.567174118060729926e-01	6.826812756494650136e-01	7.081627040438609466e-01	6.933773897001349606e-01	0.000000000000000000e+00	0.000000000000000000e+00	7.243965166967990532e-01	6.055856484723299848e-01	0.000000000000000000e+00	0.000000000000000000e+00	2.612045643459440236e-01	6.885409985046869741e-01	2.726606967097329748e-01	7.211532387931000043e-01	6.986689760132609450e-01	1.000000000000000021e-03	0.000000000000000000e+00	7.193990442846209810e-01	7.460539148887960215e-01	6.983543977502140176e-01	6.770314243464420345e-01	4.126007892466819760e-01	6.899224762390580024e-01	0.000000000000000000e+00	6.958246838506090270e-01	6.935117203803220151e-03	7.413175822693740535e-01	0.000000000000000000e+00	0.000000000000000000e+00	6.736122754736190155e-01	6.030472217899309761e-01	0.000000000000000000e+00	7.390689982537830272e-01	7.321701915903949809e-01	7.007015271167970072e-01	7.994957844822420112e-01	0.000000000000000000e+00	6.683171824205069722e-01	0.000000000000000000e+00	0.000000000000000000e+00	7.834395606193780282e-01	0.000000000000000000e+00	7.619648536881860057e-01	0.000000000000000000e+00	7.636513643991810207e-01	0.000000000000000000e+00	7.156626353499739857e-01	7.478848335259460356e-01	0.000000000000000000e+00	6.789026612326629628e-01	0.000000000000000000e+00
7.702821398194510394e-01	1.000000000000000000e+00	7.146718731509189571e-01	7.175132848387799633e-01	4.290250845055820217e-01	7.072813206679160469e-01	6.386683497488350181e-01	5.879543395358149960e-01	4.929443802439140154e-01	5.166088641646889856e-01	0.000000000000000000e+00	0.000000000000000000e+00	0.000000000000000000e+00	6.697310226315269510e-01	5.944824454912379652e-01	0.000000000000000000e+00	0.000000000000000000e+00	7.097937765394529697e-01	0.000000000000000000e+00	0.000000000000000000e+00	6.696818956107030152e-01	7.669976955460070522e-01	0.000000000000000000e+00	0.000000000000000000e+00	6.238506692812180177e-01	6.491293789154829463e-01	1.843421573219249932e-01	0.000000000000000000e+00	0.000000000000000000e+00	6.356146464214690317e-01	0.000000000000000000e+00	7.768975288603140461e-01	7.875412513227260103e-01	4.434884355028230196e-01	0.000000000000000000e+00	6.619276896899829454e-01	0.000000000000000000e+00	7.324496266901260322e-01	1.161327150835280014e-01	0.000000000000000000e+00	0.000000000000000000e+00	6.479139494860990389e-01	0.000000000000000000e+00	0.000000000000000000e+00	5.356105378289479635e-01	7.329999438430220282e-01	5.361409510392920463e-01	0.000000000000000000e+00	6.898825042176659483e-01	6.977816467544180057e-01	6.519319481042079589e-01	6.799596415904709534e-01	0.000000000000000000e+00	7.390498320332500315e-01	0.000000000000000000e+00	7.357631087023740468e-01	6.864355785494640205e-01	0.000000000000000000e+00	7.695332072293800119e-01	0.000000000000000000e+00	0.000000000000000000e+00	4.862123985937710224e-01	6.786102729968489511e-01	5.867121894194740062e-01	0.000000000000000000e+00	0.000000000000000000e+00	7.088209727092430468e-01	6.419641848905449644e-02	0.000000000000000000e+00	0.000000000000000000e+00	0.000000000000000000e+00	0.000000000000000000e+00	7.612591398681679555e-01	7.435749637020250269e-01	0.000000000000000000e+00	6.949744146055060190e-01	6.826873840764059453e-01	0.000000000000000000e+00	0.000000000000000000e+00	0.000000000000000000e+00	6.041908476553989882e-01	2.858936423650100256e-01	0.000000000000000000e+00	2.598503971888729835e-01	6.829558773496470225e-01	2.694863783382719924e-01	7.076981173076329901e-01	0.000000000000000000e+00	0.000000000000000000e+00	4.758120530865710129e-02	7.088797338651710023e-01	7.393946275371300336e-01	6.895570817690429566e-01	6.683127436342070071e-01	0.000000000000000000e+00	6.808006479895639673e-01	6.815450880159810154e-01	0.000000000000000000e+00	0.000000000000000000e+00	7.303531263597470291e-01	0.000000000000000000e+00	6.797432132471999955e-01	6.654205654789300262e-01	5.963934272533339964e-01	7.359004861389130125e-01	7.246712689573829858e-01	0.000000000000000000e+00	6.929626420563209654e-01	7.909765444038070470e-01	0.000000000000000000e+00	6.577416727316189871e-01	0.000000000000000000e+00	6.735398639830779688e-01	7.749014663008000348e-01	7.575759981220639983e-01	0.000000000000000000e+00	7.550628155631400329e-01	0.000000000000000000e+00	7.577612576955810031e-01	7.053429083314319836e-01	7.312004819011489465e-01	7.491549730135129703e-01	6.705632245138889447e-01	6.633013771116610391e-01
0.000000000000000000e+00	7.146718731509189571e-01	1.000000000000000000e+00	0.000000000000000000e+00	4.072881635445240178e-01	6.690794332888649887e-01	6.000159170051769797e-01	0.000000000000000000e+00	4.686573367511300270e-01	4.905891070089329897e-01	6.742569385090110279e-01	6.814093762837289958e-01	0.000000000000000000e+00	0.000000000000000000e+00	5.598096680299869954e-01	7.529532282222319850e-01	0.000000000000000000e+00	6.704978382068069731e-01	7.284911180288700105e-01	6.275655552646950408e-01	6.313502420584770070e-01	0.000000000000000000e+00	0.000000000000000000e+00	0.000000000000000000e+00	5.892050722143939989e-01	0.000000000000000000e+00	1.749598210666810094e-01	3.847568015339289937e-01	0.000000000000000000e+00	6.040679760772780238e-01	6.239983063351800530e-01	7.328493945191479897e-01	7.410390656815030175e-01	4.229973910132879822e-01	7.205241361425199775e-01	6.289693426392040099e-01	6.536770317232140082e-01	6.897582200481829906e-01	1.116636782561129942e-01	6.732300182554690204e-01	7.150140052435790539e-01	6.136493075682240006e-01	0.000000000000000000e+00	2.527352821356559920e-01	5.060912472089700298e-01	6.927785776217380009e-01	0.000000000000000000e+00	0.000000000000000000e+00	6.520613480199890510e-01	6.576369647700960330e-01	6.168275836602510331e-01	6.381435989157919764e-01	0.000000000000000000e+00	7.031178878444760416e-01	0.000000000000000000e+00	0.000000000000000000e+00	6.508077880069640386e-01	7.133407185722060451e-01	7.233797437393310048e-01	6.346830053091260249e-01	0.000000000000000000e+00	4.642366022828159910e-01	6.418655846541519994e-01	0.000000000000000000e+00	0.000000000000000000e+00	1.062852508265350049e-01	0.000000000000000000e+00	6.113756868373920045e-02	6.783281203060219644e-01	1.936690708919679982e-01	7.108840612498019684e-01	3.254492742305800101e-01	7.189919706166280067e-01	7.012038726365820152e-01	6.359239757461649933e-01	6.557439666194310179e-01	0.000000000000000000e+00	0.000000000000000000e+00	0.000000000000000000e+00	6.779910524689910511e-01	5.675342610075799765e-01	2.739893048991369762e-01	4.649593417007830132e-01	2.461249063054209985e-01	6.469118202889909686e-01	0.000000000000000000e+00	0.000000000000000000e+00	0.000000000000000000e+00	1.000000000000000021e-03	0.000000000000000000e+00	0.000000000000000000e+00	6.921732841718809537e-01	6.523514513053639829e-01	0.000000000000000000e+00	3.876259771487010064e-01	6.455017915091300074e-01	0.000000000000000000e+00	6.438014821108489771e-01	6.607449706374699666e-03	6.899145151588199631e-01	4.238195541634339758e-01	0.000000000000000000e+00	6.260150427090720449e-01	5.683534397294780494e-01	6.942494448101149684e-01	0.000000000000000000e+00	6.815749849609490374e-01	0.000000000000000000e+00	7.420427843935299972e-01	0.000000000000000000e+00	0.000000000000000000e+00	5.727758638992710427e-01	6.324812969335550372e-01	7.269875936050409493e-01	7.199109941187189499e-01	0.000000000000000000e+00	7.133060471004950553e-01	0.000000000000000000e+00	7.166629298313049734e-01	6.643044524332679668e-01	6.912363936629090100e-01	7.053641788486130215e-01	6.313498209301350306e-01	0.000000000000000000e+00
0.000000000000000000e+00	7.175132848387799633e-01	0.000000000000000000e+00	1.000000000000000000e+00	4.136119415015029888e-01	0.000000000000000000e+00	6.105769772664459971e-01	5.586629515005130386e-01	4.678323308259410007e-01	4.876625360214850158e-01	6.732759427680640174e-01	6.829102997180339640e-01	7.065626067936200405e-01	6.376614475081460176e-01	5.682077503160649634e-01	7.581793082292950237e-01	7.230650210807040290e-01	6.734009033609750228e-01	7.335585176992970302e-01	6.278754886728780127e-01	0.000000000000000000e+00	0.000000000000000000e+00	6.358351138811300096e-01	7.323424661669239999e-01	5.961177493950140516e-01	0.000000000000000000e+00	1.779626335156500039e-01	3.934888933612299966e-01	6.755098071898300027e-01	0.000000000000000000e+00	6.296116294949920533e-01	7.347119732619049604e-01	7.443704105300119611e-01	0.000000000000000000e+00	7.298112360121159492e-01	0.000000000000000000e+00	6.564012328767699911e-01	0.000000000000000000e+00	0.000000000000000000e+00	6.784062277239719663e-01	7.164894298406819795e-01	6.198618210993469546e-01	0.000000000000000000e+00	2.575252997326289983e-01	5.055573742637650136e-01	0.000000000000000000e+00	0.000000000000000000e+00	6.374204431573790020e-01	0.000000000000000000e+00	0.000000000000000000e+00	6.208115190257840199e-01	6.445216061134909635e-01	6.888494044613630019e-01	7.038860315779550403e-01	2.605608594673999856e-01	6.986772255459100522e-01	0.000000000000000000e+00	0.000000000000000000e+00	7.255561868399520442e-01	6.374584376017430332e-01	0.000000000000000000e+00	4.653842821778810257e-01	6.425656552863530102e-01	5.519269934836580349e-01	0.000000000000000000e+00	0.000000000000000000e+00	0.000000000000000000e+00	6.159465045766159691e-02	6.830063168222160197e-01	1.960415583892670122e-01	7.153343980490769471e-01	3.225564312558429902e-01	7.228272947740199683e-01	7.053736393238669855e-01	6.397561097017370191e-01	6.600293935423859892e-01	0.000000000000000000e+00	0.000000000000000000e+00	6.340601524403649547e-01	6.788923863074789455e-01	5.737308821487470123e-01	0.000000000000000000e+00	0.000000000000000000e+00	2.548036529030309749e-01	0.000000000000000000e+00	2.585407548521910237e-01	0.000000000000000000e+00	6.569569042514159518e-01	1.000000000000000021e-03	4.532252558156499994e-02	6.682414212785090513e-01	0.000000000000000000e+00	0.000000000000000000e+00	6.320959878395759901e-01	0.000000000000000000e+00	6.497952589783879684e-01	6.428401309412760112e-01	6.474095625296240053e-01	6.867193077526790278e-03	0.000000000000000000e+00	4.279802320577190122e-01	0.000000000000000000e+00	6.263437565001319651e-01	5.660535745350180337e-01	6.971111248387760195e-01	6.912460641347020207e-01	6.898800582859210273e-01	0.000000000000000000e+00	0.000000000000000000e+00	6.598729931153850536e-01	0.000000000000000000e+00	5.782356836000449585e-01	6.403515323615329713e-01	0.000000000000000000e+00	0.000000000000000000e+00	0.000000000000000000e+00	7.146428547080609928e-01	7.149291748286310533e-01	7.203626642334129970e-01	6.734290942631819821e-01	0.000000000000000000e+00	7.113159126399970500e-01	0.000000000000000000e+00	6.243139630961810349e-01
4.341498362413109824e-01	4.290250845055820217e-01	4.072881635445240178e-01	4.136119415015029888e-01	9.999999999999900080e-01	4.035421711339299833e-01	0.000000000000000000e+00	0.000000000000000000e+00	0.000000000000000000e+00	0.000000000000000000e+00	4.103573089443929844e-01	4.108960151589879928e-01	4.268231068611639811e-01	3.922057625624840171e-01	0.000000000000000000e+00	0.000000000000000000e+00	0.000000000000000000e+00	4.095128129697099828e-01	0.000000000000000000e+00	3.799985594120040000e-01	3.825555383183609770e-01	0.000000000000000000e+00	0.000000000000000000e+00	4.401885990299380103e-01	3.653789147960619932e-01	3.807313800959130079e-01	0.000000000000000000e+00	2.514057741215999786e-01	4.104601993174140095e-01	0.000000000000000000e+00	3.849973474193830181e-01	4.440445060498329766e-01	4.456341986822829893e-01	2.670269001595130254e-01	0.000000000000000000e+00	3.816031344309330220e-01	0.000000000000000000e+00	4.139662458726420247e-01	7.509821708335709389e-02	0.000000000000000000e+00	0.000000000000000000e+00	3.786702834206340240e-01	0.000000000000000000e+00	1.630023731877350002e-01	3.151990921806819834e-01	0.000000000000000000e+00	3.189419869362700166e-01	3.850387881033289772e-01	3.981639605519090019e-01	4.014523899325310174e-01	3.755608836969689945e-01	3.925345359957519986e-01	0.000000000000000000e+00	0.000000000000000000e+00	0.000000000000000000e+00	4.237117080613009845e-01	3.973689641219619872e-01	4.314483032546119756e-01	4.361311797642560273e-01	3.838780361331600166e-01	4.037201965776959778e-01	0.000000000000000000e+00	3.906866035789500202e-01	3.415438595585260084e-01	0.000000000000000000e+00	7.438307828690819690e-02	0.000000000000000000e+00	4.395949593909490027e-02	4.185204738421919868e-01	1.288164266461170049e-01	4.340718513023120173e-01	2.026605465405889872e-01	4.337795849944049986e-01	0.000000000000000000e+00	3.869306021498780113e-01	4.006356608822589926e-01	3.868872596756339766e-01	4.134615679779979902e-01	0.000000000000000000e+00	4.115720752978300201e-01	3.495894315064390079e-01	1.783118844651890023e-01	2.897748617237470015e-01	0.000000000000000000e+00	3.860659167989879959e-01	0.000000000000000000e+00	0.000000000000000000e+00	3.957803256860810137e-01	1.000000000000000021e-03	3.654365420637369771e-02	0.000000000000000000e+00	4.175024493051630037e-01	0.000000000000000000e+00	3.860884178822969748e-01	0.000000000000000000e+00	3.905375056737239725e-01	3.905676536861160120e-01	3.980284153759829913e-01	0.000000000000000000e+00	0.000000000000000000e+00	0.000000000000000000e+00	3.847045264380840046e-01	3.857335577629970036e-01	3.422720364067369792e-01	4.205695755498279897e-01	0.000000000000000000e+00	4.182779720612440078e-01	0.000000000000000000e+00	4.469827514741490093e-01	4.011683802909030150e-01	3.798673851801139811e-01	3.546097572307529977e-01	3.840873558589130154e-01	4.416547927978130006e-01	4.341331407620260263e-01	0.000000000000000000e+00	4.356234371810839834e-01	4.298829500426529782e-01	4.306953260675610018e-01	4.007422400498569792e-01	4.209792769076660113e-01	4.295632201176439735e-01	3.908906314187389763e-01	0.000000000000000000e+00
7.174778205019860522e-01	7.072813206679160469e-01	6.690794332888649887e-01	0.000000000000000000e+00	4.035421711339299833e-01	1.000000000000000000e+00	5.987564051324769654e-01	0.000000000000000000e+00	4.617691114520500184e-01	4.886464245411890062e-01	6.684642089342069937e-01	6.713959968234759490e-01	7.005622396729630497e-01	0.000000000000000000e+00	5.623491401906010045e-01	7.483691048406939661e-01	0.000000000000000000e+00	0.000000000000000000e+00	7.226277815594539522e-01	6.228960694412669641e-01	6.220068170959990317e-01	7.206051859004229954e-01	6.281277065640580304e-01	7.241614404834200158e-01	5.932297357340340360e-01	6.099438359319959702e-01	0.000000000000000000e+00	3.865071889561559892e-01	6.659773234358330463e-01	6.035628674469689647e-01	0.000000000000000000e+00	0.000000000000000000e+00	7.377697715459140548e-01	4.207925723560519971e-01	7.136125458125029963e-01	6.170374574440510296e-01	6.469738341505379964e-01	0.000000000000000000e+00	0.000000000000000000e+00	6.724664460445040071e-01	7.094494424678889910e-01	6.085018745795760520e-01	6.344529916217509502e-01	0.000000000000000000e+00	4.997491260320129913e-01	6.876387094980029868e-01	4.995972208035500128e-01	6.223707254618640050e-01	6.488103556505939729e-01	6.503108385123770319e-01	6.128926245775280224e-01	0.000000000000000000e+00	6.801010400625030483e-01	0.000000000000000000e+00	0.000000000000000000e+00	6.909029702025230035e-01	6.465271096391349559e-01	7.094867029558490357e-01	0.000000000000000000e+00	6.294650115854180106e-01	0.000000000000000000e+00	0.000000000000000000e+00	0.000000000000000000e+00	5.463397628550880070e-01	4.765722967253849807e-01	1.069781977531390066e-01	0.000000000000000000e+00	0.000000000000000000e+00	0.000000000000000000e+00	0.000000000000000000e+00	7.147325821167570536e-01	3.175832792423869955e-01	0.000000000000000000e+00	6.955963190013410014e-01	6.302854729118949617e-01	6.520675870039539523e-01	6.424283717665589810e-01	6.797467224112979656e-01	0.000000000000000000e+00	6.741213777080039549e-01	5.595707001117210533e-01	0.000000000000000000e+00	4.694365652206120010e-01	2.434624739098119883e-01	6.390310149778619664e-01	0.000000000000000000e+00	0.000000000000000000e+00	6.494382654340840055e-01	1.000000000000000021e-03	4.543725944324079891e-02	0.000000000000000000e+00	6.911155887538219522e-01	6.453399158044580419e-01	0.000000000000000000e+00	0.000000000000000000e+00	6.376487979330730527e-01	0.000000000000000000e+00	6.422108948596849665e-01	6.672272442916469919e-03	0.000000000000000000e+00	4.194581469733349999e-01	6.421828939599589781e-01	0.000000000000000000e+00	0.000000000000000000e+00	0.000000000000000000e+00	6.832407497421709719e-01	6.760538173209900137e-01	6.548110547440140206e-01	7.373262729455299924e-01	6.530288008832370039e-01	6.154600760307059604e-01	0.000000000000000000e+00	6.327792918992729554e-01	7.269682414823710470e-01	7.081427285830159679e-01	7.083304574950249899e-01	0.000000000000000000e+00	0.000000000000000000e+00	0.000000000000000000e+00	0.000000000000000000e+00	0.000000000000000000e+00	7.001070627429699655e-01	6.278312838016849584e-01	6.166420328967779918e-01
6.471905558386189528e-01	6.386683497488350181e-01	6.000159170051769797e-01	6.105769772664459971e-01	0.000000000000000000e+00	5.987564051324769654e-01	1.000000000000000000e+00	4.997865567985450008e-01	0.000000000000000000e+00	0.000000000000000000e+00	6.036251698929460119e-01	0.000000000000000000e+00	6.345808929848070212e-01	5.695183662601419616e-01	5.049177002804660086e-01	0.000000000000000000e+00	0.000000000000000000e+00	6.026245082526440200e-01	6.559918022036139718e-01	0.000000000000000000e+00	5.633177277558100160e-01	6.489024035945319957e-01	5.706524131727489513e-01	6.559164658479249566e-01	5.308911660527430021e-01	5.573714119794700439e-01	0.000000000000000000e+00	3.517839258200010089e-01	6.104334223010120519e-01	5.478264425749800326e-01	0.000000000000000000e+00	6.558352438856019928e-01	6.678014650089559856e-01	3.836430835404520123e-01	6.476903233016859662e-01	5.663312389368519995e-01	5.838293943154609922e-01	6.173732339550920267e-01	1.026195427582559938e-01	6.071238081767329486e-01	0.000000000000000000e+00	5.565194372705040138e-01	5.741414021934579948e-01	2.293973738921729899e-01	4.557097974349960112e-01	6.218413175998219744e-01	0.000000000000000000e+00	5.630638482381280507e-01	0.000000000000000000e+00	5.896208327406350369e-01	5.549656513504359623e-01	5.758667196642259789e-01	0.000000000000000000e+00	0.000000000000000000e+00	2.361457591273219969e-01	6.264518063762339883e-01	5.895947698803349901e-01	6.394287495664829901e-01	6.486061685961499457e-01	5.708420578132530343e-01	5.960176563618170276e-01	4.227471144564490246e-01	5.795915976662580071e-01	4.981136997104559927e-01	0.000000000000000000e+00	9.758558980258200122e-02	6.011910400806700361e-01	5.735915348036149664e-02	6.114953690987340318e-01	1.752104332303009993e-01	6.389610434716590515e-01	2.927116029455970048e-01	6.470671154006939485e-01	6.299620374351789787e-01	5.739704224384030162e-01	5.907028463066610335e-01	0.000000000000000000e+00	0.000000000000000000e+00	0.000000000000000000e+00	0.000000000000000000e+00	5.136489491801220497e-01	0.000000000000000000e+00	4.229716069998740169e-01	2.266456563255369872e-01	5.769892151493309917e-01	2.320765767162540072e-01	5.990913815860580138e-01	5.878961443814739729e-01	0.000000000000000000e+00	0.000000000000000000e+00	6.020433370964769493e-01	0.000000000000000000e+00	0.000000000000000000e+00	0.000000000000000000e+00	3.478146499714260265e-01	5.826142125025239871e-01	5.820604541834549783e-01	5.804078684705570312e-01	6.650392340364310283e-03	6.236170784496859465e-01	3.847787983960799796e-01	5.742928557282760416e-01	0.000000000000000000e+00	5.127307171400330432e-01	6.222428475160779460e-01	0.000000000000000000e+00	0.000000000000000000e+00	5.857478769079590419e-01	6.676500407560109762e-01	5.919693938965000513e-01	5.599563249833849898e-01	0.000000000000000000e+00	5.768013346881449843e-01	0.000000000000000000e+00	6.390652626731120334e-01	6.392608953856480092e-01	6.418155939053880044e-01	6.369979382938349977e-01	0.000000000000000000e+00	5.938473185618049488e-01	6.174276001523949509e-01	0.000000000000000000e+00	5.674178762064789883e-01	5.587011317586000336e-01
5.935526861071790394e-01	5.879543395358149960e-01	0.000000000000000000e+00	5.586629515005130386e-01	0.000000000000000000e+00	0.000000000000000000e+00	4.997865567985450008e-01	1.000000000000000000e+00	3.890376585099269979e-01	4.091354297240630267e-01	0.000000000000000000e+00	5.578067502417759504e-01	5.776171797392920526e-01	5.250772814794719690e-01	4.728390263258340220e-01	0.000000000000000000e+00	5.921799185122870179e-01	5.504435959123460398e-01	5.955329127400440514e-01	5.190012571817560483e-01	5.152445870934589944e-01	5.918466189018679602e-01	5.206031060448850223e-01	6.005741588836319700e-01	4.854575054920939881e-01	0.000000000000000000e+00	0.000000000000000000e+00	3.245955826131710076e-01	5.497853577383420287e-01	4.960173360516870189e-01	0.000000000000000000e+00	5.993155225577579959e-01	6.067764155801099735e-01	3.555459940489260062e-01	0.000000000000000000e+00	0.000000000000000000e+00	0.000000000000000000e+00	5.660412299066389652e-01	9.772458058797420244e-02	0.000000000000000000e+00	0.000000000000000000e+00	5.067829567768209476e-01	5.220826754737399877e-01	0.000000000000000000e+00	4.187231189446530277e-01	5.712510273294360008e-01	0.000000000000000000e+00	0.000000000000000000e+00	0.000000000000000000e+00	0.000000000000000000e+00	0.000000000000000000e+00	5.252474110789140394e-01	5.623681194999800015e-01	0.000000000000000000e+00	2.192891405882660127e-01	5.742902741774279507e-01	5.295578439208730170e-01	0.000000000000000000e+00	5.950775446767520016e-01	5.212991134421760542e-01	0.000000000000000000e+00	3.813844693573940070e-01	5.260837384068820510e-01	0.000000000000000000e+00	4.016392377221300047e-01	0.000000000000000000e+00	5.541522255049570189e-01	5.394869203077769931e-02	0.000000000000000000e+00	1.641330219649939914e-01	5.873495341151150351e-01	0.000000000000000000e+00	5.905218757135549668e-01	5.750419453777220191e-01	0.000000000000000000e+00	0.000000000000000000e+00	5.283705248161509882e-01	5.607563624814659864e-01	5.158379844834829475e-01	5.571628244967750110e-01	0.000000000000000000e+00	0.000000000000000000e+00	3.896273112551850160e-01	2.118182471991179872e-01	5.265378383629070180e-01	0.000000000000000000e+00	0.000000000000000000e+00	5.341678588331819633e-01	1.000000000000000021e-03	4.216305624675149855e-02	0.000000000000000000e+00	5.705155732529889612e-01	5.342689519048500202e-01	5.159767545701660074e-01	3.215219972454749775e-01	0.000000000000000000e+00	5.279183973627400439e-01	0.000000000000000000e+00	6.196822899642969763e-03	5.712038682964699632e-01	3.562629842863859753e-01	5.291221772620220420e-01	5.138990158048639678e-01	0.000000000000000000e+00	5.707320634310319996e-01	5.647192665763479669e-01	5.611201021378630083e-01	5.393816410330199984e-01	0.000000000000000000e+00	5.418809415380270167e-01	0.000000000000000000e+00	4.726767542802839950e-01	5.260396602689599854e-01	5.981892829623020047e-01	0.000000000000000000e+00	5.820255066556490053e-01	5.852531200513190202e-01	5.880137050333319459e-01	5.882065381456480502e-01	5.492235319894740453e-01	5.680613180823249619e-01	5.797202046815660426e-01	5.185260649920040432e-01	5.139753132970920069e-01
4.968202942154499868e-01	4.929443802439140154e-01	4.686573367511300270e-01	4.678323308259410007e-01	0.000000000000000000e+00	4.617691114520500184e-01	0.000000000000000000e+00	3.890376585099269979e-01	9.999999999999960032e-01	3.516964031844819760e-01	4.675474709784709915e-01	4.669263939108910244e-01	4.853365036524660003e-01	4.478933461366689794e-01	3.936140759867640115e-01	5.172270283111489730e-01	4.968122295550529977e-01	0.000000000000000000e+00	4.994026061801329908e-01	0.000000000000000000e+00	0.000000000000000000e+00	0.000000000000000000e+00	0.000000000000000000e+00	4.986004284810089948e-01	4.129343327839860023e-01	0.000000000000000000e+00	0.000000000000000000e+00	0.000000000000000000e+00	0.000000000000000000e+00	4.211276366972819818e-01	4.380035974087539974e-01	0.000000000000000000e+00	5.105553700738549860e-01	3.014260971653279775e-01	0.000000000000000000e+00	4.346149349260070016e-01	4.548445643821419915e-01	4.787572574593539909e-01	8.284282889888340551e-02	0.000000000000000000e+00	4.954453804805329931e-01	0.000000000000000000e+00	4.433339453994409873e-01	1.850212508184120030e-01	3.584400429891330120e-01	4.811055481447359949e-01	3.574049010905129831e-01	4.339622950400839896e-01	4.558065872892340109e-01	4.617682876755649923e-01	4.280954773629310206e-01	4.390887604111720077e-01	4.718760612821830125e-01	4.842852394363340029e-01	0.000000000000000000e+00	4.796569880323779955e-01	0.000000000000000000e+00	4.901295334018859751e-01	4.975814333245079935e-01	4.437461634282179879e-01	4.545256789976149792e-01	0.000000000000000000e+00	4.433192230900649955e-01	3.846781114615019925e-01	3.438283861247820039e-01	8.188106799047520368e-02	4.613934074989189948e-01	0.000000000000000000e+00	4.704691442503730059e-01	1.441214628967940059e-01	0.000000000000000000e+00	2.310725141178469888e-01	4.966277010290630067e-01	4.795333309356100138e-01	4.385841789486319975e-01	4.563736430589139803e-01	4.415368062237229885e-01	4.791997608898220240e-01	0.000000000000000000e+00	4.646445711263260114e-01	3.963298861132619755e-01	1.959907171948790106e-01	3.238551480669240035e-01	0.000000000000000000e+00	4.454417586131539930e-01	1.876039097476970008e-01	4.619539803505279818e-01	0.000000000000000000e+00	1.000000000000000021e-03	3.854146840000430285e-02	4.636832663574569913e-01	4.757672139834629998e-01	0.000000000000000000e+00	4.357328681426900219e-01	2.737855066352339883e-01	4.442558136605109786e-01	4.444179213415749841e-01	4.463615361413210136e-01	5.811315736274629863e-03	4.783955704677599896e-01	2.979076955654980097e-01	4.388374654581729817e-01	0.000000000000000000e+00	3.959334778724559745e-01	4.784576958485869946e-01	0.000000000000000000e+00	4.667843983795110230e-01	4.498949467820569925e-01	5.122885924410519598e-01	4.562815663617100226e-01	4.335305864702599932e-01	4.063262653060369933e-01	0.000000000000000000e+00	4.991865997590059778e-01	0.000000000000000000e+00	4.898928611629380092e-01	4.940116189391259849e-01	0.000000000000000000e+00	4.931037424174269934e-01	0.000000000000000000e+00	4.775603417737450118e-01	0.000000000000000000e+00	0.000000000000000000e+00	4.283561731339750045e-01
5.227844941051740246e-01	5.166088641646889856e-01	4.905891070089329897e-01	4.876625360214850158e-01	0.000000000000000000e+00	4.886464245411890062e-01	0.000000000000000000e+00	4.091354297240630267e-01	3.516964031844819760e-01	9.999999999999980016e-01	4.900840276683749996e-01	4.913451475670390090e-01	0.000000000000000000e+00	4.628172419180680008e-01	4.177906582811070080e-01	5.430085489038259938e-01	0.000000000000000000e+00	0.000000000000000000e+00	5.281604901660319484e-01	0.000000000000000000e+00	4.577388145568849764e-01	5.199228286338910543e-01	4.599777029982309862e-01	5.282024232493399696e-01	0.000000000000000000e+00	0.000000000000000000e+00	1.372277016535269900e-01	2.925434923510940033e-01	4.914474446022280008e-01	4.416755314371170194e-01	0.000000000000000000e+00	5.272623212871869747e-01	5.372237150867730238e-01	0.000000000000000000e+00	5.172841937538059653e-01	0.000000000000000000e+00	4.770517087917179877e-01	5.024312948300110326e-01	8.786135047014080601e-02	0.000000000000000000e+00	0.000000000000000000e+00	4.478193750264389816e-01	0.000000000000000000e+00	0.000000000000000000e+00	3.704574746090180115e-01	0.000000000000000000e+00	3.732288427355279770e-01	0.000000000000000000e+00	4.723205178775660151e-01	0.000000000000000000e+00	4.522350141794019840e-01	0.000000000000000000e+00	4.987928691340129950e-01	0.000000000000000000e+00	1.953131366780339884e-01	5.023210161946070063e-01	0.000000000000000000e+00	0.000000000000000000e+00	5.202474169755439970e-01	4.605063300062989806e-01	4.815816455341729863e-01	3.471211194293890023e-01	4.656356417106110035e-01	4.065226951776150233e-01	3.544956503521020097e-01	8.416088328318580003e-02	4.857860093050809791e-01	0.000000000000000000e+00	4.917529828983849827e-01	0.000000000000000000e+00	0.000000000000000000e+00	0.000000000000000000e+00	5.235110783876859575e-01	5.084648721393250081e-01	4.634506726021370149e-01	4.832829949385459845e-01	0.000000000000000000e+00	4.975355487332980275e-01	4.632384003253550153e-01	0.000000000000000000e+00	4.167775197393829845e-01	2.015538042292799870e-01	3.422126383005060224e-01	0.000000000000000000e+00	4.653146352950590092e-01	0.000000000000000000e+00	4.823356934265849993e-01	4.717936195558929957e-01	1.000000000000000021e-03	3.667728147191429838e-02	4.875124000785119871e-01	4.995871324911529965e-01	0.000000000000000000e+00	0.000000000000000000e+00	2.838586166370469788e-01	0.000000000000000000e+00	4.643905882335819801e-01	0.000000000000000000e+00	5.908534455936289599e-03	0.000000000000000000e+00	3.168550931617979960e-01	0.000000000000000000e+00	4.588445211581900218e-01	4.125974467938030021e-01	5.073901014510739937e-01	0.000000000000000000e+00	4.951354347270809919e-01	4.778831200763690168e-01	5.376490259192560073e-01	4.755127192400199765e-01	4.508212668420170099e-01	0.000000000000000000e+00	0.000000000000000000e+00	5.269665478641210044e-01	5.182046049951020139e-01	5.164793121203810067e-01	5.196233218504090479e-01	5.115103917580170467e-01	0.000000000000000000e+00	4.797508696273040107e-01	5.012516920402609877e-01	5.118926314259100163e-01	0.000000000000000000e+00	4.541260063300430194e-01
7.243107863100679555e-01	0.000000000000000000e+00	6.742569385090110279e-01	6.732759427680640174e-01	4.103573089443929844e-01	6.684642089342069937e-01	6.036251698929460119e-01	0.000000000000000000e+00	4.675474709784709915e-01	4.900840276683749996e-01	1.000000000000000000e+00	0.000000000000000000e+00	7.054684312994380369e-01	6.376492937346289747e-01	5.644906659621079514e-01	7.555594715297530017e-01	7.209878367545720090e-01	6.728263238490179710e-01	7.292457193751069600e-01	6.303138332157830481e-01	6.266873654324810472e-01	7.228588910719629945e-01	6.330765680674660389e-01	7.299870660432510316e-01	5.881085289544190076e-01	0.000000000000000000e+00	1.756314258348130042e-01	3.869711779956709896e-01	0.000000000000000000e+00	6.002904048985420182e-01	6.229376491878210187e-01	0.000000000000000000e+00	7.441181779230979787e-01	4.260086919398979877e-01	0.000000000000000000e+00	6.211586512732679699e-01	6.564512619804090399e-01	6.916884498402899872e-01	1.111241850953469945e-01	6.748351738869989846e-01	0.000000000000000000e+00	0.000000000000000000e+00	0.000000000000000000e+00	2.484372506683920068e-01	0.000000000000000000e+00	6.999926599096180091e-01	0.000000000000000000e+00	6.248329183448320112e-01	6.527860184306399915e-01	6.619378850185519969e-01	6.189415755600480296e-01	6.397737554908230484e-01	6.862692546444489894e-01	7.000142466688720200e-01	0.000000000000000000e+00	6.968471661382069637e-01	6.480310886680199500e-01	0.000000000000000000e+00	7.272955898921149576e-01	6.342517111263179519e-01	6.599951678456149606e-01	0.000000000000000000e+00	0.000000000000000000e+00	0.000000000000000000e+00	4.792810703010240148e-01	0.000000000000000000e+00	6.716155840429569590e-01	0.000000000000000000e+00	6.786925528369690541e-01	1.940721700297690089e-01	7.169091503502890150e-01	0.000000000000000000e+00	7.172724408835150500e-01	0.000000000000000000e+00	6.381405069974429578e-01	6.553758248050860491e-01	6.409809242978889987e-01	6.846338644788779737e-01	0.000000000000000000e+00	6.753325315746250279e-01	5.659892160460799904e-01	2.720336202600849851e-01	0.000000000000000000e+00	2.475003037117070037e-01	0.000000000000000000e+00	2.542745188945069734e-01	6.664556632975749961e-01	6.505174724471299852e-01	1.000000000000000021e-03	0.000000000000000000e+00	6.665915084135639601e-01	0.000000000000000000e+00	6.533154567496639586e-01	0.000000000000000000e+00	0.000000000000000000e+00	6.418667961647399611e-01	0.000000000000000000e+00	6.430848860990699967e-01	6.747591351319970343e-03	0.000000000000000000e+00	4.225183033844829850e-01	6.410551379833330232e-01	6.300033218172399474e-01	5.635441533576680539e-01	0.000000000000000000e+00	6.849989568238969984e-01	0.000000000000000000e+00	6.544654770000940536e-01	7.431024594678879991e-01	6.599171674124070242e-01	6.214083618384099728e-01	5.718236139819600217e-01	6.349012208930829848e-01	7.269543744655070361e-01	7.144369679070600165e-01	7.088898778938169665e-01	0.000000000000000000e+00	0.000000000000000000e+00	7.145058969803189663e-01	6.641357280428540344e-01	0.000000000000000000e+00	7.069012872236990486e-01	0.000000000000000000e+00	0.000000000000000000e+00
7.308738226118319803e-01	0.000000000000000000e+00	6.814093762837289958e-01	6.829102997180339640e-01	4.108960151589879928e-01	6.713959968234759490e-01	0.000000000000000000e+00	5.578067502417759504e-01	4.669263939108910244e-01	4.913451475670390090e-01	0.000000000000000000e+00	1.000000000000000000e+00	7.106478758067420465e-01	6.374716450125079703e-01	0.000000000000000000e+00	7.608786203071460363e-01	7.255381269806100430e-01	6.763225380765069961e-01	0.000000000000000000e+00	6.297405701579330550e-01	6.361439194571040234e-01	7.263736667447340256e-01	6.427683417513699871e-01	0.000000000000000000e+00	5.985493082285719968e-01	6.200979046100859593e-01	1.773201552549570070e-01	3.864423803836529725e-01	6.790861959436990114e-01	6.106236807583520498e-01	6.316748749697650434e-01	0.000000000000000000e+00	7.481866180986189718e-01	4.243527789294360142e-01	7.249708678671430429e-01	6.319993607493149534e-01	6.604607054599960225e-01	0.000000000000000000e+00	0.000000000000000000e+00	0.000000000000000000e+00	7.234509252052300221e-01	0.000000000000000000e+00	0.000000000000000000e+00	0.000000000000000000e+00	5.053951912630080257e-01	7.059829732700889648e-01	0.000000000000000000e+00	6.288938391955140039e-01	6.607565181794560205e-01	0.000000000000000000e+00	0.000000000000000000e+00	6.436844033799199449e-01	6.914592290853690537e-01	0.000000000000000000e+00	0.000000000000000000e+00	0.000000000000000000e+00	6.546322817902330282e-01	7.224264046447550491e-01	7.290977202369379739e-01	6.381730607309750170e-01	0.000000000000000000e+00	0.000000000000000000e+00	6.455019030051609707e-01	0.000000000000000000e+00	0.000000000000000000e+00	1.065665387937879960e-01	6.754432663166269890e-01	0.000000000000000000e+00	6.839329073069539966e-01	1.972353126051029915e-01	0.000000000000000000e+00	3.259119126363039798e-01	0.000000000000000000e+00	7.035424528223890306e-01	6.393047061912570106e-01	0.000000000000000000e+00	6.493082342909429761e-01	6.923196963972180207e-01	6.419759600165370061e-01	6.806486813930550106e-01	0.000000000000000000e+00	2.722010474312249739e-01	0.000000000000000000e+00	2.476124572866660045e-01	6.449729401759120018e-01	0.000000000000000000e+00	6.731418101122309539e-01	6.606433665451539872e-01	1.000000000000000021e-03	4.650235836889349966e-02	6.759037539269100447e-01	6.949817431897139519e-01	6.565583187399659515e-01	6.332079010480969883e-01	0.000000000000000000e+00	6.507963117973970535e-01	6.487954235605940534e-01	6.555777285566070089e-01	6.717209428885480109e-03	0.000000000000000000e+00	4.299142529189989848e-01	0.000000000000000000e+00	0.000000000000000000e+00	0.000000000000000000e+00	7.004072961040930245e-01	0.000000000000000000e+00	0.000000000000000000e+00	0.000000000000000000e+00	0.000000000000000000e+00	6.623813172859299714e-01	0.000000000000000000e+00	5.773819033847480409e-01	6.400617517200579698e-01	0.000000000000000000e+00	0.000000000000000000e+00	7.149153170603419483e-01	7.188537571378590396e-01	0.000000000000000000e+00	7.211161322954220410e-01	0.000000000000000000e+00	6.969632263037159881e-01	0.000000000000000000e+00	0.000000000000000000e+00	0.000000000000000000e+00
