1.000000000000000000e+00	2.000000000000000111e-01	3.423076923076919797e-01	2.660465104325610564e-01	2.660465104325610564e-01	2.660465104325610564e-01	2.660465104325610564e-01	3.629032258064520122e-01	2.660465104325610564e-01	3.195266272189349888e-01	2.660465104325610564e-01	2.660465104325610564e-01	3.445121951219510259e-01	2.660465104325610564e-01	1.322314049586779949e-01	2.660465104325610564e-01	3.048433048433050185e-01	2.660465104325610564e-01	2.660465104325610564e-01	2.660465104325610564e-01	2.660465104325610564e-01	4.270833333333329818e-01	2.660465104325610564e-01	3.455056179775279901e-01	2.660465104325610564e-01	2.660465104325610564e-01	2.660465104325610564e-01	2.660465104325610564e-01	2.660465104325610564e-01	2.660465104325610564e-01	2.750929368029739752e-01	1.915708812260540073e-01	2.660465104325610564e-01	2.660465104325610564e-01	2.660465104325610564e-01	2.660465104325610564e-01	2.660465104325610564e-01	1.985559566786999908e-01	5.016949152542370394e-01	2.660465104325610564e-01	2.435064935064940039e-01	2.660465104325610564e-01	2.660465104325610564e-01	2.506738544474390040e-01	2.660465104325610564e-01	2.056737588652479964e-01	2.660465104325610564e-01	2.660465104325610564e-01	2.660465104325610564e-01	2.660465104325610564e-01	2.660465104325610564e-01	3.224043715846989788e-01	2.660465104325610564e-01	2.660465104325610564e-01	2.660465104325610564e-01	2.660465104325610564e-01	3.521594684385380147e-01	2.026431718061670051e-01	2.660465104325610564e-01	2.660465104325610564e-01	2.660465104325610564e-01	4.159292035398229892e-01	4.257812500000000000e-01	2.660465104325610564e-01	2.660465104325610564e-01	2.744630071599050147e-01	2.660465104325610564e-01	1.926605504587159956e-01	2.206148282097649960e-01	2.660465104325610564e-01	2.660465104325610564e-01	2.500000000000000000e-01	3.875432525951559848e-01	2.538461538461539990e-01	1.572327044025159937e-01	3.857142857142860093e-01	2.399999999999999911e-01	3.067846607669619807e-01	2.115942028985509926e-01	2.628726287262870276e-01	2.660465104325610564e-01	1.081081081081079927e-02	2.660465104325610564e-01	2.336182336182340002e-01	2.716049382716049787e-01	2.660465104325610564e-01	2.660465104325610564e-01	2.660465104325610564e-01	1.703056768558950107e-01	4.392156862745100199e-01	2.660465104325610564e-01	2.660465104325610564e-01	2.660465104325610564e-01	2.660465104325610564e-01	2.660465104325610564e-01	2.660465104325610564e-01	2.660465104325610564e-01	2.247191011235949998e-01	2.812500000000000000e-01	2.660465104325610564e-01	2.192982456140349923e-01	2.660465104325610564e-01	2.560553633217990122e-01	2.660465104325610564e-01	1.479999999999999927e-01	2.660465104325610564e-01	3.239875389408100048e-01	2.660465104325610564e-01	2.660465104325610564e-01	3.483870967741939939e-01	2.660465104325610564e-01	3.154761904761900215e-01	2.660465104325610564e-01	6.666666666666669627e-01	1.944444444444440034e-01	3.354037267080750007e-01	2.660465104325610564e-01	2.564102564102559989e-01	2.660465104325610564e-01	3.515358361774740259e-01	2.660465104325610564e-01	3.080168776371309813e-01	2.660465104325610564e-01	2.660465104325610564e-01
2.000000000000000111e-01	1.000000000000000000e+00	2.660465104325610564e-01	2.660465104325610564e-01	2.660465104325610564e-01	5.149700598802390283e-01	2.660465104325610564e-01	2.660465104325610564e-01	2.660465104325610564e-01	2.660465104325610564e-01	2.660465104325610564e-01	2.196261682242990065e-01	2.518159806295400260e-01	2.660465104325610564e-01	2.660465104325610564e-01	2.660465104325610564e-01	2.660465104325610564e-01	2.660465104325610564e-01	1.600000000000000033e-01	2.660465104325610564e-01	2.234762979683969919e-01	1.965601965601969925e-01	2.660465104325610564e-01	2.660465104325610564e-01	2.387267904509280114e-01	2.565320665083140050e-01	1.636363636363639962e-01	2.011331444759210108e-01	2.357512953367880137e-01	2.660465104325610564e-01	2.660465104325610564e-01	2.660465104325610564e-01	2.660465104325610564e-01	2.454308093994780060e-01	3.008595988538679822e-01	2.660465104325610564e-01	2.660465104325610564e-01	2.660465104325610564e-01	2.597087378640779987e-01	2.431192660550459961e-01	4.479495268138800057e-01	2.660465104325610564e-01	2.812500000000000000e-01	3.602015113350129916e-01	3.697674418604650071e-01	2.660465104325610564e-01	2.660465104325610564e-01	2.660465104325610564e-01	2.660465104325610564e-01	2.202247191011240113e-01	2.551020408163269804e-01	2.416851441241689991e-01	2.693726937269370070e-01	2.857142857142859760e-01	1.634349030470909903e-01	2.412587412587409996e-01	2.660465104325610564e-01	2.660465104325610564e-01	2.660465104325610564e-01	2.269938650306750072e-01	2.660465104325610564e-01	2.374999999999999889e-01	2.660465104325610564e-01	3.986928104575159781e-01	1.594594594594589965e-01	2.660465104325610564e-01	2.135135135135139972e-01	2.262773722627740014e-01	3.605072463768119739e-01	1.517027863777090091e-01	2.811594202898550221e-01	4.627329192546579817e-01	2.660465104325610564e-01	2.660465104325610564e-01	2.660465104325610564e-01	2.302631578947370028e-01	2.660465104325610564e-01	2.211764705882350024e-01	2.660465104325610564e-01	2.660465104325610564e-01	3.886255924170620157e-01	3.816793893129769976e-03	2.660465104325610564e-01	2.660465104325610564e-01	3.118279569892469794e-01	2.380952380952379988e-01	2.526595744680850131e-01	2.660465104325610564e-01	2.660465104325610564e-01	1.876675603217159982e-01	2.660465104325610564e-01	2.660465104325610564e-01	2.660465104325610564e-01	2.485875706214689951e-01	2.116991643454040062e-01	2.660465104325610564e-01	2.660465104325610564e-01	2.660465104325610564e-01	2.660465104325610564e-01	2.660465104325610564e-01	1.132075471698110042e-01	2.660465104325610564e-01	2.660465104325610564e-01	2.660465104325610564e-01	1.134969325153370040e-01	1.700507614213200014e-01	2.309582309582310089e-01	1.818181818181819898e-01	2.660465104325610564e-01	2.660465104325610564e-01	1.226993865030669983e-01	2.821782178217819848e-01	2.000000000000000111e-01	2.630136986301370161e-01	2.660465104325610564e-01	2.463054187192119937e-01	2.264150943396230076e-01	2.660465104325610564e-01	2.423398328690810066e-01	1.829573934837090132e-01	2.660465104325610564e-01	2.660465104325610564e-01	1.949860724233979936e-01	2.100840336134449926e-01
3.423076923076919797e-01	2.660465104325610564e-01	1.000000000000000000e+00	2.660465104325610564e-01	2.076923076923080091e-01	2.379518072289160124e-01	2.660465104325610564e-01	2.660465104325610564e-01	2.660465104325610564e-01	2.660465104325610564e-01	2.660465104325610564e-01	2.708333333333329818e-01	3.396825396825399745e-01	2.660465104325610564e-01	2.660465104325610564e-01	2.083333333333330095e-01	2.988165680473369723e-01	2.660465104325610564e-01	2.660465104325610564e-01	2.660465104325610564e-01	2.660465104325610564e-01	2.660465104325610564e-01	2.660465104325610564e-01	2.660465104325610564e-01	2.660465104325610564e-01	3.353846153846150036e-01	2.660465104325610564e-01	2.660465104325610564e-01	2.660465104325610564e-01	2.782369146005509997e-01	3.499999999999999778e-01	2.660465104325610564e-01	2.660465104325610564e-01	3.498233215547699726e-01	2.660465104325610564e-01	4.084507042253520126e-01	2.660465104325610564e-01	2.933884297520660267e-01	2.660465104325610564e-01	2.660465104325610564e-01	1.741935483870969970e-01	1.601208459214500113e-01	2.759856630824369939e-01	2.660465104325610564e-01	2.443324937027709920e-01	2.251908396946560031e-01	2.660465104325610564e-01	2.660465104325610564e-01	2.660465104325610564e-01	2.660465104325610564e-01	3.549488054607510268e-01	2.660465104325610564e-01	1.913875598086119956e-01	3.609958506224070218e-01	2.660465104325610564e-01	2.660465104325610564e-01	2.660465104325610564e-01	1.869158878504670052e-01	2.370370370370369906e-01	2.655601659751040122e-01	2.660465104325610564e-01	2.660465104325610564e-01	3.622047244094490082e-01	2.660465104325610564e-01	4.152542372881359856e-01	2.842892768079799959e-01	3.208955223880600172e-01	1.871921182266010064e-01	2.330827067669170027e-01	2.590909090909089829e-01	3.045112781954890102e-01	1.713395638629280071e-01	2.660465104325610564e-01	3.644444444444440157e-01	1.633333333333329973e-01	3.625730994152049913e-01	2.660465104325610564e-01	2.887537993920969992e-01	2.660465104325610564e-01	2.956521739130429927e-01	2.493638676844779911e-01	5.988023952095809614e-03	2.660465104325610564e-01	2.034883720930230067e-01	3.505154639175260267e-01	2.660465104325610564e-01	3.146853146853150207e-01	2.660465104325610564e-01	2.028985507246379993e-01	2.660465104325610564e-01	2.167182662538700011e-01	2.660465104325610564e-01	2.100840336134449926e-01	2.660465104325610564e-01	3.333333333333329818e-01	2.660465104325610564e-01	3.215547703180209882e-01	2.660465104325610564e-01	4.270072992700730263e-01	2.660465104325610564e-01	2.660465104325610564e-01	2.660465104325610564e-01	2.660465104325610564e-01	3.571428571428569843e-01	2.660465104325610564e-01	3.260869565217390242e-01	2.660465104325610564e-01	2.588235294117650076e-01	2.660465104325610564e-01	2.586750788643529808e-01	4.338624338624340049e-01	2.660465104325610564e-01	2.660465104325610564e-01	3.505535055350549878e-01	2.660465104325610564e-01	4.270833333333329818e-01	2.660465104325610564e-01	2.660465104325610564e-01	2.660465104325610564e-01	2.660465104325610564e-01	2.386363636363640073e-01	2.660465104325610564e-01	2.996108949416340095e-01	2.660465104325610564e-01
2.660465104325610564e-01	2.660465104325610564e-01	2.660465104325610564e-01	1.000000000000000000e+00	2.192982456140349923e-01	2.660465104325610564e-01	1.681681681681679863e-01	3.656957928802589963e-01	3.241590214067279763e-01	3.250000000000000111e-01	3.209876543209880251e-01	3.910761154855639798e-01	2.660465104325610564e-01	2.995049504950489938e-01	1.893687707641200091e-01	2.660465104325610564e-01	3.316953316953319963e-01	2.578616352201260065e-01	2.660465104325610564e-01	2.792022792022790245e-01	2.660465104325610564e-01	2.924281984334199946e-01	2.660465104325610564e-01	3.341232227488150075e-01	2.660465104325610564e-01	3.948051948051949922e-01	2.327044025157229967e-01	2.660465104325610564e-01	2.660465104325610564e-01	3.064516129032259784e-01	2.861445783132530174e-01	1.126760563380280050e-01	2.660465104325610564e-01	3.002680965147450087e-01	2.554347826086960094e-01	2.660465104325610564e-01	2.660465104325610564e-01	2.660465104325610564e-01	3.274559193954659775e-01	2.761020881670530058e-01	1.822784810126580057e-01	1.791767554479420099e-01	2.785515320334259748e-01	2.660465104325610564e-01	2.660465104325610564e-01	2.660465104325610564e-01	2.660465104325610564e-01	4.063324538258579754e-01	2.660465104325610564e-01	2.660465104325610564e-01	3.089005235602089727e-01	2.660465104325610564e-01	2.660465104325610564e-01	2.660465104325610564e-01	2.660465104325610564e-01	2.660465104325610564e-01	3.830985915492959859e-01	2.660465104325610564e-01	3.123123123123119904e-01	2.660465104325610564e-01	1.301369863013699946e-01	2.990353697749200124e-01	2.660465104325610564e-01	2.660465104325610564e-01	2.660465104325610564e-01	2.874999999999999778e-01	2.982954545454549744e-01	2.660465104325610564e-01	2.660465104325610564e-01	1.987381703470030014e-01	2.893982808022920183e-01	2.660465104325610564e-01	2.660465104325610564e-01	2.660465104325610564e-01	2.282608695652169895e-01	2.660465104325610564e-01	2.660465104325610564e-01	2.660465104325610564e-01	2.660465104325610564e-01	2.660465104325610564e-01	2.660465104325610564e-01	7.434944237918219602e-03	2.828571428571429736e-01	2.368421052631579926e-01	3.191489361702130045e-01	2.660465104325610564e-01	2.660465104325610564e-01	3.947990543735219737e-01	2.660465104325610564e-01	3.264705882352940125e-01	2.493702770780860112e-01	2.798833819241979826e-01	2.660465104325610564e-01	3.119533527696790043e-01	3.106508875739639741e-01	3.513513513513509823e-01	3.213296398891969941e-01	2.660465104325610564e-01	3.837535014005600265e-01	3.190954773869350003e-01	2.660465104325610564e-01	3.413897280966770031e-01	2.660465104325610564e-01	3.210526315789469787e-01	3.109540636042399941e-01	3.400000000000000244e-01	3.869209809264310129e-01	2.660465104325610564e-01	2.660465104325610564e-01	2.660465104325610564e-01	2.660465104325610564e-01	2.660465104325610564e-01	2.653061224489799974e-01	3.137254901960779829e-01	2.660465104325610564e-01	2.660465104325610564e-01	3.446712018140590250e-01	2.660465104325610564e-01	2.660465104325610564e-01	2.660465104325610564e-01	3.178484107579460094e-01	2.660465104325610564e-01	3.656249999999999778e-01	3.580246913580250046e-01
2.660465104325610564e-01	2.660465104325610564e-01	2.076923076923080091e-01	2.192982456140349923e-01	1.000000000000000000e+00	2.619808306709269785e-01	1.637931034482759951e-01	2.660465104325610564e-01	2.660465104325610564e-01	2.660465104325610564e-01	2.660465104325610564e-01	1.709401709401709990e-01	2.011834319526629999e-01	2.660465104325610564e-01	2.660465104325610564e-01	9.675324675324680213e-01	2.660465104325610564e-01	2.660465104325610564e-01	1.478599221789879958e-01	2.660465104325610564e-01	2.039106145251400048e-01	2.660465104325610564e-01	2.155688622754489969e-01	2.660465104325610564e-01	2.108843537414969993e-01	2.660465104325610564e-01	1.617021276595740076e-01	2.660465104325610564e-01	1.806451612903229864e-01	2.660465104325610564e-01	2.660465104325610564e-01	2.660465104325610564e-01	2.124352331606219890e-01	1.844660194174760071e-01	3.830645161290319733e-01	2.660465104325610564e-01	2.660465104325610564e-01	1.556420233463040037e-01	2.179104477611940038e-01	2.660465104325610564e-01	2.660465104325610564e-01	2.348993288590600081e-01	2.660465104325610564e-01	2.660465104325610564e-01	2.660465104325610564e-01	2.660465104325610564e-01	1.678082191780820021e-01	2.660465104325610564e-01	2.660465104325610564e-01	1.612903225806449903e-01	2.660465104325610564e-01	2.660465104325610564e-01	2.660465104325610564e-01	2.660465104325610564e-01	2.660465104325610564e-01	2.660465104325610564e-01	2.196721311475409999e-01	1.840796019900499958e-01	2.660465104325610564e-01	2.660465104325610564e-01	9.895833333333330095e-02	2.660465104325610564e-01	2.660465104325610564e-01	2.660465104325610564e-01	2.660465104325610564e-01	2.660465104325610564e-01	1.736111111111109939e-01	1.904761904761899938e-01	2.524461839530329765e-01	1.250000000000000000e-01	2.660465104325610564e-01	2.286689419795220057e-01	1.545741324921139914e-01	2.226890756302520036e-01	2.379182156133829995e-01	1.780104712041880033e-01	1.906614785992220007e-01	1.690544412607450087e-01	1.570996978851960102e-01	2.349570200573070089e-01	2.660465104325610564e-01	1.333333333333329949e-02	2.313432835820899980e-01	2.660465104325610564e-01	2.524916943521590129e-01	1.822916666666669905e-01	2.660465104325610564e-01	1.745635910224440090e-01	2.660465104325610564e-01	1.690140845070420006e-01	2.660465104325610564e-01	2.660465104325610564e-01	2.800000000000000266e-01	2.537878787878790066e-01	2.660465104325610564e-01	1.906249999999999889e-01	3.018181818181819853e-01	1.317829457364340096e-01	2.660465104325610564e-01	2.228915662650599872e-01	1.045454545454549966e-01	2.660465104325610564e-01	1.549295774647889978e-01	2.660465104325610564e-01	2.660465104325610564e-01	1.400651465798050110e-01	2.660465104325610564e-01	2.660465104325610564e-01	2.660465104325610564e-01	2.044025157232700063e-01	1.383928571428570120e-01	2.660465104325610564e-01	2.660465104325610564e-01	2.660465104325610564e-01	1.578947368421050046e-01	2.660465104325610564e-01	1.476997578692489932e-01	1.755725190839690086e-01	2.660465104325610564e-01	2.660465104325610564e-01	2.000000000000000111e-01	1.752136752136750075e-01	2.660465104325610564e-01	2.159090909090909949e-01
2.660465104325610564e-01	5.149700598802390283e-01	2.379518072289160124e-01	2.660465104325610564e-01	2.619808306709269785e-01	1.000000000000000000e+00	2.660465104325610564e-01	2.660465104325610564e-01	2.454545454545450089e-01	2.660465104325610564e-01	1.976401179941000008e-01	1.952941176470590068e-01	2.606516290726820229e-01	2.670025188916880232e-01	1.748251748251750115e-01	2.698412698412699928e-01	2.660465104325610564e-01	2.660465104325610564e-01	2.660465104325610564e-01	2.234957020057309895e-01	2.660465104325610564e-01	2.660465104325610564e-01	2.660465104325610564e-01	2.669789227166279866e-01	2.276422764227639950e-01	2.660465104325610564e-01	2.660465104325610564e-01	2.660465104325610564e-01	3.420289855072459750e-01	2.853773584905660021e-01	2.660465104325610564e-01	3.866171003717470134e-01	2.660465104325610564e-01	2.152230971128610004e-01	3.017751479289940142e-01	2.660465104325610564e-01	2.660465104325610564e-01	2.660465104325610564e-01	2.660465104325610564e-01	2.601431980906919739e-01	5.033783783783779553e-01	5.048543689320390548e-01	2.740524781341109883e-01	2.660465104325610564e-01	2.660465104325610564e-01	2.660465104325610564e-01	2.660465104325610564e-01	3.961748633879780268e-01	1.662198391420910137e-01	2.331002331002330064e-01	2.660465104325610564e-01	2.660465104325610564e-01	2.087912087912089931e-01	2.660465104325610564e-01	1.734104046242770092e-01	2.676579925650560132e-01	2.710027100271000244e-01	2.500000000000000000e-01	2.660465104325610564e-01	2.371794871794870030e-01	1.119133574007220022e-01	2.691029900332230218e-01	2.062146892655369879e-01	2.660465104325610564e-01	2.660465104325610564e-01	2.213114754098360060e-01	1.983471074380170063e-01	2.727272727272729846e-01	2.660465104325610564e-01	1.474358974358969954e-01	2.660465104325610564e-01	5.758620689655169489e-01	2.660465104325610564e-01	2.660465104325610564e-01	2.660465104325610564e-01	2.155555555555559999e-01	2.593750000000000222e-01	2.660465104325610564e-01	2.213740458015270030e-01	2.660465104325610564e-01	3.816425120772949930e-01	8.097165991902830623e-03	2.900302114803630094e-01	8.198529411764710062e-01	2.660465104325610564e-01	2.857142857142859760e-01	2.660465104325610564e-01	2.764044943820220257e-01	1.498257839721250095e-01	1.916666666666670127e-01	1.939546599496219936e-01	2.660465104325610564e-01	5.359281437125750225e-01	2.660465104325610564e-01	1.825842696629209894e-01	2.513089005235599749e-01	3.582089552238810204e-01	2.660465104325610564e-01	2.660465104325610564e-01	2.660465104325610564e-01	1.221122112211219940e-01	2.411764705882349924e-01	2.660465104325610564e-01	3.114754098360659751e-01	1.294498381877020043e-01	1.610389610389610093e-01	2.360406091370559900e-01	2.660465104325610564e-01	2.660465104325610564e-01	2.565445026178009846e-01	2.660465104325610564e-01	2.660465104325610564e-01	2.189349112426040023e-01	2.660465104325610564e-01	2.037533512064340080e-01	2.519083969465650275e-01	2.660465104325610564e-01	2.660465104325610564e-01	3.130699088145900144e-01	1.927083333333330095e-01	2.660465104325610564e-01	1.923076923076920131e-01	2.660465104325610564e-01	2.660465104325610564e-01
2.660465104325610564e-01	2.660465104325610564e-01	2.660465104325610564e-01	1.681681681681679863e-01	1.637931034482759951e-01	2.660465104325610564e-01	1.000000000000000000e+00	2.660465104325610564e-01	1.171875000000000000e-01	2.660465104325610564e-01	1.239999999999999991e-01	1.432835820895519974e-01	2.660465104325610564e-01	2.660465104325610564e-01	1.344086021505379869e-01	1.752136752136750075e-01	1.350574712643680120e-01	1.000000000000000056e-01	2.660465104325610564e-01	2.660465104325610564e-01	2.660465104325610564e-01	1.047619047619050003e-01	1.559633027522940030e-01	1.491712707182319964e-01	2.660465104325610564e-01	1.504424778761060122e-01	1.036036036036040026e-01	1.309523809523809867e-01	1.615120274914089993e-01	2.660465104325610564e-01	1.475409836065570135e-01	3.262032085561499817e-01	2.660465104325610564e-01	2.660465104325610564e-01	2.660465104325610564e-01	2.660465104325610564e-01	1.520912547528520120e-01	1.069958847736629942e-01	2.660465104325610564e-01	2.660465104325610564e-01	3.793103448275860212e-01	2.660465104325610564e-01	1.908396946564890062e-01	2.852564102564100201e-01	2.640449438202249755e-01	2.660465104325610564e-01	9.440559440559440074e-02	2.215189873417720001e-01	1.151079136690650040e-01	1.380281690140849893e-01	2.660465104325610564e-01	2.660465104325610564e-01	2.660465104325610564e-01	1.735537190082639958e-01	2.660465104325610564e-01	2.660465104325610564e-01	2.660465104325610564e-01	1.731843575418990089e-01	2.660465104325610564e-01	1.250000000000000000e-01	9.580838323353289832e-02	1.681818181818179880e-01	2.660465104325610564e-01	4.029126213592230110e-01	2.660465104325610564e-01	2.660465104325610564e-01	1.969111969111969895e-01	2.160493827160490099e-01	2.660465104325610564e-01	9.905660377358489754e-02	2.660465104325610564e-01	2.660465104325610564e-01	1.009771986970680047e-01	2.660465104325610564e-01	2.500000000000000000e-01	1.436314363143630091e-01	1.300813008130080051e-01	1.176470588235289938e-01	2.369337979094079949e-01	2.660465104325610564e-01	2.881844380403459915e-01	8.130081300813010725e-03	1.936758893280630112e-01	3.309352517985609810e-01	2.660465104325610564e-01	2.660465104325610564e-01	2.296296296296299888e-01	2.203856749311290109e-01	2.660465104325610564e-01	2.660465104325610564e-01	1.331168831168829947e-01	2.660465104325610564e-01	2.660465104325610564e-01	2.660465104325610564e-01	2.660465104325610564e-01	2.660465104325610564e-01	2.660465104325610564e-01	2.660465104325610564e-01	2.660465104325610564e-01	2.660465104325610564e-01	7.499999999999999722e-02	2.660465104325610564e-01	1.718750000000000000e-01	2.660465104325610564e-01	2.660465104325610564e-01	2.660465104325610564e-01	1.277258566978189958e-01	1.837606837606839960e-01	1.640866873065019993e-01	2.660465104325610564e-01	2.660465104325610564e-01	1.347305389221560012e-01	1.666666666666669905e-01	2.660465104325610564e-01	1.328671328671330032e-01	1.292307692307690103e-01	2.660465104325610564e-01	1.111111111111109939e-01	2.660465104325610564e-01	1.063122923588040031e-01	2.660465104325610564e-01	1.126126126126130028e-01	1.196911196911199932e-01	2.660465104325610564e-01
3.629032258064520122e-01	2.660465104325610564e-01	2.660465104325610564e-01	3.656957928802589963e-01	2.660465104325610564e-01	2.660465104325610564e-01	2.660465104325610564e-01	1.000000000000000000e+00	3.991228070175439901e-01	2.760736196319020230e-01	5.242718446601940530e-01	2.660465104325610564e-01	2.660465104325610564e-01	2.660465104325610564e-01	1.844660194174760071e-01	1.711026615969580000e-01	2.660465104325610564e-01	2.660465104325610564e-01	3.333333333333329818e-01	3.400000000000000244e-01	3.172205438066469929e-01	3.137931034482759896e-01	2.660465104325610564e-01	2.660465104325610564e-01	2.660465104325610564e-01	2.975460122699389864e-01	3.365384615384620082e-01	4.008810572687219742e-01	2.660465104325610564e-01	2.689075630252100169e-01	2.660465104325610564e-01	1.019607843137250031e-01	2.349869451697129963e-01	4.000000000000000222e-01	2.608695652173910196e-01	3.554006968641120201e-01	2.660465104325610564e-01	3.130434782608699784e-01	3.322580645161289925e-01	2.601156069364159995e-01	1.845637583892620059e-01	1.692789968652040067e-01	2.660465104325610564e-01	2.660465104325610564e-01	2.074999999999999900e-01	2.660465104325610564e-01	2.660465104325610564e-01	2.660465104325610564e-01	2.660465104325610564e-01	2.928994082840239987e-01	3.935018050541519985e-01	2.660465104325610564e-01	1.609756097560980093e-01	2.782258064516129892e-01	3.534482758620690057e-01	2.660465104325610564e-01	2.660465104325610564e-01	2.029702970297030118e-01	2.423076923076920020e-01	2.510638297872340163e-01	2.660465104325610564e-01	4.077669902912620103e-01	3.562753036437250054e-01	2.660465104325610564e-01	3.292181069958849959e-01	2.568578553615959992e-01	2.660465104325610564e-01	2.105263157894740056e-01	2.169811320754720108e-01	2.660465104325610564e-01	2.660465104325610564e-01	1.661341853035140093e-01	3.063380281690140094e-01	3.640552995391699853e-01	2.660465104325610564e-01	3.382352941176470229e-01	3.640350877192979895e-01	2.660465104325610564e-01	1.722054380664649886e-01	2.660465104325610564e-01	2.000000000000000111e-01	2.660465104325610564e-01	2.660465104325610564e-01	2.660465104325610564e-01	3.310104529616719748e-01	2.083333333333330095e-01	2.660465104325610564e-01	2.660465104325610564e-01	1.959798994974870090e-01	4.977777777777779855e-01	2.660465104325610564e-01	2.745098039215689845e-01	2.660465104325610564e-01	3.228346456692909872e-01	2.660465104325610564e-01	3.219178082191779811e-01	2.648083623693380240e-01	2.660465104325610564e-01	3.103448275862070171e-01	2.660465104325610564e-01	2.660465104325610564e-01	2.660465104325610564e-01	1.892857142857140018e-01	3.758865248226950229e-01	2.660465104325610564e-01	2.660465104325610564e-01	2.660465104325610564e-01	2.660465104325610564e-01	3.322475570032569769e-01	3.472222222222219878e-01	2.660465104325610564e-01	3.162939297124600091e-01	3.445378151260499733e-01	2.660465104325610564e-01	2.660465104325610564e-01	3.937282229965159974e-01	2.739361702127660059e-01	2.987551867219920276e-01	3.229571984435800069e-01	2.660465104325610564e-01	2.660465104325610564e-01	2.660465104325610564e-01	3.347107438016529990e-01	2.660465104325610564e-01
2.660465104325610564e-01	2.660465104325610564e-01	2.660465104325610564e-01	3.241590214067279763e-01	2.660465104325610564e-01	2.454545454545450089e-01	1.171875000000000000e-01	3.991228070175439901e-01	1.000000000000000000e+00	2.633136094674560224e-01	3.655462184873949916e-01	2.660465104325610564e-01	3.354430379746839996e-01	2.660465104325610564e-01	1.643835616438359959e-01	2.660465104325610564e-01	2.761627906976740210e-01	3.813953488372089917e-01	2.660465104325610564e-01	2.660465104325610564e-01	2.660465104325610564e-01	3.470790378006869958e-01	2.905198776758409762e-01	3.142857142857140018e-01	2.660465104325610564e-01	2.660465104325610564e-01	2.660465104325610564e-01	3.940677966101689966e-01	2.861952861952860028e-01	2.677595628415300189e-01	3.278688524590159803e-01	1.450980392156860088e-01	2.736842105263159741e-01	2.660465104325610564e-01	2.596491228070180179e-01	2.660465104325610564e-01	2.710622710622709874e-01	2.660465104325610564e-01	3.546325878594249748e-01	3.185840707964600060e-01	2.338983050847459888e-01	2.075471698113209862e-01	2.660465104325610564e-01	1.618798955613580115e-01	2.660465104325610564e-01	2.660465104325610564e-01	2.981818181818179925e-01	2.427745664739880127e-01	2.660465104325610564e-01	3.061224489795920101e-01	2.660465104325610564e-01	2.660465104325610564e-01	2.660465104325610564e-01	2.424242424242419869e-01	2.660465104325610564e-01	2.264150943396230076e-01	3.519163763066199824e-01	2.095238095238100007e-01	2.462686567164180107e-01	2.660465104325610564e-01	2.660465104325610564e-01	3.318584070796459784e-01	2.660465104325610564e-01	1.562500000000000000e-01	2.660465104325610564e-01	2.530413625304139824e-01	2.660465104325610564e-01	2.110552763819099897e-01	2.103321033210329982e-01	2.824074074074069962e-01	2.660465104325610564e-01	2.129032258064519900e-01	2.660465104325610564e-01	2.039215686274510053e-01	2.660465104325610564e-01	3.390804597701149725e-01	2.660465104325610564e-01	2.660465104325610564e-01	2.660465104325610564e-01	2.660465104325610564e-01	2.660465104325610564e-01	2.660465104325610564e-01	2.313167259786479968e-01	2.248520710059170036e-01	2.660465104325610564e-01	2.149999999999999967e-01	3.722627737226280042e-01	2.205513784461149984e-01	2.205882352941180014e-01	4.089068825910929794e-01	1.873111782477339948e-01	2.660465104325610564e-01	1.835616438356159896e-01	2.660465104325610564e-01	2.230215827338130063e-01	2.660465104325610564e-01	2.660465104325610564e-01	2.660465104325610564e-01	2.660465104325610564e-01	2.660465104325610564e-01	2.660465104325610564e-01	2.660465104325610564e-01	2.660465104325610564e-01	4.249999999999999889e-01	2.884615384615379918e-01	2.660465104325610564e-01	2.971246006389779981e-01	2.660465104325610564e-01	2.660465104325610564e-01	2.660465104325610564e-01	3.969072164948450054e-01	2.660465104325610564e-01	3.400809716599190180e-01	2.660465104325610564e-01	2.602739726027399891e-01	2.660465104325610564e-01	2.660465104325610564e-01	2.660465104325610564e-01	3.097014925373129945e-01	2.823129251700680076e-01	2.660465104325610564e-01	2.660465104325610564e-01	3.577235772357719723e-01	2.621722846441950083e-01
3.195266272189349888e-01	2.660465104325610564e-01	2.660465104325610564e-01	3.250000000000000111e-01	2.660465104325610564e-01	2.660465104325610564e-01	2.660465104325610564e-01	2.760736196319020230e-01	2.633136094674560224e-01	1.000000000000000000e+00	2.660465104325610564e-01	3.973333333333329831e-01	2.660465104325610564e-01	3.307692307692309819e-01	2.660465104325610564e-01	2.660465104325610564e-01	5.056179775280900124e-01	2.660465104325610564e-01	3.333333333333329818e-01	2.660465104325610564e-01	4.020618556701029966e-01	3.697478991596639952e-01	2.660465104325610564e-01	3.753086419753089986e-01	3.137254901960779829e-01	3.341708542713570096e-01	2.660465104325610564e-01	2.660465104325610564e-01	2.945945945945950273e-01	3.138173302107730156e-01	2.238372093023260068e-01	1.114285714285710022e-01	2.797356828193829914e-01	3.305555555555559910e-01	2.660465104325610564e-01	2.660465104325610564e-01	2.660465104325610564e-01	2.238805970149249924e-01	3.090452261306529946e-01	3.236009732360100033e-01	2.660465104325610564e-01	2.660465104325610564e-01	2.660465104325610564e-01	2.604651162790699859e-01	2.660465104325610564e-01	2.477611940298510007e-01	2.717086834733890011e-01	2.607655502392339786e-01	3.502994011976049982e-01	3.325183374083129917e-01	3.387533875338750167e-01	2.660465104325610564e-01	2.660465104325610564e-01	2.283236994219650096e-01	2.660465104325610564e-01	1.226415094339620010e-01	2.660465104325610564e-01	2.660465104325610564e-01	2.660465104325610564e-01	2.072072072072070059e-01	2.660465104325610564e-01	2.660465104325610564e-01	3.106508875739639741e-01	2.660465104325610564e-01	2.660465104325610564e-01	4.606205250596659972e-01	3.343195266272189770e-01	2.660465104325610564e-01	2.660465104325610564e-01	1.651090342679130130e-01	2.660465104325610564e-01	2.660465104325610564e-01	4.046920821114369793e-01	2.660465104325610564e-01	2.706552706552710075e-01	3.404761904761899882e-01	2.582582582582579889e-01	3.393316195372749755e-01	2.525252525252529856e-01	2.660465104325610564e-01	2.660465104325610564e-01	7.604562737642589845e-03	2.660465104325610564e-01	2.660465104325610564e-01	2.860892388451439783e-01	2.660465104325610564e-01	2.660465104325610564e-01	2.660465104325610564e-01	2.660465104325610564e-01	2.660465104325610564e-01	2.660465104325610564e-01	2.371428571428569887e-01	2.050113895216399973e-01	2.660465104325610564e-01	2.660465104325610564e-01	2.602040816326530170e-01	2.107969151670950059e-01	2.898089171974519984e-01	2.544987146529559818e-01	2.446043165467630121e-01	2.660465104325610564e-01	2.844574780058650165e-01	2.660465104325610564e-01	2.660465104325610564e-01	2.660465104325610564e-01	2.660465104325610564e-01	4.289772727272729846e-01	2.477611940298510007e-01	2.660465104325610564e-01	2.660465104325610564e-01	2.185430463576160109e-01	2.660465104325610564e-01	2.660465104325610564e-01	2.660465104325610564e-01	2.660465104325610564e-01	3.655913978494619854e-01	3.811764705882350057e-01	2.202898550724640137e-01	2.660465104325610564e-01	2.660465104325610564e-01	2.660465104325610564e-01	2.435897435897440011e-01	2.660465104325610564e-01	2.660465104325610564e-01
2.660465104325610564e-01	2.660465104325610564e-01	2.660465104325610564e-01	3.209876543209880251e-01	2.660465104325610564e-01	1.976401179941000008e-01	1.239999999999999991e-01	5.242718446601940530e-01	3.655462184873949916e-01	2.660465104325610564e-01	1.000000000000000000e+00	2.660465104325610564e-01	2.660465104325610564e-01	3.583061889250809817e-01	1.467889908256879983e-01	2.660465104325610564e-01	2.660465104325610564e-01	4.527363184079600256e-01	2.660465104325610564e-01	2.660465104325610564e-01	3.233532934131739811e-01	2.660465104325610564e-01	4.280821917808220189e-01	2.660465104325610564e-01	3.745318352059929801e-01	2.660465104325610564e-01	3.653846153846149747e-01	4.464285714285710083e-01	2.955326460481100259e-01	2.660465104325610564e-01	2.660465104325610564e-01	1.124031007751939981e-01	2.807486631016040124e-01	4.960317460317459903e-01	2.660465104325610564e-01	4.468864468864470196e-01	4.249999999999999889e-01	2.660465104325610564e-01	4.013377926421399788e-01	3.313253012048190116e-01	2.660465104325610564e-01	2.660465104325610564e-01	2.446808510638300016e-01	2.660465104325610564e-01	2.133995037220839941e-01	2.660465104325610564e-01	2.438162544169610035e-01	2.660465104325610564e-01	2.660465104325610564e-01	3.715170278637769941e-01	4.848484848484849730e-01	4.110429447852759766e-01	1.192660550458719965e-01	2.519379844961239789e-01	2.660465104325610564e-01	1.805555555555559966e-01	2.660465104325610564e-01	2.660465104325610564e-01	2.230483271375459930e-01	3.392857142857140240e-01	1.044776119402990033e-01	2.660465104325610564e-01	2.660465104325610564e-01	1.349480968858129959e-01	2.901960784313730168e-01	2.660465104325610564e-01	4.016064257028110207e-01	1.859296482412060025e-01	2.145522388059699914e-01	2.534562211981569724e-01	2.660465104325610564e-01	1.703470031545739893e-01	3.512544802867380023e-01	3.917050691244239879e-01	2.660465104325610564e-01	2.660465104325610564e-01	2.660465104325610564e-01	3.828382838283829748e-01	2.660465104325610564e-01	2.660465104325610564e-01	2.059553349875929973e-01	6.172839506172840031e-03	2.660465104325610564e-01	2.660465104325610564e-01	3.566433566433570013e-01	1.900000000000000022e-01	3.690036900368999784e-01	2.684210526315790046e-01	2.660465104325610564e-01	2.660465104325610564e-01	2.660465104325610564e-01	2.660465104325610564e-01	2.660465104325610564e-01	2.660465104325610564e-01	4.194915254237289726e-01	2.660465104325610564e-01	2.660465104325610564e-01	2.217741935483870108e-01	2.781456953642379992e-01	3.238095238095239914e-01	3.582887700534759801e-01	2.660465104325610564e-01	2.194244604316550051e-01	4.379562043795620085e-01	2.232558139534880082e-01	2.660465104325610564e-01	4.169611307420489910e-01	2.660465104325610564e-01	3.741721854304639883e-01	3.177257525083609924e-01	3.641025641025639747e-01	2.660465104325610564e-01	2.660465104325610564e-01	4.268774703557309813e-01	2.660465104325610564e-01	2.660465104325610564e-01	3.739376770538240247e-01	2.608695652173910196e-01	4.122448979591840090e-01	3.381294964028779826e-01	2.676470588235290160e-01	3.750000000000000000e-01	2.660465104325610564e-01	3.551020408163270137e-01
2.660465104325610564e-01	2.196261682242990065e-01	2.708333333333329818e-01	3.910761154855639798e-01	1.709401709401709990e-01	1.952941176470590068e-01	1.432835820895519974e-01	2.660465104325610564e-01	2.660465104325610564e-01	3.973333333333329831e-01	2.660465104325610564e-01	1.000000000000000000e+00	2.660465104325610564e-01	2.660465104325610564e-01	1.210191082802550000e-01	1.784702549575070130e-01	2.660465104325610564e-01	3.824561403508769941e-01	2.660465104325610564e-01	2.660465104325610564e-01	3.948717948717950232e-01	3.971428571428570198e-01	4.297520661157019917e-01	2.660465104325610564e-01	2.660465104325610564e-01	2.660465104325610564e-01	2.532467532467529980e-01	2.660465104325610564e-01	2.660465104325610564e-01	3.453237410071939850e-01	1.694444444444440090e-01	1.242774566473990039e-01	2.660465104325610564e-01	3.051771117166209857e-01	2.660465104325610564e-01	5.198776758409789922e-01	2.660465104325610564e-01	1.781609195402300005e-01	4.119241192411919883e-01	2.660465104325610564e-01	2.660465104325610564e-01	2.660465104325610564e-01	2.410958904109589962e-01	2.723004694835680084e-01	2.960526315789470120e-01	2.666666666666669960e-01	2.646239554317549869e-01	2.660465104325610564e-01	2.660465104325610564e-01	2.703962703962700109e-01	2.660465104325610564e-01	3.380952380952380043e-01	2.660465104325610564e-01	2.648809523809519950e-01	2.339181286549709970e-01	1.121495327102799977e-01	2.660465104325610564e-01	2.660465104325610564e-01	2.660465104325610564e-01	2.660465104325610564e-01	1.489361702127660059e-01	2.660465104325610564e-01	2.660465104325610564e-01	2.660465104325610564e-01	3.510971786833860242e-01	2.660465104325610564e-01	3.834355828220860074e-01	2.660465104325610564e-01	2.660465104325610564e-01	2.660465104325610564e-01	2.333333333333330040e-01	2.660465104325610564e-01	4.783950617283950213e-01	2.205438066465260083e-01	2.219178082191780033e-01	4.973404255319149869e-01	2.660465104325610564e-01	3.532467532467529758e-01	2.660465104325610564e-01	2.142857142857139963e-01	3.037694013303769980e-01	1.145038167938930082e-02	2.408963585434170107e-01	2.660465104325610564e-01	2.928759894459099788e-01	1.258278145695360117e-01	4.290030211480360123e-01	3.676814988290399988e-01	2.660465104325610564e-01	3.088235294117649965e-01	2.660465104325610564e-01	2.660465104325610564e-01	2.660465104325610564e-01	2.032520325203250044e-01	2.660465104325610564e-01	2.660465104325610564e-01	2.660465104325610564e-01	2.500000000000000000e-01	2.660465104325610564e-01	2.660465104325610564e-01	2.660465104325610564e-01	2.660465104325610564e-01	2.660465104325610564e-01	3.816155988857939940e-01	2.414965986394559949e-01	2.660465104325610564e-01	4.089635854341739929e-01	2.861538461538459810e-01	2.660465104325610564e-01	2.685421994884910069e-01	2.660465104325610564e-01	2.652068126520680247e-01	3.459119496855350140e-01	2.660465104325610564e-01	2.567567567567570208e-01	3.368421052631579982e-01	2.660465104325610564e-01	2.660465104325610564e-01	2.660465104325610564e-01	2.660465104325610564e-01	2.999999999999999889e-01	2.660465104325610564e-01	2.751479289940830242e-01	2.660465104325610564e-01
