1.000000000000000000e+00	6.967194076050580165e-01	7.878852678435726009e-01	7.878852678435726009e-01	7.878852678435726009e-01	8.063465959714080089e-01	7.878852678435726009e-01	7.878852678435726009e-01	7.878852678435726009e-01	7.817258591054480066e-01	7.878852678435726009e-01	7.878852678435726009e-01	7.878852678435726009e-01	7.878852678435726009e-01	9.211983569214829970e-01	7.878852678435726009e-01	8.591066963452780314e-01	5.265442329717650027e-01	7.878852678435726009e-01	7.878852678435726009e-01	7.878852678435726009e-01	7.878852678435726009e-01	7.878852678435726009e-01	7.878852678435726009e-01	7.878852678435726009e-01	7.878852678435726009e-01	7.878852678435726009e-01	7.878852678435726009e-01	7.878852678435726009e-01	7.878852678435726009e-01	7.878852678435726009e-01	9.460893363214829543e-01	7.878852678435726009e-01	7.878852678435726009e-01	7.878852678435726009e-01	9.197031969497639903e-01	9.036906102313869704e-01	7.878852678435726009e-01	9.529099672367059570e-01	7.878852678435726009e-01	9.459481561053070253e-01	7.878852678435726009e-01	7.878852678435726009e-01	7.878852678435726009e-01	9.215870733177939922e-01	6.307962168653169499e-01	7.878852678435726009e-01	7.878852678435726009e-01	7.878852678435726009e-01	7.878852678435726009e-01	7.878852678435726009e-01	7.878852678435726009e-01	7.878852678435726009e-01	7.878852678435726009e-01	7.878852678435726009e-01	7.878852678435726009e-01	7.878852678435726009e-01	9.483020982489860362e-01	7.878852678435726009e-01	7.878852678435726009e-01	9.501027549699030406e-01	6.615998683860510043e-01	7.878852678435726009e-01	4.586178369365039864e-01	7.878852678435726009e-01	6.597227807742529482e-01	7.878852678435726009e-01	7.878852678435726009e-01	7.878852678435726009e-01	7.878852678435726009e-01	7.878852678435726009e-01	7.878852678435726009e-01	7.878852678435726009e-01	8.986679931770660268e-01	7.878852678435726009e-01	6.669664785163730292e-01	7.878852678435726009e-01	7.878852678435726009e-01	7.674038383571279986e-01	7.878852678435726009e-01	9.122349204494479835e-01	7.878852678435726009e-01	7.878852678435726009e-01	7.878852678435726009e-01	7.878852678435726009e-01	9.453429490393150392e-01	7.878852678435726009e-01	9.009559931899829843e-01	7.878852678435726009e-01	7.878852678435726009e-01	6.969333905336430046e-01	7.878852678435726009e-01	7.878852678435726009e-01	9.153872471148469803e-01	7.878852678435726009e-01	7.878852678435726009e-01	8.481365034255820001e-01	9.529400503076049800e-01	7.878852678435726009e-01	9.096650069247079751e-01	9.513360343911200223e-01	6.097393852337430475e-01	7.878852678435726009e-01	7.878852678435726009e-01	7.878852678435726009e-01	7.878852678435726009e-01	6.569397542862880357e-01	7.870768793974810551e-01	7.878852678435726009e-01	7.878852678435726009e-01	7.878852678435726009e-01	7.878852678435726009e-01	7.905450604771729894e-01	7.303816588403410082e-01	7.878852678435726009e-01	7.878852678435726009e-01	7.878852678435726009e-01	9.467901190752869844e-01	7.878852678435726009e-01	7.878852678435726009e-01	7.878852678435726009e-01	7.878852678435726009e-01	7.878852678435726009e-01	7.878852678435726009e-01
6.967194076050580165e-01	1.000000000000000000e+00	8.483945561440570104e-01	7.878852678435726009e-01	7.601527980063740308e-01	7.624009644313169964e-01	7.878852678435726009e-01	7.878852678435726009e-01	7.878852678435726009e-01	7.878852678435726009e-01	7.878852678435726009e-01	7.878852678435726009e-01	7.878852678435726009e-01	7.878852678435726009e-01	7.878852678435726009e-01	7.106720556092429586e-01	7.878852678435726009e-01	6.974816464911329783e-01	7.878852678435726009e-01	7.878852678435726009e-01	7.878852678435726009e-01	7.878852678435726009e-01	7.935091265468370292e-01	7.738996030596410058e-01	7.878852678435726009e-01	7.878852678435726009e-01	6.755254756744250022e-01	7.878852678435726009e-01	7.878852678435726009e-01	7.137277731054060270e-01	7.878852678435726009e-01	7.878852678435726009e-01	6.176544000021509939e-01	7.878852678435726009e-01	7.878852678435726009e-01	5.566183945353799789e-01	7.430141047204049665e-01	6.991470617693069656e-01	7.878852678435726009e-01	7.473555022681429572e-01	7.878852678435726009e-01	7.416399816528049804e-01	7.878852678435726009e-01	7.878852678435726009e-01	7.878852678435726009e-01	7.878852678435726009e-01	7.878852678435726009e-01	6.276360664938730460e-01	7.878852678435726009e-01	7.878852678435726009e-01	7.878852678435726009e-01	7.878852678435726009e-01	7.878852678435726009e-01	6.175728647418879946e-01	7.878852678435726009e-01	7.831068272919150530e-01	7.878852678435726009e-01	7.878852678435726009e-01	7.878852678435726009e-01	7.878852678435726009e-01	7.878852678435726009e-01	7.878852678435726009e-01	6.107481653187749604e-01	7.878852678435726009e-01	7.878852678435726009e-01	7.878852678435726009e-01	7.878852678435726009e-01	7.888452858720980121e-01	7.878852678435726009e-01	6.342015712378390457e-01	7.878852678435726009e-01	7.878852678435726009e-01	7.878852678435726009e-01	7.878852678435726009e-01	7.878852678435726009e-01	7.878852678435726009e-01	7.878852678435726009e-01	7.878852678435726009e-01	7.508835109209279768e-01	6.296404705068829877e-01	6.375008857990259736e-01	7.878852678435726009e-01	6.384731337361549963e-01	8.241321145782789515e-01	7.878852678435726009e-01	7.878852678435726009e-01	7.878852678435726009e-01	6.208587218547440001e-01	1.000000000000000021e-03	7.878852678435726009e-01	7.878852678435726009e-01	7.878852678435726009e-01	7.068155205467600011e-01	6.381598751865720232e-01	7.878852678435726009e-01	5.734165029751600029e-01	7.878852678435726009e-01	7.878852678435726009e-01	7.878852678435726009e-01	7.878852678435726009e-01	7.878852678435726009e-01	7.878852678435726009e-01	6.315787681935129960e-01	7.878852678435726009e-01	7.878852678435726009e-01	7.096468887669740155e-01	7.878852678435726009e-01	7.878852678435726009e-01	7.862189832534870471e-01	7.878852678435726009e-01	7.878852678435726009e-01	7.878852678435726009e-01	7.878852678435726009e-01	7.878852678435726009e-01	8.026270967535800160e-01	7.878852678435726009e-01	7.878852678435726009e-01	7.878852678435726009e-01	7.878852678435726009e-01	7.878852678435726009e-01	7.878852678435726009e-01	6.309863310728940355e-01	7.878852678435726009e-01	7.878852678435726009e-01
7.878852678435726009e-01	8.483945561440570104e-01	1.000000000000000000e+00	7.878852678435726009e-01	7.878852678435726009e-01	7.878852678435726009e-01	8.049107853332609919e-01	7.878852678435726009e-01	7.878852678435726009e-01	7.878852678435726009e-01	7.910080324412229746e-01	8.585718335758739661e-01	7.878852678435726009e-01	7.878852678435726009e-01	6.527600473502109812e-01	7.878852678435726009e-01	7.878852678435726009e-01	7.658988794926610000e-01	6.923541618900159733e-01	7.878852678435726009e-01	7.763711109172199976e-01	7.878852678435726009e-01	7.878852678435726009e-01	8.333125368835260227e-01	7.878852678435726009e-01	7.878852678435726009e-01	7.878852678435726009e-01	7.878852678435726009e-01	6.227181559729479954e-01	7.878852678435726009e-01	7.878852678435726009e-01	7.878852678435726009e-01	7.878852678435726009e-01	8.084389883649459874e-01	7.878852678435726009e-01	7.878852678435726009e-01	7.878852678435726009e-01	7.878852678435726009e-01	7.878852678435726009e-01	7.878852678435726009e-01	6.347296233795559628e-01	7.878852678435726009e-01	7.878852678435726009e-01	6.182786784530189816e-01	7.878852678435726009e-01	7.878852678435726009e-01	7.878852678435726009e-01	6.323096623635660052e-01	7.878852678435726009e-01	7.878852678435726009e-01	7.878852678435726009e-01	7.878852678435726009e-01	7.878852678435726009e-01	7.878852678435726009e-01	7.878852678435726009e-01	7.878852678435726009e-01	7.878852678435726009e-01	6.590093716418680136e-01	6.051718222449310458e-01	7.878852678435726009e-01	6.181881899464299890e-01	8.665701661127109823e-01	7.878852678435726009e-01	7.739684582041790328e-01	8.220274148284150151e-01	7.878852678435726009e-01	7.878852678435726009e-01	7.878852678435726009e-01	7.878852678435726009e-01	7.878852678435726009e-01	7.878852678435726009e-01	7.878852678435726009e-01	6.200947919485100268e-01	6.810402249960110233e-01	7.878852678435726009e-01	7.878852678435726009e-01	6.237967436133660115e-01	7.878852678435726009e-01	7.878852678435726009e-01	7.878852678435726009e-01	7.878852678435726009e-01	7.878852678435726009e-01	7.878852678435726009e-01	7.878852678435726009e-01	6.291076246687199447e-01	7.878852678435726009e-01	7.878852678435726009e-01	7.878852678435726009e-01	1.000000000000000021e-03	8.217420062485329968e-01	7.878852678435726009e-01	8.549058021556700249e-01	7.878852678435726009e-01	7.878852678435726009e-01	7.878852678435726009e-01	7.878852678435726009e-01	7.878852678435726009e-01	7.878852678435726009e-01	6.562142881885549839e-01	7.878852678435726009e-01	7.422510990653420349e-01	8.574637321859019945e-01	7.878852678435726009e-01	7.878852678435726009e-01	6.791645043679580551e-01	7.878852678435726009e-01	7.878852678435726009e-01	7.878852678435726009e-01	7.878852678435726009e-01	7.878852678435726009e-01	6.076657794265469814e-01	7.878852678435726009e-01	7.878852678435726009e-01	7.878852678435726009e-01	7.878852678435726009e-01	6.686991119333109967e-01	7.878852678435726009e-01	7.878852678435726009e-01	7.483621166900119581e-01	6.266317625899400223e-01	8.174774417822410211e-01	7.878852678435726009e-01	7.878852678435726009e-01	7.878852678435726009e-01
7.878852678435726009e-01	7.878852678435726009e-01	7.878852678435726009e-01	1.000000000000000000e+00	7.878852678435726009e-01	7.878852678435726009e-01	7.878852678435726009e-01	8.143864481820199952e-01	7.878852678435726009e-01	7.878852678435726009e-01	8.454802121315190266e-01	7.878852678435726009e-01	8.634595606509299914e-01	5.166289656638739514e-01	8.308958039344569446e-01	7.878852678435726009e-01	8.424090447616709998e-01	6.285012715631459468e-01	7.878852678435726009e-01	7.878852678435726009e-01	7.878852678435726009e-01	7.878852678435726009e-01	7.878852678435726009e-01	7.878852678435726009e-01	8.530211282755749691e-01	7.878852678435726009e-01	8.462011797459899620e-01	7.878852678435726009e-01	7.878852678435726009e-01	8.429290003287690514e-01	7.878852678435726009e-01	7.878852678435726009e-01	7.839185804050590178e-01	8.211432064029969835e-01	8.246029235104700428e-01	7.878852678435726009e-01	7.878852678435726009e-01	7.878852678435726009e-01	7.878852678435726009e-01	7.878852678435726009e-01	7.878852678435726009e-01	7.878852678435726009e-01	7.878852678435726009e-01	7.906902774054089811e-01	7.994729351477789514e-01	6.996769786511569666e-01	7.878852678435726009e-01	8.013887803845609614e-01	7.878852678435726009e-01	7.956526906399500332e-01	7.878852678435726009e-01	7.878852678435726009e-01	7.878852678435726009e-01	7.973282319930730111e-01	7.795482200625669655e-01	7.878852678435726009e-01	7.878852678435726009e-01	7.878852678435726009e-01	7.862731384930670142e-01	8.157431699502549760e-01	7.927647945873239621e-01	7.156003654096589894e-01	7.878852678435726009e-01	7.878852678435726009e-01	7.878852678435726009e-01	7.878852678435726009e-01	7.878852678435726009e-01	7.878852678435726009e-01	7.878852678435726009e-01	7.669612851164210321e-01	7.878852678435726009e-01	8.112396214981569820e-01	7.878852678435726009e-01	7.878852678435726009e-01	7.878852678435726009e-01	7.143630429684769689e-01	7.878852678435726009e-01	7.878852678435726009e-01	7.878852678435726009e-01	7.878852678435726009e-01	7.878852678435726009e-01	7.878852678435726009e-01	7.876463161686909631e-01	7.878852678435726009e-01	7.878852678435726009e-01	7.878852678435726009e-01	8.058399551768340441e-01	7.878852678435726009e-01	7.878852678435726009e-01	7.878852678435726009e-01	7.690971412382759942e-01	7.878852678435726009e-01	7.878852678435726009e-01	7.878852678435726009e-01	8.030902299385790366e-01	8.020030961779579526e-01	7.878852678435726009e-01	8.141177111786159770e-01	7.878852678435726009e-01	7.878852678435726009e-01	7.878852678435726009e-01	7.878852678435726009e-01	7.878852678435726009e-01	7.798637355833919482e-01	8.310221978658589581e-01	8.196975155071339891e-01	7.878852678435726009e-01	7.878852678435726009e-01	7.878852678435726009e-01	7.878852678435726009e-01	7.878852678435726009e-01	7.878852678435726009e-01	7.878852678435726009e-01	7.180464099282900525e-01	7.878852678435726009e-01	8.231960279991860086e-01	7.878852678435726009e-01	8.200316345413229957e-01	8.628377902147950085e-01	7.878852678435726009e-01	7.655340862096819965e-01	7.878852678435726009e-01	7.878852678435726009e-01	8.079611765818890401e-01
7.878852678435726009e-01	7.601527980063740308e-01	7.878852678435726009e-01	7.878852678435726009e-01	1.000000000000000000e+00	7.878852678435726009e-01	7.878852678435726009e-01	8.748312923143829467e-01	9.203527384079039919e-01	8.465582497197630119e-01	7.878852678435726009e-01	7.369467581938230483e-01	7.878852678435726009e-01	5.537869452341359633e-01	8.527567735991079534e-01	7.878852678435726009e-01	8.768975251187830500e-01	7.878852678435726009e-01	7.878852678435726009e-01	7.878852678435726009e-01	7.310128700564729742e-01	7.878852678435726009e-01	7.878852678435726009e-01	7.878852678435726009e-01	7.878852678435726009e-01	7.878852678435726009e-01	8.984874735413379554e-01	8.578083214981979676e-01	7.878852678435726009e-01	8.755772885196579924e-01	8.090679964030680349e-01	7.878852678435726009e-01	7.878852678435726009e-01	7.878852678435726009e-01	7.878852678435726009e-01	7.878852678435726009e-01	7.878852678435726009e-01	7.878852678435726009e-01	8.594766119083999678e-01	7.878852678435726009e-01	7.878852678435726009e-01	7.878852678435726009e-01	9.008758407567980520e-01	7.878852678435726009e-01	7.878852678435726009e-01	7.725149175283350100e-01	7.878852678435726009e-01	7.878852678435726009e-01	7.878852678435726009e-01	7.878852678435726009e-01	8.649104465069179515e-01	7.878852678435726009e-01	8.575720167654670156e-01	7.878852678435726009e-01	7.878852678435726009e-01	8.303213116718070053e-01	7.878852678435726009e-01	7.878852678435726009e-01	8.280320647591780103e-01	7.878852678435726009e-01	7.878852678435726009e-01	7.878852678435726009e-01	7.878852678435726009e-01	7.878852678435726009e-01	7.878852678435726009e-01	7.454960848435719933e-01	7.878852678435726009e-01	8.391033644894639876e-01	8.738175567463299931e-01	7.878852678435726009e-01	7.878852678435726009e-01	7.878852678435726009e-01	7.878852678435726009e-01	7.878852678435726009e-01	6.639718426841459964e-01	7.878852678435726009e-01	7.878852678435726009e-01	7.878852678435726009e-01	8.377486623952810074e-01	7.878852678435726009e-01	7.878852678435726009e-01	7.878852678435726009e-01	7.878852678435726009e-01	7.878852678435726009e-01	7.878852678435726009e-01	7.878852678435726009e-01	7.878852678435726009e-01	7.878852678435726009e-01	1.000000000000000021e-03	7.878852678435726009e-01	7.878852678435726009e-01	7.878852678435726009e-01	7.878852678435726009e-01	8.340542459232309636e-01	8.678917659334299817e-01	8.446944025586580196e-01	8.645084188224739785e-01	7.878852678435726009e-01	7.878852678435726009e-01	8.807185223187530276e-01	7.878852678435726009e-01	7.481645503081240101e-01	7.878852678435726009e-01	7.878852678435726009e-01	7.878852678435726009e-01	8.669009992621520277e-01	7.448822957377020382e-01	7.878852678435726009e-01	7.878852678435726009e-01	8.108578868690089481e-01	8.397321309846159654e-01	8.474771216672479790e-01	8.410586608163640454e-01	7.878852678435726009e-01	7.878852678435726009e-01	8.637272331923450119e-01	8.444302049119569720e-01	7.878852678435726009e-01	7.878852678435726009e-01	7.878852678435726009e-01	7.999732770563430240e-01	8.395176710981659962e-01	7.878852678435726009e-01	7.878852678435726009e-01
8.063465959714080089e-01	7.624009644313169964e-01	7.878852678435726009e-01	7.878852678435726009e-01	7.878852678435726009e-01	1.000000000000000000e+00	7.878852678435726009e-01	7.878852678435726009e-01	8.399249506709529633e-01	8.218646490311569686e-01	8.443793139424660144e-01	7.878852678435726009e-01	7.878852678435726009e-01	7.878852678435726009e-01	7.878852678435726009e-01	7.878852678435726009e-01	7.878852678435726009e-01	6.348462182338849846e-01	7.878852678435726009e-01	7.734155688855790522e-01	7.878852678435726009e-01	7.878852678435726009e-01	7.878852678435726009e-01	7.878852678435726009e-01	7.878852678435726009e-01	7.878852678435726009e-01	7.878852678435726009e-01	7.878852678435726009e-01	7.878852678435726009e-01	7.878852678435726009e-01	7.878852678435726009e-01	7.593896274625370202e-01	7.878852678435726009e-01	8.413049020532600286e-01	7.878852678435726009e-01	7.878852678435726009e-01	8.245011681526289715e-01	7.878852678435726009e-01	7.878852678435726009e-01	8.281532695737739980e-01	7.878852678435726009e-01	7.604168153365370442e-01	7.878852678435726009e-01	7.878852678435726009e-01	7.561991798100979878e-01	7.878852678435726009e-01	7.878852678435726009e-01	7.654264394816140404e-01	7.878852678435726009e-01	7.878852678435726009e-01	7.787745171492299612e-01	7.878852678435726009e-01	7.878852678435726009e-01	7.878852678435726009e-01	7.878852678435726009e-01	8.028874322821949461e-01	7.878852678435726009e-01	7.804234742387079482e-01	7.878852678435726009e-01	7.878852678435726009e-01	7.878852678435726009e-01	7.878852678435726009e-01	7.878852678435726009e-01	7.878852678435726009e-01	7.878852678435726009e-01	7.878852678435726009e-01	7.671153791643450237e-01	8.312678863481030023e-01	7.675866587101080052e-01	7.878852678435726009e-01	7.878852678435726009e-01	7.878852678435726009e-01	7.878852678435726009e-01	7.878852678435726009e-01	7.878852678435726009e-01	7.878852678435726009e-01	7.878852678435726009e-01	7.878852678435726009e-01	7.879515410307970091e-01	7.878852678435726009e-01	7.568201220998760359e-01	7.713828297095030040e-01	7.878852678435726009e-01	7.878852678435726009e-01	7.654989345931629829e-01	7.878852678435726009e-01	7.878852678435726009e-01	7.878852678435726009e-01	1.000000000000000021e-03	7.878852678435726009e-01	7.878852678435726009e-01	7.878852678435726009e-01	7.878852678435726009e-01	7.878852678435726009e-01	7.878852678435726009e-01	7.878852678435726009e-01	7.878852678435726009e-01	7.878852678435726009e-01	7.878852678435726009e-01	7.878852678435726009e-01	7.878852678435726009e-01	7.878852678435726009e-01	7.632679187003089671e-01	7.878852678435726009e-01	7.878852678435726009e-01	7.878852678435726009e-01	7.878852678435726009e-01	7.878852678435726009e-01	7.878852678435726009e-01	7.271148134874400037e-01	7.878852678435726009e-01	7.878852678435726009e-01	7.878852678435726009e-01	7.878852678435726009e-01	7.878852678435726009e-01	7.878852678435726009e-01	7.878852678435726009e-01	7.878852678435726009e-01	7.878852678435726009e-01	7.878852678435726009e-01	7.878852678435726009e-01	7.878852678435726009e-01	7.247106688703569555e-01	7.878852678435726009e-01
7.878852678435726009e-01	7.878852678435726009e-01	8.049107853332609919e-01	7.878852678435726009e-01	7.878852678435726009e-01	7.878852678435726009e-01	1.000000000000000000e+00	9.079305659239940152e-01	7.878852678435726009e-01	7.878852678435726009e-01	7.878852678435726009e-01	7.373741086100540354e-01	7.878852678435726009e-01	7.878852678435726009e-01	7.878852678435726009e-01	7.878852678435726009e-01	7.878852678435726009e-01	7.878852678435726009e-01	7.878852678435726009e-01	7.810194773114289557e-01	7.878852678435726009e-01	7.956915104860069476e-01	7.878852678435726009e-01	8.177191258100019455e-01	7.878852678435726009e-01	7.878852678435726009e-01	7.878852678435726009e-01	7.878852678435726009e-01	7.710065734729639741e-01	7.878852678435726009e-01	7.841593447526240546e-01	7.799599820370609615e-01	7.878852678435726009e-01	7.878852678435726009e-01	8.291045110362059711e-01	7.878852678435726009e-01	7.878852678435726009e-01	8.261615844392350416e-01	7.878852678435726009e-01	8.527861422948149750e-01	7.878852678435726009e-01	7.878852678435726009e-01	7.878852678435726009e-01	7.878852678435726009e-01	7.878852678435726009e-01	7.878852678435726009e-01	7.878852678435726009e-01	7.878852678435726009e-01	7.878852678435726009e-01	7.878852678435726009e-01	7.800607177897590505e-01	7.878852678435726009e-01	7.878852678435726009e-01	7.859257071873659850e-01	7.878852678435726009e-01	7.878852678435726009e-01	7.878852678435726009e-01	7.878852678435726009e-01	7.790114658955910043e-01	7.878852678435726009e-01	7.878852678435726009e-01	7.491550540818849857e-01	7.923303549374429711e-01	7.878852678435726009e-01	8.243946934335729670e-01	8.088358331600640216e-01	7.960044219176859448e-01	7.878852678435726009e-01	8.460409116088459802e-01	8.023576347562659805e-01	7.878852678435726009e-01	8.207167688499600322e-01	7.777694048322629783e-01	7.878852678435726009e-01	7.878852678435726009e-01	7.878852678435726009e-01	7.878852678435726009e-01	7.878852678435726009e-01	7.878852678435726009e-01	7.878852678435726009e-01	8.083670665924189702e-01	7.878852678435726009e-01	8.141200476398700037e-01	7.878852678435726009e-01	7.878852678435726009e-01	7.878852678435726009e-01	7.878852678435726009e-01	7.744061647294570028e-01	7.878852678435726009e-01	7.878852678435726009e-01	7.878852678435726009e-01	7.878852678435726009e-01	7.878852678435726009e-01	7.878852678435726009e-01	7.878852678435726009e-01	7.878852678435726009e-01	7.878852678435726009e-01	7.895632775696860284e-01	7.878852678435726009e-01	8.066451772815470544e-01	7.878852678435726009e-01	7.531885607677929473e-01	8.290331300417109750e-01	7.878852678435726009e-01	7.878852678435726009e-01	7.878852678435726009e-01	7.878852678435726009e-01	7.174984621765310155e-01	8.491618743557219906e-01	7.660703484094769644e-01	7.878852678435726009e-01	7.878852678435726009e-01	8.653573632088960021e-01	7.878852678435726009e-01	7.878852678435726009e-01	7.878852678435726009e-01	7.878852678435726009e-01	7.878852678435726009e-01	8.305405730325370328e-01	7.878852678435726009e-01	8.018857185859730174e-01	7.878852678435726009e-01	7.878852678435726009e-01	7.801995305831670446e-01
7.878852678435726009e-01	7.878852678435726009e-01	7.878852678435726009e-01	8.143864481820199952e-01	8.748312923143829467e-01	7.878852678435726009e-01	9.079305659239940152e-01	1.000000000000000000e+00	7.878852678435726009e-01	7.878852678435726009e-01	7.878852678435726009e-01	7.878852678435726009e-01	7.878852678435726009e-01	7.878852678435726009e-01	7.878852678435726009e-01	8.509769633380660503e-01	7.878852678435726009e-01	6.387938791809689709e-01	7.878852678435726009e-01	7.878852678435726009e-01	7.878852678435726009e-01	7.878852678435726009e-01	7.878852678435726009e-01	7.878852678435726009e-01	8.862154364903970238e-01	8.295948265566059909e-01	7.878852678435726009e-01	7.878852678435726009e-01	7.878852678435726009e-01	7.878852678435726009e-01	7.878852678435726009e-01	7.878852678435726009e-01	8.248301435802010140e-01	7.878852678435726009e-01	8.503715030013729859e-01	7.731869791609150555e-01	7.878852678435726009e-01	8.428370778624110216e-01	7.878852678435726009e-01	7.878852678435726009e-01	7.878852678435726009e-01	8.131533257114670343e-01	8.391611624372420364e-01	7.878852678435726009e-01	8.016602177064949819e-01	7.878852678435726009e-01	7.878852678435726009e-01	7.878852678435726009e-01	8.449659578040950025e-01	7.878852678435726009e-01	7.878852678435726009e-01	7.878852678435726009e-01	7.878852678435726009e-01	7.878852678435726009e-01	7.878852678435726009e-01	7.878852678435726009e-01	8.428370778624110216e-01	8.233094363864890131e-01	7.878852678435726009e-01	7.878852678435726009e-01	7.878852678435726009e-01	7.878852678435726009e-01	7.878852678435726009e-01	7.878852678435726009e-01	7.878852678435726009e-01	7.878852678435726009e-01	8.384726624377299986e-01	7.878852678435726009e-01	7.878852678435726009e-01	7.878852678435726009e-01	8.176252594500470483e-01	7.878852678435726009e-01	8.055925341235139481e-01	7.878852678435726009e-01	7.878852678435726009e-01	7.878852678435726009e-01	8.269325263747520083e-01	8.127566951432489972e-01	7.878852678435726009e-01	8.210348090127309595e-01	8.403372512276560125e-01	7.878852678435726009e-01	8.420682247999550230e-01	7.878852678435726009e-01	7.878852678435726009e-01	7.878852678435726009e-01	7.878852678435726009e-01	7.878852678435726009e-01	7.878852678435726009e-01	8.594642788238510134e-01	7.730405397091859587e-01	7.878852678435726009e-01	7.878852678435726009e-01	7.878852678435726009e-01	7.878852678435726009e-01	7.816563138333539884e-01	7.878852678435726009e-01	8.143934598996750429e-01	8.246502558626389590e-01	7.878852678435726009e-01	7.878852678435726009e-01	7.878852678435726009e-01	7.878852678435726009e-01	7.878852678435726009e-01	7.878852678435726009e-01	7.878852678435726009e-01	7.878852678435726009e-01	7.426964456718100349e-01	8.638189549044710258e-01	8.202364085516830050e-01	7.878852678435726009e-01	7.878852678435726009e-01	7.878852678435726009e-01	7.878852678435726009e-01	7.574893994117729568e-01	7.878852678435726009e-01	7.878852678435726009e-01	8.540082864908079552e-01	8.616895605451290185e-01	8.019570637021069537e-01	7.897332449976369739e-01	7.878852678435726009e-01	7.878852678435726009e-01	8.090099493456850421e-01
7.878852678435726009e-01	7.878852678435726009e-01	7.878852678435726009e-01	7.878852678435726009e-01	9.203527384079039919e-01	8.399249506709529633e-01	7.878852678435726009e-01	7.878852678435726009e-01	1.000000000000000000e+00	8.675232079602609447e-01	7.878852678435726009e-01	7.878852678435726009e-01	7.878852678435726009e-01	7.878852678435726009e-01	7.878852678435726009e-01	8.765603613541379513e-01	7.878852678435726009e-01	7.878852678435726009e-01	7.878852678435726009e-01	7.878852678435726009e-01	7.643837095461010200e-01	7.878852678435726009e-01	7.878852678435726009e-01	8.759165879636660046e-01	7.878852678435726009e-01	7.878852678435726009e-01	7.878852678435726009e-01	7.878852678435726009e-01	8.537142242200139730e-01	8.846094815884339990e-01	7.878852678435726009e-01	8.638065595093450399e-01	8.363217384722020364e-01	7.878852678435726009e-01	7.878852678435726009e-01	7.878852678435726009e-01	7.878852678435726009e-01	8.970961117877249702e-01	8.709333507327750024e-01	7.878852678435726009e-01	7.878852678435726009e-01	7.878852678435726009e-01	8.913449477741399729e-01	7.878852678435726009e-01	8.553868267095879885e-01	7.878852678435726009e-01	7.878852678435726009e-01	7.878852678435726009e-01	7.878852678435726009e-01	7.878852678435726009e-01	8.745300600190419882e-01	7.878852678435726009e-01	8.677722164649339653e-01	7.878852678435726009e-01	7.878852678435726009e-01	8.551143765160339472e-01	7.878852678435726009e-01	7.878852678435726009e-01	7.878852678435726009e-01	7.878852678435726009e-01	7.878852678435726009e-01	7.680780664791979628e-01	7.878852678435726009e-01	7.878852678435726009e-01	7.878852678435726009e-01	7.878852678435726009e-01	7.878852678435726009e-01	8.431927282922270228e-01	8.624169251304479866e-01	7.878852678435726009e-01	7.878852678435726009e-01	7.878852678435726009e-01	7.878852678435726009e-01	8.494104880137309799e-01	7.878852678435726009e-01	7.877525662208579860e-01	8.573554612792989582e-01	7.878852678435726009e-01	7.878852678435726009e-01	8.671348973633850044e-01	7.878852678435726009e-01	7.878852678435726009e-01	7.878852678435726009e-01	7.878852678435726009e-01	7.878852678435726009e-01	7.878852678435726009e-01	7.878852678435726009e-01	7.878852678435726009e-01	1.000000000000000021e-03	7.878852678435726009e-01	7.878852678435726009e-01	7.878852678435726009e-01	9.021021767300979599e-01	7.878852678435726009e-01	7.878852678435726009e-01	7.878852678435726009e-01	7.878852678435726009e-01	8.697468901798039997e-01	7.878852678435726009e-01	8.973227051826480061e-01	9.026304806022159566e-01	7.878852678435726009e-01	7.878852678435726009e-01	7.878852678435726009e-01	8.874243625224440546e-01	7.878852678435726009e-01	7.502200702204679938e-01	7.878852678435726009e-01	7.878852678435726009e-01	8.254150497105080531e-01	7.878852678435726009e-01	7.878852678435726009e-01	8.292330123145980059e-01	7.861219644439479959e-01	7.878852678435726009e-01	7.878852678435726009e-01	7.878852678435726009e-01	8.915982350989369865e-01	7.878852678435726009e-01	7.878852678435726009e-01	7.878852678435726009e-01	7.878852678435726009e-01	7.878852678435726009e-01	8.684324347223619789e-01
7.817258591054480066e-01	7.878852678435726009e-01	7.878852678435726009e-01	7.878852678435726009e-01	8.465582497197630119e-01	8.218646490311569686e-01	7.878852678435726009e-01	7.878852678435726009e-01	8.675232079602609447e-01	1.000000000000000000e+00	7.878852678435726009e-01	7.878852678435726009e-01	7.878852678435726009e-01	7.878852678435726009e-01	7.878852678435726009e-01	7.878852678435726009e-01	8.493787979124509668e-01	7.878852678435726009e-01	7.730494140378949552e-01	7.878852678435726009e-01	7.878852678435726009e-01	7.878852678435726009e-01	7.878852678435726009e-01	8.603946899710299689e-01	7.878852678435726009e-01	7.878852678435726009e-01	7.778363719432179746e-01	8.337550903000420233e-01	7.878852678435726009e-01	8.228771506557860382e-01	7.878852678435726009e-01	7.878852678435726009e-01	7.237898735752880119e-01	7.878852678435726009e-01	7.878852678435726009e-01	7.878852678435726009e-01	8.037658232317600460e-01	8.264414125244969878e-01	7.878852678435726009e-01	8.377414495953560136e-01	7.878852678435726009e-01	8.408945400332139553e-01	7.878852678435726009e-01	7.383863508594390446e-01	7.878852678435726009e-01	7.867042569335880309e-01	8.757909061748919699e-01	7.878852678435726009e-01	7.878852678435726009e-01	8.644315089025650378e-01	7.358667940026489829e-01	7.878852678435726009e-01	7.878852678435726009e-01	7.878852678435726009e-01	7.878852678435726009e-01	7.878852678435726009e-01	7.526353954926929823e-01	7.878852678435726009e-01	7.878852678435726009e-01	7.878852678435726009e-01	7.274216328036929857e-01	7.878852678435726009e-01	7.878852678435726009e-01	6.476155367249469830e-01	7.878852678435726009e-01	7.878852678435726009e-01	7.878852678435726009e-01	7.878852678435726009e-01	7.878852678435726009e-01	7.323946274653979627e-01	7.280293916955280498e-01	7.878852678435726009e-01	7.179578035611470233e-01	7.878852678435726009e-01	7.878852678435726009e-01	7.878852678435726009e-01	7.878852678435726009e-01	7.878852678435726009e-01	7.878852678435726009e-01	7.878852678435726009e-01	7.869187755898030545e-01	7.878852678435726009e-01	7.878852678435726009e-01	7.878852678435726009e-01	7.521603436786109542e-01	7.373508306739640084e-01	7.484845481223429964e-01	7.150830149781389755e-01	7.878852678435726009e-01	8.673215634513089523e-01	7.878852678435726009e-01	7.878852678435726009e-01	7.878852678435726009e-01	7.878852678435726009e-01	7.878852678435726009e-01	7.878852678435726009e-01	7.878852678435726009e-01	7.316404272582479607e-01	7.878852678435726009e-01	7.795347967021000191e-01	8.023760566265240035e-01	7.878852678435726009e-01	7.878852678435726009e-01	7.878852678435726009e-01	7.544021926984010307e-01	7.878852678435726009e-01	7.878852678435726009e-01	7.878852678435726009e-01	8.299496529528519462e-01	7.878852678435726009e-01	7.029375471327909963e-01	7.878852678435726009e-01	7.878852678435726009e-01	8.351153180016299693e-01	8.371141736633419539e-01	7.726656923844239522e-01	7.878852678435726009e-01	7.878852678435726009e-01	8.119966388368300425e-01	7.878852678435726009e-01	7.878852678435726009e-01	7.402195376240070512e-01	6.876451499016069668e-01	7.420508867071059500e-01
7.878852678435726009e-01	7.878852678435726009e-01	7.910080324412229746e-01	8.454802121315190266e-01	7.878852678435726009e-01	8.443793139424660144e-01	7.878852678435726009e-01	7.878852678435726009e-01	7.878852678435726009e-01	7.878852678435726009e-01	1.000000000000000000e+00	7.878852678435726009e-01	7.878852678435726009e-01	5.137959334261940070e-01	7.878852678435726009e-01	7.878852678435726009e-01	8.675680242172489898e-01	5.857969313835620362e-01	7.878852678435726009e-01	8.899672007868499879e-01	7.878852678435726009e-01	7.878852678435726009e-01	7.878852678435726009e-01	8.590006832487719901e-01	7.878852678435726009e-01	7.878852678435726009e-01	7.878852678435726009e-01	7.878852678435726009e-01	7.878852678435726009e-01	7.878852678435726009e-01	7.878852678435726009e-01	7.878852678435726009e-01	8.728375599997260093e-01	7.878852678435726009e-01	7.878852678435726009e-01	7.878852678435726009e-01	7.878852678435726009e-01	7.878852678435726009e-01	7.878852678435726009e-01	7.878852678435726009e-01	7.878852678435726009e-01	7.878852678435726009e-01	7.878852678435726009e-01	7.878852678435726009e-01	8.921511118476229685e-01	7.878852678435726009e-01	7.878852678435726009e-01	7.878852678435726009e-01	7.878852678435726009e-01	7.878852678435726009e-01	7.878852678435726009e-01	8.942839166374040305e-01	7.878852678435726009e-01	7.878852678435726009e-01	7.878852678435726009e-01	7.878852678435726009e-01	7.878852678435726009e-01	9.206248371171900091e-01	7.878852678435726009e-01	7.878852678435726009e-01	7.878852678435726009e-01	7.446343571575310127e-01	8.754164813769570452e-01	7.878852678435726009e-01	8.891017682672720523e-01	7.132916086973819514e-01	7.878852678435726009e-01	7.878852678435726009e-01	8.860018189027190072e-01	8.638611005783870533e-01	9.033457371594240115e-01	8.998784106553060491e-01	7.878852678435726009e-01	7.878852678435726009e-01	6.198190111991179752e-01	7.538524630837230012e-01	7.878852678435726009e-01	7.878852678435726009e-01	7.878852678435726009e-01	9.133771034224860141e-01	9.144760992569189728e-01	9.117690270813419984e-01	7.878852678435726009e-01	7.878852678435726009e-01	8.893620753413730151e-01	7.878852678435726009e-01	7.878852678435726009e-01	8.558091732646130323e-01	1.000000000000000021e-03	8.192106985177840528e-01	7.878852678435726009e-01	7.878852678435726009e-01	7.878852678435726009e-01	7.878852678435726009e-01	7.878852678435726009e-01	7.878852678435726009e-01	7.878852678435726009e-01	7.878852678435726009e-01	7.878852678435726009e-01	7.878852678435726009e-01	9.358007509654400202e-01	7.065255033449110433e-01	7.878852678435726009e-01	8.317881267996519723e-01	7.878852678435726009e-01	7.878852678435726009e-01	7.878852678435726009e-01	7.878852678435726009e-01	7.878852678435726009e-01	7.878852678435726009e-01	7.878852678435726009e-01	8.644439132655490354e-01	8.189756248115980242e-01	7.635286354240039541e-01	7.878852678435726009e-01	7.878852678435726009e-01	7.878852678435726009e-01	9.256692136350880284e-01	7.878852678435726009e-01	7.878852678435726009e-01	7.878852678435726009e-01	7.878852678435726009e-01	7.878852678435726009e-01	7.878852678435726009e-01
7.878852678435726009e-01	7.878852678435726009e-01	8.585718335758739661e-01	7.878852678435726009e-01	7.369467581938230483e-01	7.878852678435726009e-01	7.373741086100540354e-01	7.878852678435726009e-01	7.878852678435726009e-01	7.878852678435726009e-01	7.878852678435726009e-01	1.000000000000000000e+00	7.878852678435726009e-01	7.878852678435726009e-01	5.835518070711199767e-01	7.878852678435726009e-01	7.878852678435726009e-01	7.724284569901670450e-01	6.221536709119579456e-01	7.878852678435726009e-01	7.995211195976820173e-01	7.878852678435726009e-01	7.878852678435726009e-01	7.878852678435726009e-01	7.878852678435726009e-01	7.878852678435726009e-01	6.217199371082460235e-01	7.878852678435726009e-01	5.479674231417399621e-01	7.878852678435726009e-01	7.878852678435726009e-01	7.878852678435726009e-01	7.878852678435726009e-01	7.878852678435726009e-01	7.878852678435726009e-01	7.878852678435726009e-01	7.878852678435726009e-01	6.823745234573840301e-01	7.878852678435726009e-01	7.878852678435726009e-01	7.878852678435726009e-01	7.878852678435726009e-01	7.878852678435726009e-01	7.878852678435726009e-01	7.878852678435726009e-01	8.307503554689920078e-01	8.723241902245040258e-01	7.878852678435726009e-01	7.878852678435726009e-01	7.878852678435726009e-01	7.878852678435726009e-01	7.878852678435726009e-01	7.176364396821469649e-01	7.878852678435726009e-01	5.439874764376280147e-01	8.357482917055909510e-01	7.878852678435726009e-01	7.878852678435726009e-01	7.878852678435726009e-01	6.023664678035579589e-01	7.878852678435726009e-01	7.878852678435726009e-01	5.410292615093600377e-01	8.028828238397649475e-01	7.878852678435726009e-01	7.878852678435726009e-01	7.189372018461429592e-01	7.878852678435726009e-01	7.878852678435726009e-01	7.878852678435726009e-01	5.823539167233360292e-01	5.675340164494819817e-01	7.878852678435726009e-01	5.998632708990609963e-01	7.878852678435726009e-01	7.878852678435726009e-01	7.878852678435726009e-01	6.225466126995540250e-01	7.878852678435726009e-01	5.910929525720439726e-01	7.878852678435726009e-01	7.878852678435726009e-01	7.878852678435726009e-01	7.878852678435726009e-01	7.878852678435726009e-01	5.736732839041770449e-01	5.724825277563110326e-01	7.878852678435726009e-01	7.878852678435726009e-01	7.878852678435726009e-01	8.227401894379160474e-01	7.878852678435726009e-01	6.618391532553330459e-01	5.644655743989720476e-01	7.878852678435726009e-01	5.389665411428660180e-01	7.878852678435726009e-01	7.878852678435726009e-01	7.878852678435726009e-01	7.878852678435726009e-01	6.395110984575409496e-01	7.878852678435726009e-01	7.878852678435726009e-01	7.878852678435726009e-01	7.878852678435726009e-01	6.081176319573989852e-01	7.878852678435726009e-01	6.256416344019789522e-01	7.878852678435726009e-01	7.878852678435726009e-01	7.878852678435726009e-01	7.878852678435726009e-01	7.878852678435726009e-01	7.878852678435726009e-01	7.878852678435726009e-01	5.880473181459500154e-01	5.970996610280689953e-01	6.711523947652060507e-01	6.735450855643889678e-01	7.878852678435726009e-01	8.035859169667940449e-01	5.664372792251040067e-01	7.878852678435726009e-01	7.878852678435726009e-01
