1.000000000000000000e+00	5.164764108475469739e-02	2.777931677364161578e-01	2.777931677364161578e-01	2.777931677364161578e-01	1.711842872138180094e-01	2.777931677364161578e-01	2.777931677364161578e-01	2.777931677364161578e-01	2.777931677364161578e-01	2.777931677364161578e-01	2.168528907124750091e-02	2.777931677364161578e-01	2.777931677364161578e-01	2.777931677364161578e-01	2.777931677364161578e-01	2.777931677364161578e-01	5.196639893061789743e-03	2.777931677364161578e-01	4.586731995903600145e-01	2.777931677364161578e-01	2.777931677364161578e-01	9.460955430418560574e-02	1.608345180955760012e-01	2.777931677364161578e-01	2.777931677364161578e-01	2.777931677364161578e-01	2.578906005566570236e-01	2.777931677364161578e-01	2.777931677364161578e-01	2.777931677364161578e-01	2.777931677364161578e-01	5.560163671329350077e-01	2.777931677364161578e-01	6.010034121881430158e-01	5.033910228865350334e-01	2.777931677364161578e-01	2.777931677364161578e-01	2.777931677364161578e-01	2.777931677364161578e-01	6.340279473164229795e-01	6.800002454347679748e-02	3.878383964231419956e-01	6.003390154943419876e-01	2.777931677364161578e-01	2.285911430401000102e-02	2.777931677364161578e-01	2.777931677364161578e-01	2.777931677364161578e-01	2.777931677364161578e-01	5.729393390260779650e-01	2.777931677364161578e-01	2.462536416995000088e-01	2.777931677364161578e-01	5.433140417263460087e-01	2.777931677364161578e-01	5.767950421216629930e-01	2.777931677364161578e-01	2.777931677364161578e-01	2.777931677364161578e-01	2.777931677364161578e-01	3.379516100737720019e-02	2.777931677364161578e-01	2.777931677364161578e-01	2.532117606458429981e-01	2.777931677364161578e-01	2.777931677364161578e-01	2.777931677364161578e-01	2.777931677364161578e-01	2.777931677364161578e-01	2.777931677364161578e-01	2.777931677364161578e-01	5.276260876243099585e-01	2.777931677364161578e-01	6.681102848603600111e-03	2.777931677364161578e-01	2.777931677364161578e-01	4.911159494707449946e-01	2.777931677364161578e-01	2.777931677364161578e-01	2.777931677364161578e-01	6.702064728391220472e-01	2.777931677364161578e-01	3.110768733605339884e-02	5.991252118506660285e-01	6.307092549720110242e-01	6.514675283655889659e-01	4.251697074868729942e-01	1.000000000000000048e-04	2.777931677364161578e-01	2.777931677364161578e-01	2.777931677364161578e-01	2.777931677364161578e-01	2.777931677364161578e-01	5.920052004887409458e-01	2.777931677364161578e-01	2.777931677364161578e-01	6.734952023853919556e-01	2.777931677364161578e-01	2.777931677364161578e-01	2.777931677364161578e-01	2.777931677364161578e-01	2.777931677364161578e-01	2.777931677364161578e-01	2.777931677364161578e-01	6.026605310939510129e-01	2.777931677364161578e-01	2.777931677364161578e-01	2.777931677364161578e-01	2.777931677364161578e-01	2.777931677364161578e-01	2.777931677364161578e-01	2.777931677364161578e-01	7.604797689859130183e-02	2.777931677364161578e-01	6.318532030463439586e-01	2.777931677364161578e-01	2.777931677364161578e-01	6.056463157432789846e-01	5.361628532179689710e-01	2.777931677364161578e-01	2.777931677364161578e-01	5.035687551254109939e-01	2.777931677364161578e-01
5.164764108475469739e-02	1.000000000000000000e+00	2.777931677364161578e-01	2.777931677364161578e-01	2.777931677364161578e-01	2.777931677364161578e-01	2.777931677364161578e-01	2.777931677364161578e-01	2.777931677364161578e-01	1.960539238806920104e-01	2.777931677364161578e-01	1.503089239904910057e-01	2.777931677364161578e-01	2.777931677364161578e-01	2.300753382147860057e-02	2.777931677364161578e-01	9.830004594688379616e-02	2.777931677364161578e-01	2.777931677364161578e-01	2.777931677364161578e-01	2.777931677364161578e-01	1.751676861769119881e-02	1.500756403446379950e-01	2.777931677364161578e-01	2.777931677364161578e-01	2.777931677364161578e-01	4.008997289011630161e-02	2.777931677364161578e-01	2.777931677364161578e-01	2.777931677364161578e-01	2.777931677364161578e-01	2.777931677364161578e-01	2.777931677364161578e-01	1.118916761328690029e-01	2.777931677364161578e-01	8.194688628377470169e-03	2.777931677364161578e-01	2.777931677364161578e-01	2.777931677364161578e-01	2.777931677364161578e-01	2.928544590128310046e-02	8.621117354779890551e-02	2.777931677364161578e-01	2.777931677364161578e-01	1.632385777784450126e-02	2.777931677364161578e-01	2.777931677364161578e-01	2.777931677364161578e-01	2.777931677364161578e-01	2.777931677364161578e-01	2.777931677364161578e-01	2.458219540035160022e-02	1.125572244413799994e-01	1.921369091148139932e-02	2.777931677364161578e-01	2.777931677364161578e-01	2.284566919010510080e-02	2.777931677364161578e-01	2.777931677364161578e-01	2.777931677364161578e-01	2.777931677364161578e-01	2.777931677364161578e-01	1.754028188594190102e-02	2.777931677364161578e-01	2.777931677364161578e-01	2.777931677364161578e-01	3.755903549080250037e-02	2.777931677364161578e-01	3.637252982743360147e-02	2.777931677364161578e-01	2.777931677364161578e-01	2.777931677364161578e-01	1.260578103151810056e-02	2.777931677364161578e-01	5.387741121782749915e-02	2.777931677364161578e-01	1.882297219864249860e-02	2.777931677364161578e-01	2.777931677364161578e-01	2.777931677364161578e-01	2.777931677364161578e-01	2.777931677364161578e-01	2.777931677364161578e-01	2.777931677364161578e-01	2.777931677364161578e-01	2.777931677364161578e-01	2.777931677364161578e-01	2.006821392722139830e-02	2.777931677364161578e-01	2.165803104913699983e-01	2.777931677364161578e-01	2.777931677364161578e-01	2.777931677364161578e-01	2.777931677364161578e-01	2.777931677364161578e-01	1.045726358662710069e-02	2.777931677364161578e-01	2.777931677364161578e-01	2.777931677364161578e-01	2.777931677364161578e-01	5.416600433092590150e-02	2.777931677364161578e-01	2.309269959914509937e-02	2.777931677364161578e-01	2.777931677364161578e-01	6.005148717426069677e-02	2.777931677364161578e-01	2.777931677364161578e-01	2.777931677364161578e-01	2.777931677364161578e-01	2.777931677364161578e-01	2.777931677364161578e-01	1.508227153577189894e-01	2.777931677364161578e-01	1.648156637676150005e-01	2.777931677364161578e-01	3.525502035230049930e-02	8.088266690113020407e-02	5.492980630593959773e-02	1.493830404275629971e-02	2.777931677364161578e-01	2.777931677364161578e-01	7.967815324849769967e-03	2.777931677364161578e-01
2.777931677364161578e-01	2.777931677364161578e-01	1.000000000000000000e+00	2.777931677364161578e-01	2.777931677364161578e-01	2.777931677364161578e-01	2.777931677364161578e-01	2.777931677364161578e-01	2.777931677364161578e-01	2.670060765126079927e-01	1.462404536801809873e-01	2.863901945062279908e-01	2.777931677364161578e-01	2.777931677364161578e-01	2.777931677364161578e-01	2.777931677364161578e-01	2.777931677364161578e-01	2.777931677364161578e-01	4.905319933431689927e-02	2.777931677364161578e-01	1.254734230581880106e-01	3.173771759405100146e-02	2.777931677364161578e-01	2.777931677364161578e-01	2.777931677364161578e-01	2.777931677364161578e-01	5.163670303643679710e-02	2.777931677364161578e-01	2.777931677364161578e-01	1.013777690823839950e-01	2.777931677364161578e-01	2.777931677364161578e-01	2.777931677364161578e-01	1.748610639526360089e-01	2.777931677364161578e-01	2.777931677364161578e-01	2.777931677364161578e-01	1.035430240073030028e-01	2.777931677364161578e-01	2.777931677364161578e-01	2.777931677364161578e-01	2.777931677364161578e-01	2.777931677364161578e-01	2.777931677364161578e-01	2.777931677364161578e-01	2.777931677364161578e-01	2.777931677364161578e-01	2.777931677364161578e-01	2.777931677364161578e-01	2.777931677364161578e-01	2.777931677364161578e-01	2.777931677364161578e-01	2.777931677364161578e-01	2.777931677364161578e-01	1.688772520395930010e-02	2.777931677364161578e-01	2.777931677364161578e-01	3.272524718156900186e-02	2.777931677364161578e-01	2.777931677364161578e-01	2.777931677364161578e-01	2.777931677364161578e-01	2.777931677364161578e-01	2.777931677364161578e-01	2.004723418606199903e-01	2.777931677364161578e-01	1.367149846573620098e-01	2.777931677364161578e-01	2.777931677364161578e-01	2.777931677364161578e-01	2.777931677364161578e-01	2.777931677364161578e-01	1.986662421471190043e-02	4.285394148793390118e-02	2.777931677364161578e-01	2.878632597781999869e-01	2.777931677364161578e-01	2.777931677364161578e-01	2.613425729549890275e-01	2.777931677364161578e-01	4.860732692188630272e-02	2.357593088096660017e-02	2.777931677364161578e-01	2.777931677364161578e-01	2.236213898720210147e-02	2.531071728987319830e-02	2.989404340755990111e-02	2.777931677364161578e-01	2.777931677364161578e-01	1.999022898750059951e-01	2.777931677364161578e-01	2.765153236073190079e-01	8.633502411145900501e-02	2.777931677364161578e-01	2.777931677364161578e-01	1.676536383312129952e-02	1.101464252866620058e-01	2.777931677364161578e-01	3.160430183617240346e-02	2.777931677364161578e-01	2.777931677364161578e-01	2.777931677364161578e-01	2.777931677364161578e-01	2.777931677364161578e-01	2.777931677364161578e-01	4.323279198483109820e-02	1.608685871903610121e-01	2.777931677364161578e-01	2.777931677364161578e-01	2.777931677364161578e-01	2.777931677364161578e-01	2.777931677364161578e-01	2.777931677364161578e-01	2.777931677364161578e-01	2.852534200076489723e-01	2.777931677364161578e-01	2.777931677364161578e-01	2.777931677364161578e-01	2.777931677364161578e-01	2.777931677364161578e-01	1.915524844668470006e-01	2.777931677364161578e-01	2.777931677364161578e-01	2.777931677364161578e-01
2.777931677364161578e-01	2.777931677364161578e-01	2.777931677364161578e-01	1.000000000000000000e+00	2.777931677364161578e-01	2.777931677364161578e-01	2.777931677364161578e-01	2.777931677364161578e-01	2.777931677364161578e-01	2.777931677364161578e-01	2.524857997556140266e-01	5.438186338149109816e-02	3.000368008056730207e-01	2.777931677364161578e-01	2.777931677364161578e-01	2.777931677364161578e-01	2.450627002432720081e-01	2.218601053569990017e-02	2.777931677364161578e-01	1.576825819835770137e-01	2.777931677364161578e-01	2.777931677364161578e-01	2.777931677364161578e-01	1.824532282452940024e-01	2.777931677364161578e-01	2.777931677364161578e-01	2.777931677364161578e-01	2.777931677364161578e-01	2.777931677364161578e-01	2.463058048716819937e-01	2.064087147223589991e-01	1.597255530502010024e-01	2.777931677364161578e-01	1.987109190980859974e-01	2.056813607799329868e-01	2.777931677364161578e-01	2.777931677364161578e-01	1.772683879814339891e-01	2.777931677364161578e-01	2.777931677364161578e-01	2.777931677364161578e-01	2.777931677364161578e-01	2.777931677364161578e-01	1.457594225931329868e-01	2.777931677364161578e-01	2.777931677364161578e-01	2.777931677364161578e-01	2.777931677364161578e-01	2.777931677364161578e-01	2.777931677364161578e-01	1.969835150780560040e-01	2.777931677364161578e-01	1.598157934737040042e-01	2.777931677364161578e-01	1.297465100955740025e-01	2.777931677364161578e-01	2.777931677364161578e-01	2.777931677364161578e-01	2.777931677364161578e-01	2.777931677364161578e-01	2.777931677364161578e-01	6.430962617339310017e-02	1.510287233217179892e-01	3.627289740383449982e-03	2.777931677364161578e-01	2.777931677364161578e-01	1.375314222965419997e-01	2.777931677364161578e-01	2.777931677364161578e-01	2.777931677364161578e-01	1.901914292527620010e-01	2.777931677364161578e-01	2.777931677364161578e-01	2.777931677364161578e-01	2.777931677364161578e-01	6.340345914813830253e-02	1.587885731216870100e-01	2.777931677364161578e-01	2.777931677364161578e-01	2.777931677364161578e-01	2.777931677364161578e-01	2.777931677364161578e-01	2.777931677364161578e-01	2.777931677364161578e-01	2.777931677364161578e-01	2.777931677364161578e-01	1.703042882392629964e-01	2.777931677364161578e-01	2.777931677364161578e-01	2.777931677364161578e-01	1.161523819618320019e-01	2.777931677364161578e-01	2.777931677364161578e-01	1.409456957864820004e-01	2.777931677364161578e-01	2.777931677364161578e-01	2.777931677364161578e-01	1.851915654848579895e-01	2.777931677364161578e-01	2.777931677364161578e-01	2.777931677364161578e-01	2.777931677364161578e-01	2.777931677364161578e-01	2.777931677364161578e-01	2.191851090137389990e-01	2.777931677364161578e-01	4.983982119580129821e-02	2.777931677364161578e-01	2.777931677364161578e-01	2.777931677364161578e-01	2.777931677364161578e-01	2.777931677364161578e-01	2.777931677364161578e-01	6.613453425553429688e-02	2.777931677364161578e-01	2.777931677364161578e-01	1.607020957466130107e-01	2.777931677364161578e-01	2.777931677364161578e-01	1.952527464139990065e-01	2.777931677364161578e-01	2.777931677364161578e-01	2.777931677364161578e-01	1.740153940624190043e-01
2.777931677364161578e-01	2.777931677364161578e-01	2.777931677364161578e-01	2.777931677364161578e-01	1.000000000000000000e+00	2.777931677364161578e-01	2.777931677364161578e-01	2.777931677364161578e-01	5.063137693609469636e-01	2.777931677364161578e-01	5.261009965307239522e-01	8.183810240849989648e-02	2.777931677364161578e-01	2.777931677364161578e-01	2.708667655917250117e-01	4.521144075470079904e-01	2.777931677364161578e-01	2.446388575165630089e-02	3.004678322528659962e-01	2.258296749916750001e-01	2.777931677364161578e-01	2.777931677364161578e-01	2.300296152914239889e-01	2.777931677364161578e-01	4.336276543290080165e-01	2.777931677364161578e-01	4.157108922944369733e-01	2.777931677364161578e-01	2.377962735290989893e-01	2.777931677364161578e-01	2.777931677364161578e-01	2.777931677364161578e-01	2.150009406029770032e-01	2.686448415138569801e-01	2.777931677364161578e-01	2.777931677364161578e-01	2.777931677364161578e-01	2.777931677364161578e-01	2.777931677364161578e-01	2.777931677364161578e-01	2.777931677364161578e-01	2.777931677364161578e-01	4.248596384305090012e-01	2.777931677364161578e-01	2.346277049608460064e-01	2.777931677364161578e-01	2.777931677364161578e-01	2.833132466320649745e-01	2.777931677364161578e-01	1.992681943944769885e-01	2.777931677364161578e-01	2.777931677364161578e-01	2.777931677364161578e-01	2.777931677364161578e-01	2.777931677364161578e-01	2.777931677364161578e-01	2.777931677364161578e-01	2.777931677364161578e-01	2.777931677364161578e-01	2.777931677364161578e-01	2.777931677364161578e-01	2.777931677364161578e-01	2.777931677364161578e-01	2.777931677364161578e-01	3.702592909841380120e-01	2.777931677364161578e-01	2.440555040041569868e-01	2.777931677364161578e-01	3.308576588127929985e-01	1.934324557677840062e-01	2.777931677364161578e-01	2.777931677364161578e-01	2.777931677364161578e-01	2.777931677364161578e-01	3.480163357466060231e-02	1.494799420139190094e-01	2.777931677364161578e-01	2.777931677364161578e-01	2.341643410425010008e-01	2.777931677364161578e-01	2.777931677364161578e-01	2.942884234372529773e-01	2.537486431120539732e-01	1.211242331168719960e-01	2.777931677364161578e-01	2.777931677364161578e-01	2.777931677364161578e-01	1.726123148800799978e-01	1.000000000000000048e-04	2.777931677364161578e-01	2.777931677364161578e-01	1.321719541813010101e-01	2.777931677364161578e-01	2.258296749916750001e-01	2.777931677364161578e-01	2.777931677364161578e-01	2.777931677364161578e-01	2.777931677364161578e-01	2.777931677364161578e-01	3.529034509306889777e-01	2.777931677364161578e-01	9.263111292326679791e-02	2.777931677364161578e-01	2.777931677364161578e-01	2.777931677364161578e-01	3.099847309277969920e-01	2.777931677364161578e-01	2.777931677364161578e-01	2.777931677364161578e-01	1.791978437146219960e-01	2.387495433353349905e-01	2.777931677364161578e-01	2.418599112979069876e-01	1.157948433357459950e-01	2.777931677364161578e-01	2.777931677364161578e-01	2.777931677364161578e-01	2.777931677364161578e-01	3.972141668015879978e-01	2.777931677364161578e-01	2.777931677364161578e-01	2.777931677364161578e-01	2.777931677364161578e-01	2.777931677364161578e-01
1.711842872138180094e-01	2.777931677364161578e-01	2.777931677364161578e-01	2.777931677364161578e-01	2.777931677364161578e-01	1.000000000000000000e+00	2.777931677364161578e-01	2.777931677364161578e-01	2.391994622535250081e-01	2.001470720025269878e-01	2.777931677364161578e-01	2.777931677364161578e-01	2.777931677364161578e-01	2.777931677364161578e-01	2.777931677364161578e-01	2.171621448424939926e-01	2.081648758898050067e-01	2.409080856565079878e-02	1.259319539631069962e-01	2.777931677364161578e-01	2.777931677364161578e-01	1.254557070788759887e-01	2.777931677364161578e-01	2.777931677364161578e-01	2.777931677364161578e-01	2.777931677364161578e-01	2.777931677364161578e-01	2.777931677364161578e-01	1.032267286221769942e-01	2.777931677364161578e-01	2.777931677364161578e-01	1.046626355783590034e-01	1.001352822460030018e-01	2.424411817490129961e-01	1.321875076656550130e-01	6.629971856775070116e-02	2.777931677364161578e-01	2.777931677364161578e-01	2.777931677364161578e-01	2.777931677364161578e-01	2.777931677364161578e-01	1.058292157274060008e-01	1.586653031244900092e-01	9.529108785726900233e-02	2.777931677364161578e-01	2.777931677364161578e-01	1.347758883752629977e-01	1.116838433521129964e-01	3.091250995452790029e-01	2.028308967121290052e-01	2.777931677364161578e-01	1.475367652522109885e-01	1.948029506693770008e-01	2.777931677364161578e-01	2.777931677364161578e-01	2.777931677364161578e-01	2.777931677364161578e-01	2.777931677364161578e-01	2.777931677364161578e-01	2.777931677364161578e-01	9.412098438550929591e-02	2.777931677364161578e-01	8.171108738908069991e-02	2.777931677364161578e-01	2.777931677364161578e-01	2.777931677364161578e-01	2.777931677364161578e-01	2.777931677364161578e-01	2.777931677364161578e-01	8.317786656742949536e-02	2.777931677364161578e-01	2.777931677364161578e-01	9.864534427623100621e-02	2.777931677364161578e-01	2.777931677364161578e-01	2.777931677364161578e-01	9.729886005942910143e-02	2.777931677364161578e-01	2.777931677364161578e-01	2.777931677364161578e-01	1.017937508583340034e-01	1.190135032119749997e-01	2.777931677364161578e-01	2.777931677364161578e-01	2.777931677364161578e-01	2.777931677364161578e-01	1.150018426832789958e-01	9.324571329605080283e-02	2.777931677364161578e-01	1.732308796661350125e-01	2.777931677364161578e-01	2.777931677364161578e-01	1.924199723073400092e-01	2.777931677364161578e-01	1.152266963352379936e-01	2.777931677364161578e-01	1.651340280063419985e-01	1.165960560826150016e-01	2.777931677364161578e-01	2.777931677364161578e-01	2.777931677364161578e-01	2.777931677364161578e-01	2.777931677364161578e-01	1.531800272397260132e-01	1.497122996821899921e-01	2.777931677364161578e-01	7.043340304668670171e-02	2.777931677364161578e-01	2.777931677364161578e-01	2.777931677364161578e-01	2.777931677364161578e-01	2.777931677364161578e-01	2.777931677364161578e-01	2.777931677364161578e-01	1.156967813707590054e-01	1.317496005502420131e-01	1.076326371306949997e-01	2.037686422729340086e-01	2.777931677364161578e-01	1.174719064197420060e-01	1.434386463284650082e-01	9.802975304370549481e-02	2.777931677364161578e-01	1.268182295722189989e-01
2.777931677364161578e-01	2.777931677364161578e-01	2.777931677364161578e-01	2.777931677364161578e-01	2.777931677364161578e-01	2.777931677364161578e-01	1.000000000000000000e+00	2.777931677364161578e-01	2.971976674533189922e-01	2.777931677364161578e-01	2.777931677364161578e-01	8.222807352412600523e-02	2.777931677364161578e-01	2.777931677364161578e-01	2.777931677364161578e-01	2.777931677364161578e-01	2.777931677364161578e-01	2.777931677364161578e-01	2.777931677364161578e-01	2.777931677364161578e-01	7.949376891591310168e-02	1.534939760901239958e-01	2.777931677364161578e-01	2.777931677364161578e-01	2.777931677364161578e-01	1.807522641828349930e-01	2.777931677364161578e-01	1.716401275629740042e-01	1.185383107673669972e-01	2.777931677364161578e-01	2.777931677364161578e-01	1.303095601095390077e-01	2.777931677364161578e-01	1.722795331458419898e-01	2.777931677364161578e-01	7.378090037218859587e-02	2.777931677364161578e-01	2.088911800669379926e-01	1.380015371481599917e-01	2.709432708212530239e-01	1.902406709111829908e-01	1.690066848173870095e-01	2.777931677364161578e-01	2.777931677364161578e-01	1.196143958826530046e-01	2.777931677364161578e-01	1.534109156037760102e-01	1.789028817777819913e-01	2.777931677364161578e-01	1.569347637534329876e-01	2.777931677364161578e-01	2.777931677364161578e-01	2.777931677364161578e-01	2.777931677364161578e-01	1.508049692122259977e-01	1.458589346433279976e-01	2.777931677364161578e-01	2.777931677364161578e-01	1.290157516230900081e-01	1.541564530480669937e-01	1.226531283286610013e-01	2.777931677364161578e-01	2.777931677364161578e-01	8.106836488448310521e-03	2.777931677364161578e-01	2.777931677364161578e-01	2.777931677364161578e-01	2.777931677364161578e-01	2.777931677364161578e-01	2.777931677364161578e-01	1.244178076640899966e-01	2.777931677364161578e-01	1.273386007821770138e-01	2.777931677364161578e-01	2.777931677364161578e-01	1.223792172013279944e-01	2.777931677364161578e-01	2.777931677364161578e-01	2.777931677364161578e-01	1.545014884944909961e-01	2.777931677364161578e-01	1.334942723395189934e-01	2.777931677364161578e-01	2.777931677364161578e-01	1.726935786212190072e-01	1.387374741413439916e-01	2.777931677364161578e-01	2.777931677364161578e-01	2.777931677364161578e-01	2.777931677364161578e-01	2.777931677364161578e-01	2.777931677364161578e-01	2.777931677364161578e-01	1.740932212253349931e-01	2.777931677364161578e-01	9.381139071088880066e-02	2.777931677364161578e-01	1.440645053054669944e-01	2.777931677364161578e-01	2.777931677364161578e-01	2.777931677364161578e-01	2.777931677364161578e-01	2.777931677364161578e-01	2.777931677364161578e-01	2.777931677364161578e-01	2.449819718075559871e-01	2.777931677364161578e-01	2.777931677364161578e-01	2.616441161284460137e-01	2.777931677364161578e-01	2.777931677364161578e-01	2.777931677364161578e-01	2.777931677364161578e-01	2.777931677364161578e-01	1.446862848544329949e-01	2.777931677364161578e-01	2.777931677364161578e-01	2.777931677364161578e-01	2.777931677364161578e-01	2.777931677364161578e-01	2.777931677364161578e-01	2.777931677364161578e-01	2.777931677364161578e-01	2.777931677364161578e-01
2.777931677364161578e-01	2.777931677364161578e-01	2.777931677364161578e-01	2.777931677364161578e-01	2.777931677364161578e-01	2.777931677364161578e-01	2.777931677364161578e-01	1.000000000000000000e+00	4.027963770468929727e-01	2.777931677364161578e-01	2.777931677364161578e-01	2.777931677364161578e-01	2.745376520829649891e-01	5.564992972369560247e-03	2.777931677364161578e-01	2.777931677364161578e-01	2.777931677364161578e-01	2.777931677364161578e-01	2.777931677364161578e-01	2.777931677364161578e-01	2.777931677364161578e-01	2.777931677364161578e-01	2.777931677364161578e-01	2.777931677364161578e-01	2.777931677364161578e-01	2.777931677364161578e-01	2.777931677364161578e-01	2.777931677364161578e-01	2.777931677364161578e-01	2.777931677364161578e-01	1.858071021081310059e-01	1.795862476927780060e-01	2.777931677364161578e-01	2.777931677364161578e-01	2.777931677364161578e-01	2.777931677364161578e-01	2.777931677364161578e-01	2.777931677364161578e-01	1.853965174547489991e-01	2.599685094534099905e-01	2.777931677364161578e-01	2.777931677364161578e-01	2.374216195660059925e-01	2.283736659845760075e-01	2.777931677364161578e-01	2.777931677364161578e-01	1.355839368487569974e-01	2.777931677364161578e-01	2.512292412538369990e-01	1.508830678743350029e-01	1.629029907021319890e-01	1.771391091527290129e-01	2.777931677364161578e-01	2.777931677364161578e-01	2.777931677364161578e-01	2.777931677364161578e-01	2.460856355035589971e-01	2.777931677364161578e-01	2.777931677364161578e-01	2.777931677364161578e-01	2.777931677364161578e-01	2.777931677364161578e-01	2.777931677364161578e-01	2.777931677364161578e-01	2.570483661019909993e-01	1.476131713815209967e-01	2.777931677364161578e-01	2.777931677364161578e-01	2.777931677364161578e-01	2.274350608959020137e-01	2.777931677364161578e-01	2.590402259641090277e-01	2.777931677364161578e-01	2.777931677364161578e-01	2.777931677364161578e-01	2.777931677364161578e-01	2.777931677364161578e-01	2.777931677364161578e-01	2.777931677364161578e-01	2.777931677364161578e-01	2.777931677364161578e-01	2.777931677364161578e-01	2.777931677364161578e-01	2.777931677364161578e-01	2.777931677364161578e-01	1.809480447140789927e-01	2.777931677364161578e-01	2.777931677364161578e-01	2.777931677364161578e-01	2.777931677364161578e-01	1.211270836689520014e-01	1.005840326753100061e-01	2.777931677364161578e-01	2.777931677364161578e-01	2.777931677364161578e-01	2.777931677364161578e-01	2.777931677364161578e-01	2.777931677364161578e-01	2.777931677364161578e-01	2.777931677364161578e-01	2.777931677364161578e-01	2.777931677364161578e-01	2.516671392456599765e-01	2.777931677364161578e-01	2.168965530888929960e-01	2.777931677364161578e-01	1.386982993640150097e-01	8.722339431107560548e-02	2.777931677364161578e-01	2.777931677364161578e-01	2.777931677364161578e-01	2.163103396545349999e-01	2.777931677364161578e-01	2.777931677364161578e-01	2.777931677364161578e-01	2.777931677364161578e-01	2.777931677364161578e-01	2.777931677364161578e-01	2.777931677364161578e-01	2.777931677364161578e-01	1.443190091894900051e-01	2.221921868345189954e-01	2.777931677364161578e-01	1.758763275051100083e-01
2.777931677364161578e-01	2.777931677364161578e-01	2.777931677364161578e-01	2.777931677364161578e-01	5.063137693609469636e-01	2.391994622535250081e-01	2.971976674533189922e-01	4.027963770468929727e-01	1.000000000000000000e+00	2.777931677364161578e-01	2.777931677364161578e-01	2.777931677364161578e-01	2.777931677364161578e-01	2.777931677364161578e-01	2.777931677364161578e-01	2.777931677364161578e-01	2.777931677364161578e-01	2.777931677364161578e-01	2.777931677364161578e-01	2.685373848423450172e-01	2.777931677364161578e-01	3.437393526181660164e-01	2.777931677364161578e-01	3.374315047467790207e-01	4.426391172231319837e-01	2.777931677364161578e-01	3.811695569156189900e-01	2.777931677364161578e-01	2.777931677364161578e-01	2.777931677364161578e-01	2.777931677364161578e-01	2.777931677364161578e-01	2.777931677364161578e-01	2.777931677364161578e-01	3.073044818312909987e-01	2.134230423983959901e-01	2.777931677364161578e-01	2.777931677364161578e-01	2.777931677364161578e-01	2.777931677364161578e-01	2.777931677364161578e-01	2.777931677364161578e-01	3.893748227078259738e-01	2.677107768468179883e-01	2.777937334620830256e-01	8.874316561052669750e-02	2.777931677364161578e-01	2.857371735742800234e-01	4.352430338268040155e-01	2.777931677364161578e-01	2.777931677364161578e-01	2.777931677364161578e-01	2.777931677364161578e-01	2.777931677364161578e-01	2.777931677364161578e-01	2.777931677364161578e-01	2.777931677364161578e-01	3.518916728728729848e-01	2.301162472898120037e-01	3.680439708334130033e-01	2.552880155012020036e-01	1.148963401352089964e-01	2.777931677364161578e-01	2.777931677364161578e-01	2.777931677364161578e-01	2.777931677364161578e-01	2.777931677364161578e-01	2.777931677364161578e-01	2.970787897858909732e-01	2.777931677364161578e-01	2.777931677364161578e-01	2.777931677364161578e-01	2.777931677364161578e-01	2.777931677364161578e-01	2.777931677364161578e-01	2.777931677364161578e-01	2.777931677364161578e-01	2.777931677364161578e-01	2.777931677364161578e-01	2.777931677364161578e-01	2.777931677364161578e-01	3.112273874253200234e-01	2.777931677364161578e-01	2.777931677364161578e-01	2.777931677364161578e-01	2.777931677364161578e-01	2.777931677364161578e-01	2.777931677364161578e-01	1.000000000000000048e-04	2.777931677364161578e-01	2.777931677364161578e-01	2.777931677364161578e-01	2.777931677364161578e-01	2.777931677364161578e-01	2.777931677364161578e-01	2.537844757243479799e-01	2.777931677364161578e-01	2.777931677364161578e-01	3.451904286925550069e-01	2.777931677364161578e-01	2.777931677364161578e-01	2.777931677364161578e-01	2.777931677364161578e-01	2.641933411145970245e-01	2.777931677364161578e-01	2.777931677364161578e-01	2.777931677364161578e-01	1.244617358521319939e-01	2.227209476088559958e-01	2.777931677364161578e-01	2.777931677364161578e-01	2.896164050354950170e-01	2.153452823268290073e-01	2.777931677364161578e-01	2.777931677364161578e-01	2.850990602835620225e-01	2.777931677364161578e-01	3.902830653934100114e-01	2.777931677364161578e-01	2.777931677364161578e-01	2.777931677364161578e-01	2.756122634248909797e-01	2.777931677364161578e-01	2.777931677364161578e-01
2.777931677364161578e-01	1.960539238806920104e-01	2.670060765126079927e-01	2.777931677364161578e-01	2.777931677364161578e-01	2.001470720025269878e-01	2.777931677364161578e-01	2.777931677364161578e-01	2.777931677364161578e-01	1.000000000000000000e+00	2.777931677364161578e-01	2.777931677364161578e-01	2.777931677364161578e-01	2.777931677364161578e-01	9.574741779091920646e-02	2.777931677364161578e-01	2.777931677364161578e-01	2.777931677364161578e-01	2.777931677364161578e-01	2.777931677364161578e-01	1.354085557759930059e-01	2.777931677364161578e-01	2.777931677364161578e-01	2.777931677364161578e-01	2.775192918580070001e-01	2.777931677364161578e-01	1.274285355205949932e-01	2.777931677364161578e-01	2.777931677364161578e-01	2.777931677364161578e-01	2.777931677364161578e-01	2.777931677364161578e-01	7.059935510090760424e-02	2.777931677364161578e-01	2.777931677364161578e-01	4.646098075919669751e-02	2.777931677364161578e-01	2.777931677364161578e-01	2.777931677364161578e-01	2.777931677364161578e-01	2.777931677364161578e-01	2.777931677364161578e-01	2.777931677364161578e-01	2.777931677364161578e-01	7.942644886124060333e-02	1.398421626235520077e-01	2.777931677364161578e-01	2.777931677364161578e-01	2.777931677364161578e-01	2.777931677364161578e-01	2.777931677364161578e-01	1.183710491733550030e-01	2.777931677364161578e-01	2.777931677364161578e-01	7.624330473298519817e-02	2.508865566084970133e-01	2.777931677364161578e-01	2.777931677364161578e-01	2.777931677364161578e-01	2.777931677364161578e-01	7.355725113184999331e-02	2.194380099192410061e-01	2.777931677364161578e-01	2.777931677364161578e-01	2.777931677364161578e-01	2.567823330974570162e-01	2.777931677364161578e-01	2.777931677364161578e-01	1.094384561473349948e-01	7.778381455218029428e-02	7.406272563956879662e-02	2.777931677364161578e-01	2.777931677364161578e-01	2.777931677364161578e-01	2.777931677364161578e-01	2.777931677364161578e-01	8.223968519874259864e-02	9.767971295076480209e-02	2.777931677364161578e-01	2.777931677364161578e-01	1.401551595954959872e-01	2.777931677364161578e-01	2.777931677364161578e-01	2.542148619587489833e-01	2.777931677364161578e-01	2.777931677364161578e-01	9.295649800554089959e-02	2.777931677364161578e-01	1.000000000000000048e-04	2.777931677364161578e-01	2.053041502342140001e-01	2.777931677364161578e-01	2.777931677364161578e-01	2.777931677364161578e-01	7.695173481013820038e-02	2.777931677364161578e-01	2.777931677364161578e-01	2.777931677364161578e-01	2.777931677364161578e-01	2.777931677364161578e-01	2.777931677364161578e-01	1.539280651022799928e-01	8.635940909210239325e-02	2.777931677364161578e-01	2.777931677364161578e-01	2.777931677364161578e-01	1.576900039121139907e-01	2.777931677364161578e-01	2.777931677364161578e-01	2.777931677364161578e-01	2.777931677364161578e-01	2.171417031664210073e-01	2.270126124816760071e-01	2.777931677364161578e-01	2.777931677364161578e-01	1.206462914405739967e-01	1.177098997894440030e-01	2.777931677364161578e-01	1.812719729139559977e-01	2.777931677364161578e-01	2.777931677364161578e-01	8.486647902907369645e-02	2.777931677364161578e-01	2.777931677364161578e-01
2.777931677364161578e-01	2.777931677364161578e-01	1.462404536801809873e-01	2.524857997556140266e-01	5.261009965307239522e-01	2.777931677364161578e-01	2.777931677364161578e-01	2.777931677364161578e-01	2.777931677364161578e-01	2.777931677364161578e-01	1.000000000000000000e+00	2.777931677364161578e-01	4.728002973824519950e-01	2.777931677364161578e-01	4.010559482899330175e-01	2.777931677364161578e-01	2.777931677364161578e-01	1.245919869869360069e-02	2.777931677364161578e-01	2.777931677364161578e-01	2.777931677364161578e-01	2.777931677364161578e-01	2.777931677364161578e-01	2.777931677364161578e-01	2.777931677364161578e-01	2.777931677364161578e-01	2.777931677364161578e-01	2.777931677364161578e-01	2.777931677364161578e-01	2.777931677364161578e-01	2.777931677364161578e-01	2.777931677364161578e-01	3.278271595653490245e-01	3.235731583567360015e-01	2.777931677364161578e-01	3.419884041975799760e-01	2.777931677364161578e-01	2.777931677364161578e-01	2.777931677364161578e-01	2.777931677364161578e-01	3.988158913251800275e-01	2.777931677364161578e-01	2.777931677364161578e-01	3.770388146046469990e-01	2.777931677364161578e-01	2.777931677364161578e-01	2.777931677364161578e-01	2.777931677364161578e-01	2.777931677364161578e-01	2.777931677364161578e-01	2.777931677364161578e-01	4.000284824668730033e-01	2.777931677364161578e-01	2.777931677364161578e-01	2.777931677364161578e-01	2.777931677364161578e-01	2.777931677364161578e-01	2.777931677364161578e-01	3.267872829315939809e-01	2.777931677364161578e-01	2.777931677364161578e-01	2.777931677364161578e-01	3.358549284971529825e-01	2.777931677364161578e-01	2.777931677364161578e-01	6.262785964767310365e-02	2.777931677364161578e-01	2.777931677364161578e-01	2.777931677364161578e-01	2.777931677364161578e-01	2.777931677364161578e-01	2.777931677364161578e-01	4.087936146476279786e-01	2.777931677364161578e-01	1.979428783865970140e-02	2.777931677364161578e-01	2.777931677364161578e-01	2.777931677364161578e-01	2.777931677364161578e-01	2.777931677364161578e-01	2.777931677364161578e-01	2.777931677364161578e-01	2.777931677364161578e-01	2.777931677364161578e-01	2.777931677364161578e-01	2.777931677364161578e-01	2.777931677364161578e-01	2.777931677364161578e-01	2.777931677364161578e-01	2.777931677364161578e-01	1.038773995786689969e-01	2.777931677364161578e-01	2.777931677364161578e-01	2.777931677364161578e-01	2.777931677364161578e-01	3.894481374928949746e-01	2.777931677364161578e-01	4.501185081740720073e-01	2.777931677364161578e-01	5.204118763808890380e-01	2.777931677364161578e-01	2.777931677364161578e-01	3.775982390363930019e-01	2.208471829887969917e-01	2.777931677364161578e-01	2.777931677364161578e-01	2.777931677364161578e-01	2.777931677364161578e-01	2.777931677364161578e-01	2.777931677364161578e-01	2.777931677364161578e-01	3.028531612391550110e-01	2.777931677364161578e-01	2.777931677364161578e-01	2.777931677364161578e-01	2.777931677364161578e-01	2.777931677364161578e-01	2.777931677364161578e-01	2.777931677364161578e-01	4.294233301863060182e-01	2.777931677364161578e-01	2.777931677364161578e-01	3.084565326591510170e-01	4.431707031174110245e-01
2.168528907124750091e-02	1.503089239904910057e-01	2.863901945062279908e-01	5.438186338149109816e-02	8.183810240849989648e-02	2.777931677364161578e-01	8.222807352412600523e-02	2.777931677364161578e-01	2.777931677364161578e-01	2.777931677364161578e-01	2.777931677364161578e-01	1.000000000000000000e+00	2.777931677364161578e-01	8.667908117391759371e-02	1.207299235466779974e-02	2.777931677364161578e-01	2.777931677364161578e-01	2.777931677364161578e-01	2.777931677364161578e-01	2.777931677364161578e-01	1.596579061730399873e-01	2.777931677364161578e-01	2.777931677364161578e-01	2.777931677364161578e-01	5.317953037182569787e-02	1.740622716825170058e-02	2.777931677364161578e-01	2.777931677364161578e-01	2.777931677364161578e-01	2.777931677364161578e-01	2.777931677364161578e-01	2.777931677364161578e-01	2.777931677364161578e-01	2.777931677364161578e-01	2.777931677364161578e-01	3.632928146278349788e-03	3.647539324881730188e-02	4.354730002692130258e-02	1.046120192144119922e-02	7.317223042851900283e-02	2.777931677364161578e-01	2.777931677364161578e-01	2.777931677364161578e-01	2.777931677364161578e-01	2.777931677364161578e-01	2.777931677364161578e-01	3.262493868949549736e-01	2.777931677364161578e-01	2.777931677364161578e-01	2.777931677364161578e-01	1.445890880185000081e-02	2.777931677364161578e-01	2.777931677364161578e-01	8.724483799696109571e-03	2.777931677364161578e-01	2.777931677364161578e-01	2.777931677364161578e-01	2.777931677364161578e-01	2.777931677364161578e-01	2.777931677364161578e-01	2.777931677364161578e-01	2.777931677364161578e-01	6.491854584400339780e-03	2.777931677364161578e-01	2.777931677364161578e-01	2.908800744273780103e-01	6.681032836099490280e-02	3.222584554078949948e-01	2.777931677364161578e-01	6.639878536526989602e-03	2.777931677364161578e-01	9.609380179900029600e-03	2.777931677364161578e-01	2.777931677364161578e-01	2.777931677364161578e-01	2.377347226376989864e-01	2.777931677364161578e-01	2.777931677364161578e-01	2.777931677364161578e-01	2.777931677364161578e-01	2.777931677364161578e-01	2.777931677364161578e-01	2.777931677364161578e-01	2.777931677364161578e-01	2.777931677364161578e-01	2.777931677364161578e-01	2.777931677364161578e-01	2.777931677364161578e-01	2.777931677364161578e-01	2.777931677364161578e-01	2.777931677364161578e-01	2.777931677364161578e-01	3.389552130772469779e-02	2.777931677364161578e-01	1.155918525950550002e-02	6.291658489545100090e-03	2.777931677364161578e-01	2.777931677364161578e-01	2.777931677364161578e-01	2.777931677364161578e-01	2.558139196504780055e-02	4.390598027885340149e-01	1.115536721372309935e-02	2.777931677364161578e-01	2.777931677364161578e-01	1.693030412757360118e-02	2.777931677364161578e-01	2.777931677364161578e-01	2.777931677364161578e-01	2.777931677364161578e-01	4.915887837858520272e-03	2.777931677364161578e-01	2.777931677364161578e-01	9.824454055793739593e-02	2.777931677364161578e-01	2.777931677364161578e-01	1.457300804819510083e-02	3.801075577842279868e-02	2.777931677364161578e-01	2.777931677364161578e-01	2.777931677364161578e-01	2.777931677364161578e-01	2.777931677364161578e-01	2.777931677364161578e-01
