9.999999999999990008e-01	6.665177672657693897e-01	6.665177672657693897e-01	6.665177672657693897e-01	6.665177672657693897e-01	6.665177672657693897e-01	6.665177672657693897e-01	6.665177672657693897e-01	6.665177672657693897e-01	6.665177672657693897e-01	6.665177672657693897e-01	6.665177672657693897e-01	6.665177672657693897e-01	6.665177672657693897e-01	6.665177672657693897e-01	6.665177672657693897e-01	6.665177672657693897e-01	6.665177672657693897e-01	6.781708346199569748e-01	6.886639373898399974e-01	6.480312921980380114e-01	6.665177672657693897e-01	7.185009816164320551e-01	7.175713500364450104e-01	6.665177672657693897e-01	6.665177672657693897e-01	6.963488780362000474e-01	6.665177672657693897e-01	6.879654178523370023e-01	6.665177672657693897e-01	6.665177672657693897e-01	6.665177672657693897e-01	6.778449452944740328e-01	6.665177672657693897e-01	6.665177672657693897e-01	6.665177672657693897e-01	6.665177672657693897e-01	6.665177672657693897e-01	7.072009080219550103e-01	6.665177672657693897e-01	7.274918411884859770e-01	6.665177672657693897e-01	6.895942906515729609e-01	6.665177672657693897e-01	6.665177672657693897e-01	6.684145251726969494e-01	6.725669483272780358e-01	6.665177672657693897e-01	6.665177672657693897e-01	6.665177672657693897e-01	7.334082658689999867e-01	6.571006687993260487e-01	6.390149994844630532e-01	6.443184014326389653e-01	6.665177672657693897e-01	6.665177672657693897e-01	6.665177672657693897e-01	6.611020135843580503e-01	6.601910401475570289e-01	6.665177672657693897e-01	6.776113588431400547e-01	6.665177672657693897e-01	7.310091115134460527e-01	6.665177672657693897e-01	6.665177672657693897e-01	6.966879258539100395e-01	6.838032590886480300e-01	6.665177672657693897e-01	6.665177672657693897e-01	6.665177672657693897e-01	6.723993477248290107e-01	6.665177672657693897e-01	6.665177672657693897e-01	6.665177672657693897e-01	6.665177672657693897e-01	6.665177672657693897e-01	6.665177672657693897e-01	6.665177672657693897e-01	6.665177672657693897e-01	6.665177672657693897e-01	6.665177672657693897e-01	6.833157825898730220e-01	6.665177672657693897e-01	7.278501928726509584e-01	6.665177672657693897e-01	6.665177672657693897e-01	6.665177672657693897e-01	6.665177672657693897e-01	6.665177672657693897e-01	6.665177672657693897e-01	6.665177672657693897e-01	6.665177672657693897e-01	6.139504167381379940e-01	6.665177672657693897e-01	6.665177672657693897e-01	6.665177672657693897e-01	6.547941938920710525e-01	6.665177672657693897e-01	6.665177672657693897e-01	6.636189033906160217e-01	6.257169764169759896e-01	6.665177672657693897e-01	6.665177672657693897e-01	6.295389098902830494e-01	6.474715783174269657e-01	6.444839234428260122e-01	6.536394963548900483e-01	6.665177672657693897e-01	6.665177672657693897e-01	6.665177672657693897e-01	6.665177672657693897e-01	6.665177672657693897e-01	6.665177672657693897e-01	6.989658742885950238e-01	7.001626338518710524e-01	6.665177672657693897e-01	7.986579804370510516e-01	6.665177672657693897e-01	8.058006467054960043e-01	6.665177672657693897e-01	6.665177672657693897e-01	6.665177672657693897e-01	6.665177672657693897e-01	6.665177672657693897e-01
6.665177672657693897e-01	1.000000000000000000e+00	6.665177672657693897e-01	6.665177672657693897e-01	6.665177672657693897e-01	6.899367991274679701e-01	6.665177672657693897e-01	7.079789994423579813e-01	6.665177672657693897e-01	6.665177672657693897e-01	6.665177672657693897e-01	6.665177672657693897e-01	6.768075255667740375e-01	6.665177672657693897e-01	6.782053705624320195e-01	6.665177672657693897e-01	6.399893719452379726e-01	6.665177672657693897e-01	6.665177672657693897e-01	6.665177672657693897e-01	6.665177672657693897e-01	6.905722930842169704e-01	6.665177672657693897e-01	6.942700323021480102e-01	6.665177672657693897e-01	6.665177672657693897e-01	6.665177672657693897e-01	6.994690666177759697e-01	6.665177672657693897e-01	6.910183100062320394e-01	6.665177672657693897e-01	6.665177672657693897e-01	6.665177672657693897e-01	6.665177672657693897e-01	6.665177672657693897e-01	6.665177672657693897e-01	6.665177672657693897e-01	6.665177672657693897e-01	6.665177672657693897e-01	6.665177672657693897e-01	6.665177672657693897e-01	6.665177672657693897e-01	6.665177672657693897e-01	6.665177672657693897e-01	6.665177672657693897e-01	6.587506095209669787e-01	6.665177672657693897e-01	6.665177672657693897e-01	6.665177672657693897e-01	6.794311883816469555e-01	6.665177672657693897e-01	6.576677174908710510e-01	6.665177672657693897e-01	6.442425631584549617e-01	6.665177672657693897e-01	6.665177672657693897e-01	6.797327744763039803e-01	6.665177672657693897e-01	6.665177672657693897e-01	6.665177672657693897e-01	6.783030988835999642e-01	6.665177672657693897e-01	6.665177672657693897e-01	6.665177672657693897e-01	6.219792659692759962e-01	6.819626278699090216e-01	6.559262474115860053e-01	6.665177672657693897e-01	6.358298542779550200e-01	6.631622980730540462e-01	6.665177672657693897e-01	6.922222608069410477e-01	6.665177672657693897e-01	6.773484094394079946e-01	6.665177672657693897e-01	6.665177672657693897e-01	6.665177672657693897e-01	6.665177672657693897e-01	6.665177672657693897e-01	6.665177672657693897e-01	6.665177672657693897e-01	6.671536979669669964e-01	6.665177672657693897e-01	6.665177672657693897e-01	6.660361737851290265e-01	6.665177672657693897e-01	6.665177672657693897e-01	6.665177672657693897e-01	6.665177672657693897e-01	6.665177672657693897e-01	6.911460409122029969e-01	6.347978677780869994e-01	6.665177672657693897e-01	6.665177672657693897e-01	6.665177672657693897e-01	6.243847903068010519e-01	6.715868291685109792e-01	6.665177672657693897e-01	6.405191224369399805e-01	6.665177672657693897e-01	6.665177672657693897e-01	6.538262376430800105e-01	6.665177672657693897e-01	6.665177672657693897e-01	6.665177672657693897e-01	6.665177672657693897e-01	6.496124115728979520e-01	6.665177672657693897e-01	6.432327367637159510e-01	6.665177672657693897e-01	6.665177672657693897e-01	6.665177672657693897e-01	6.665177672657693897e-01	6.665177672657693897e-01	6.798193194322279531e-01	6.665177672657693897e-01	6.665177672657693897e-01	6.665177672657693897e-01	6.665177672657693897e-01	6.665177672657693897e-01	6.665177672657693897e-01	6.665177672657693897e-01	6.665177672657693897e-01	7.154611589023780471e-01
6.665177672657693897e-01	6.665177672657693897e-01	1.000000000000000000e+00	6.299935046366850200e-01	6.665177672657693897e-01	6.991187441597369601e-01	6.794559110714190053e-01	6.665177672657693897e-01	7.060441882014879544e-01	6.665177672657693897e-01	6.665177672657693897e-01	6.665177672657693897e-01	6.665177672657693897e-01	6.665177672657693897e-01	6.665177672657693897e-01	6.665177672657693897e-01	6.665177672657693897e-01	6.665177672657693897e-01	6.665177672657693897e-01	6.670462387706159735e-01	6.665177672657693897e-01	6.665177672657693897e-01	6.665177672657693897e-01	6.665177672657693897e-01	6.665177672657693897e-01	6.857817747895129656e-01	6.665177672657693897e-01	6.665177672657693897e-01	6.665177672657693897e-01	6.792242412745820301e-01	6.729775509310900183e-01	6.665177672657693897e-01	6.665177672657693897e-01	7.282900092489520416e-01	6.692053998123510539e-01	6.665177672657693897e-01	6.665177672657693897e-01	6.836640155841250399e-01	6.665177672657693897e-01	6.665177672657693897e-01	6.665177672657693897e-01	6.376972157723730383e-01	6.808745411190030294e-01	6.600806987954469518e-01	6.357697172156570042e-01	6.665177672657693897e-01	6.597417452549190209e-01	6.665177672657693897e-01	7.064822320056529659e-01	6.665177672657693897e-01	6.665177672657693897e-01	6.665177672657693897e-01	6.665177672657693897e-01	6.323385960905260061e-01	6.665177672657693897e-01	6.665177672657693897e-01	6.642226707535170416e-01	6.665177672657693897e-01	6.665177672657693897e-01	6.665177672657693897e-01	6.665177672657693897e-01	6.665177672657693897e-01	7.069426208932110267e-01	6.428257460437689641e-01	6.354338830659399528e-01	6.665177672657693897e-01	6.665177672657693897e-01	6.665177672657693897e-01	6.665177672657693897e-01	6.562703174651479676e-01	6.665177672657693897e-01	6.665177672657693897e-01	6.648457585255389546e-01	6.665177672657693897e-01	6.351830736769720209e-01	6.466868485330220517e-01	7.175258433542870407e-01	6.665177672657693897e-01	6.665177672657693897e-01	6.665177672657693897e-01	6.665177672657693897e-01	6.583475033699139889e-01	6.665177672657693897e-01	6.665177672657693897e-01	6.450432670364260046e-01	6.665177672657693897e-01	6.885136538802549833e-01	6.665177672657693897e-01	6.665177672657693897e-01	6.665177672657693897e-01	7.024601213268290012e-01	6.665177672657693897e-01	6.133586615348499693e-01	6.665177672657693897e-01	6.665177672657693897e-01	6.277267035789360072e-01	6.665177672657693897e-01	6.665177672657693897e-01	6.665177672657693897e-01	6.650863127027729638e-01	6.665177672657693897e-01	6.343514773010410224e-01	6.331332639795389516e-01	6.665177672657693897e-01	6.338186309989169986e-01	6.446689591492229532e-01	6.643491699859319644e-01	6.665177672657693897e-01	6.665177672657693897e-01	6.315178614638989885e-01	6.665177672657693897e-01	6.665177672657693897e-01	6.584805580710340056e-01	6.665177672657693897e-01	7.062537425760160303e-01	6.665177672657693897e-01	6.665177672657693897e-01	6.665177672657693897e-01	6.665177672657693897e-01	6.665177672657693897e-01	6.665177672657693897e-01	6.665177672657693897e-01	7.120751421587789842e-01	7.106795882554800547e-01
6.665177672657693897e-01	6.665177672657693897e-01	6.299935046366850200e-01	9.999999999999980016e-01	6.665177672657693897e-01	6.665177672657693897e-01	6.026949621474619878e-01	6.665177672657693897e-01	6.665177672657693897e-01	6.665177672657693897e-01	6.665177672657693897e-01	6.079186757486789716e-01	6.665177672657693897e-01	6.724238694464429456e-01	6.784377032901339755e-01	6.665177672657693897e-01	6.665177672657693897e-01	6.665177672657693897e-01	6.665177672657693897e-01	6.665177672657693897e-01	6.665177672657693897e-01	6.665177672657693897e-01	6.328696865123110138e-01	6.665177672657693897e-01	6.665177672657693897e-01	6.458739244462170515e-01	6.665177672657693897e-01	6.665177672657693897e-01	6.665177672657693897e-01	6.665177672657693897e-01	6.680745021427370034e-01	6.665177672657693897e-01	6.665177672657693897e-01	6.770921614947610356e-01	6.665177672657693897e-01	6.665177672657693897e-01	6.665177672657693897e-01	6.665177672657693897e-01	6.665177672657693897e-01	6.665177672657693897e-01	6.665177672657693897e-01	5.950903726010390304e-01	6.665177672657693897e-01	6.665177672657693897e-01	6.665177672657693897e-01	6.665177672657693897e-01	6.665177672657693897e-01	6.665177672657693897e-01	6.665177672657693897e-01	6.665177672657693897e-01	6.665177672657693897e-01	6.665177672657693897e-01	6.665177672657693897e-01	6.665177672657693897e-01	6.665177672657693897e-01	6.665177672657693897e-01	6.527409360685030304e-01	6.665177672657693897e-01	6.296647439351700237e-01	6.665177672657693897e-01	6.665177672657693897e-01	6.665177672657693897e-01	6.665177672657693897e-01	6.665177672657693897e-01	6.665177672657693897e-01	6.719988324807889546e-01	6.665177672657693897e-01	6.665177672657693897e-01	6.665177672657693897e-01	6.116434466959349558e-01	6.259474969795839616e-01	6.665177672657693897e-01	6.665177672657693897e-01	6.665177672657693897e-01	6.638493734058680262e-01	6.665177672657693897e-01	6.665177672657693897e-01	6.665177672657693897e-01	6.331613792623159709e-01	6.665177672657693897e-01	6.665177672657693897e-01	6.665177672657693897e-01	6.665177672657693897e-01	6.158488119204029720e-01	6.665177672657693897e-01	6.665177672657693897e-01	6.454443389916759699e-01	6.313434062541100067e-01	6.665177672657693897e-01	6.665177672657693897e-01	6.665177672657693897e-01	6.518700658317739816e-01	6.665177672657693897e-01	6.665177672657693897e-01	6.665177672657693897e-01	6.317604571686340487e-01	6.665177672657693897e-01	6.156150411221029684e-01	6.580152107978639586e-01	6.665177672657693897e-01	6.665177672657693897e-01	6.126202950429150418e-01	6.665177672657693897e-01	6.665177672657693897e-01	6.029016117791210494e-01	6.665177672657693897e-01	6.665177672657693897e-01	6.163922142559019601e-01	6.665177672657693897e-01	6.665177672657693897e-01	6.665177672657693897e-01	6.874723293765170329e-01	6.665177672657693897e-01	6.590949422466400032e-01	6.665177672657693897e-01	6.665177672657693897e-01	6.665177672657693897e-01	6.452480500101950289e-01	6.606090869797169862e-01	6.665177672657693897e-01	6.665177672657693897e-01	6.665177672657693897e-01	6.665177672657693897e-01	6.665177672657693897e-01
6.665177672657693897e-01	6.665177672657693897e-01	6.665177672657693897e-01	6.665177672657693897e-01	9.999999999999980016e-01	6.665177672657693897e-01	7.772437840436650092e-01	7.355272375743010516e-01	6.665177672657693897e-01	7.152173251115210295e-01	7.207449645972660024e-01	6.665177672657693897e-01	6.665177672657693897e-01	6.665177672657693897e-01	6.665177672657693897e-01	6.665177672657693897e-01	6.665177672657693897e-01	6.665177672657693897e-01	6.665177672657693897e-01	7.556915335267410105e-01	6.359587680006140165e-01	6.665177672657693897e-01	7.198839916122830029e-01	6.665177672657693897e-01	6.665177672657693897e-01	7.601960393385199799e-01	6.665177672657693897e-01	6.665177672657693897e-01	6.665177672657693897e-01	6.535882984578450516e-01	6.665177672657693897e-01	6.242576271041230251e-01	5.833602670906830046e-01	6.546828851339909772e-01	6.665177672657693897e-01	6.665177672657693897e-01	6.665177672657693897e-01	6.665177672657693897e-01	6.665177672657693897e-01	5.997368959970490465e-01	6.669032308186410019e-01	7.146024539756480332e-01	6.665177672657693897e-01	6.665177672657693897e-01	5.653240597027660019e-01	6.665177672657693897e-01	6.152599049827840449e-01	6.848459808341430533e-01	6.665177672657693897e-01	6.230731258749649948e-01	6.665177672657693897e-01	6.665177672657693897e-01	6.665177672657693897e-01	6.570025153545170360e-01	6.803065941020619567e-01	6.665177672657693897e-01	6.665177672657693897e-01	6.082940405378030047e-01	6.665177672657693897e-01	6.665177672657693897e-01	6.665177672657693897e-01	6.279013088538909493e-01	6.665177672657693897e-01	6.655589803912289604e-01	5.991123699385010326e-01	6.665177672657693897e-01	6.665177672657693897e-01	6.665177672657693897e-01	6.665177672657693897e-01	6.665177672657693897e-01	6.665177672657693897e-01	6.665177672657693897e-01	6.364005666132439565e-01	6.665177672657693897e-01	6.334229310390979695e-01	6.665177672657693897e-01	6.665177672657693897e-01	6.665177672657693897e-01	6.665177672657693897e-01	6.665177672657693897e-01	6.665177672657693897e-01	6.665177672657693897e-01	6.665177672657693897e-01	6.665177672657693897e-01	6.665177672657693897e-01	6.772436438640540013e-01	6.686889400694580043e-01	6.665177672657693897e-01	6.665177672657693897e-01	6.665177672657693897e-01	6.665177672657693897e-01	6.524485489188900367e-01	6.250798733952369624e-01	6.665177672657693897e-01	6.665177672657693897e-01	6.665177672657693897e-01	6.665177672657693897e-01	6.607359084921089476e-01	6.590939340150919756e-01	7.045569471735769751e-01	6.665177672657693897e-01	6.775359169390039460e-01	6.665177672657693897e-01	6.665177672657693897e-01	6.665177672657693897e-01	6.466505440468750532e-01	6.665177672657693897e-01	6.665177672657693897e-01	6.079761586594899514e-01	6.665177672657693897e-01	6.250624967675469934e-01	6.665177672657693897e-01	6.616835663388259681e-01	6.665177672657693897e-01	6.545130332158010100e-01	6.665177672657693897e-01	6.607072178572519494e-01	7.091924408124360424e-01	6.665177672657693897e-01	6.784200545508789482e-01	6.665177672657693897e-01	7.101591966961610103e-01	6.665177672657693897e-01	7.084002604969550365e-01
6.665177672657693897e-01	6.899367991274679701e-01	6.991187441597369601e-01	6.665177672657693897e-01	6.665177672657693897e-01	9.999999999999980016e-01	6.822719357503550519e-01	6.453095057616450303e-01	6.665177672657693897e-01	6.665177672657693897e-01	6.665177672657693897e-01	6.665177672657693897e-01	6.665177672657693897e-01	6.622490212683780353e-01	6.665177672657693897e-01	6.665177672657693897e-01	6.665177672657693897e-01	5.745710915053939827e-01	6.665177672657693897e-01	6.737563642508880291e-01	6.604230753646710417e-01	6.216519262296880122e-01	6.290518221339590488e-01	6.665177672657693897e-01	6.408541947776890124e-01	6.778564823477060131e-01	6.665177672657693897e-01	6.302052903054380373e-01	6.665177672657693897e-01	6.398753188539350045e-01	6.665177672657693897e-01	6.137652581458500345e-01	6.665177672657693897e-01	6.665177672657693897e-01	6.665177672657693897e-01	6.104708628213389998e-01	6.665177672657693897e-01	6.098354956040840102e-01	6.665177672657693897e-01	6.665177672657693897e-01	6.665177672657693897e-01	6.665177672657693897e-01	6.665177672657693897e-01	6.665177672657693897e-01	5.779068984108479690e-01	6.665177672657693897e-01	5.951267788663170411e-01	6.476399178786530486e-01	6.665177672657693897e-01	6.665177672657693897e-01	6.665177672657693897e-01	6.665177672657693897e-01	6.281735017059250081e-01	6.665177672657693897e-01	6.662943430355799945e-01	6.665177672657693897e-01	6.692465278532240269e-01	5.878989947545479877e-01	6.665177672657693897e-01	6.665177672657693897e-01	6.665177672657693897e-01	6.665177672657693897e-01	6.665177672657693897e-01	6.405817775721980301e-01	6.665177672657693897e-01	6.945677735542149511e-01	6.665177672657693897e-01	6.699781013623880010e-01	6.665177672657693897e-01	6.665177672657693897e-01	6.665177672657693897e-01	6.665177672657693897e-01	6.157458263581869762e-01	6.594001860981080210e-01	6.665177672657693897e-01	6.665177672657693897e-01	6.531669059271839606e-01	6.665177672657693897e-01	7.044012672450069568e-01	6.665177672657693897e-01	6.665177672657693897e-01	6.665177672657693897e-01	5.944772205444289748e-01	6.318464368772690465e-01	6.665177672657693897e-01	6.665177672657693897e-01	6.665177672657693897e-01	7.104075480276480503e-01	6.930596388739780345e-01	6.665177672657693897e-01	6.665177672657693897e-01	6.739739716871110398e-01	6.458523023921379780e-01	6.665177672657693897e-01	6.665177672657693897e-01	6.665177672657693897e-01	6.665177672657693897e-01	6.331258428699140239e-01	6.665177672657693897e-01	6.665177672657693897e-01	6.876864431771030350e-01	6.665177672657693897e-01	6.665177672657693897e-01	6.665177672657693897e-01	6.665177672657693897e-01	6.780029669688579785e-01	7.111830797056259978e-01	6.665177672657693897e-01	6.665177672657693897e-01	6.665177672657693897e-01	6.665177672657693897e-01	6.665177672657693897e-01	6.519570274986740133e-01	7.067859007509169622e-01	6.665177672657693897e-01	6.665177672657693897e-01	6.554021598299499818e-01	6.665177672657693897e-01	6.665177672657693897e-01	6.495610289163189499e-01	6.665177672657693897e-01	6.665177672657693897e-01	6.665177672657693897e-01	6.665177672657693897e-01
6.665177672657693897e-01	6.665177672657693897e-01	6.794559110714190053e-01	6.026949621474619878e-01	7.772437840436650092e-01	6.822719357503550519e-01	9.999999999999990008e-01	6.665177672657693897e-01	6.665177672657693897e-01	6.665177672657693897e-01	7.062103377826489670e-01	7.465443533183909741e-01	6.833235152905090537e-01	6.665177672657693897e-01	6.665177672657693897e-01	6.449950112822809833e-01	6.665177672657693897e-01	6.665177672657693897e-01	6.665177672657693897e-01	6.665177672657693897e-01	6.665177672657693897e-01	6.302196502416990143e-01	6.665177672657693897e-01	6.665177672657693897e-01	7.223667535680869944e-01	6.665177672657693897e-01	5.884939601612100279e-01	6.665177672657693897e-01	6.665177672657693897e-01	6.665177672657693897e-01	6.665177672657693897e-01	6.665177672657693897e-01	5.723470010402780250e-01	6.665177672657693897e-01	6.665177672657693897e-01	6.665177672657693897e-01	6.208555306296460463e-01	6.665177672657693897e-01	6.665177672657693897e-01	6.665177672657693897e-01	6.665177672657693897e-01	6.665177672657693897e-01	6.665177672657693897e-01	6.701130853376290331e-01	6.665177672657693897e-01	6.665177672657693897e-01	6.665177672657693897e-01	6.665177672657693897e-01	6.665177672657693897e-01	6.665177672657693897e-01	6.665879882828360525e-01	6.665177672657693897e-01	6.665177672657693897e-01	6.505610805983219613e-01	6.674338763464969793e-01	6.665177672657693897e-01	6.748821633928530073e-01	6.665177672657693897e-01	6.189577121679510352e-01	6.665177672657693897e-01	6.665177672657693897e-01	6.217316738551690314e-01	6.665177672657693897e-01	6.665177672657693897e-01	6.665177672657693897e-01	6.665177672657693897e-01	6.665177672657693897e-01	6.665177672657693897e-01	6.665177672657693897e-01	6.757065233340300292e-01	6.665177672657693897e-01	6.563495628190819664e-01	6.665177672657693897e-01	6.665177672657693897e-01	6.665177672657693897e-01	6.722533529057399537e-01	6.665177672657693897e-01	6.665177672657693897e-01	6.665177672657693897e-01	6.665177672657693897e-01	6.665177672657693897e-01	6.665177672657693897e-01	6.665177672657693897e-01	6.665177672657693897e-01	6.665177672657693897e-01	6.665177672657693897e-01	6.665177672657693897e-01	6.634036641715550520e-01	6.665177672657693897e-01	6.665177672657693897e-01	6.665177672657693897e-01	6.542139340498129840e-01	6.223055841640230401e-01	5.873174545852529738e-01	6.665177672657693897e-01	6.665177672657693897e-01	6.777560762864449639e-01	6.665177672657693897e-01	6.665177672657693897e-01	6.665177672657693897e-01	6.665177672657693897e-01	6.687040556575399863e-01	6.665177672657693897e-01	5.878453982618410123e-01	6.653730027428680360e-01	6.665177672657693897e-01	6.665177672657693897e-01	6.665177672657693897e-01	6.665177672657693897e-01	6.665177672657693897e-01	6.665177672657693897e-01	6.665177672657693897e-01	6.665177672657693897e-01	6.665177672657693897e-01	6.665177672657693897e-01	6.665177672657693897e-01	6.665177672657693897e-01	6.665177672657693897e-01	6.665177672657693897e-01	6.665177672657693897e-01	6.665177672657693897e-01	6.665177672657693897e-01	6.540420658467279713e-01	6.999414810290780498e-01
6.665177672657693897e-01	7.079789994423579813e-01	6.665177672657693897e-01	6.665177672657693897e-01	7.355272375743010516e-01	6.453095057616450303e-01	6.665177672657693897e-01	1.000000000000000000e+00	7.851903523378339633e-01	7.463781274849400349e-01	6.665177672657693897e-01	6.665177672657693897e-01	6.665177672657693897e-01	6.665177672657693897e-01	6.665177672657693897e-01	6.840982777127320169e-01	6.665177672657693897e-01	5.945049773416080097e-01	6.665177672657693897e-01	7.001286532731879619e-01	6.665177672657693897e-01	6.614388314470029950e-01	6.665177672657693897e-01	6.801745877951249630e-01	7.534324586528919898e-01	7.019610277766470396e-01	6.665177672657693897e-01	6.665177672657693897e-01	6.403248354011269461e-01	6.665177672657693897e-01	6.885811814937400355e-01	6.665177672657693897e-01	6.317892672821440181e-01	6.665177672657693897e-01	6.471428304349300387e-01	6.665177672657693897e-01	6.665177672657693897e-01	6.665177672657693897e-01	6.490989956698399732e-01	6.149356185722889556e-01	6.665177672657693897e-01	6.665177672657693897e-01	6.783647432753210360e-01	6.665177672657693897e-01	6.665177672657693897e-01	6.843943646914639745e-01	6.665177672657693897e-01	6.665177672657693897e-01	6.602341305803219873e-01	6.665177672657693897e-01	6.847269560113939946e-01	6.665177672657693897e-01	5.993063768041839712e-01	6.665177672657693897e-01	6.584575380326900262e-01	6.665177672657693897e-01	6.665177672657693897e-01	6.665177672657693897e-01	6.294709131640600086e-01	6.352129550098549737e-01	6.665177672657693897e-01	6.665177672657693897e-01	6.665177672657693897e-01	6.665177672657693897e-01	6.665177672657693897e-01	6.665177672657693897e-01	6.750851955703679463e-01	6.665177672657693897e-01	6.665177672657693897e-01	6.432239071432489519e-01	6.245552398969830277e-01	6.665177672657693897e-01	6.665177672657693897e-01	6.689095813207199814e-01	6.665177672657693897e-01	6.665177672657693897e-01	7.256635566220469569e-01	6.665177672657693897e-01	6.451381677775289702e-01	6.665177672657693897e-01	6.665177672657693897e-01	6.665177672657693897e-01	6.665177672657693897e-01	6.665177672657693897e-01	6.665177672657693897e-01	6.665177672657693897e-01	6.602471797181179713e-01	6.383609399634979642e-01	7.405854679102069626e-01	6.665177672657693897e-01	6.665177672657693897e-01	6.665177672657693897e-01	6.665177672657693897e-01	6.665177672657693897e-01	6.070886793747940491e-01	6.665177672657693897e-01	6.665177672657693897e-01	6.665177672657693897e-01	6.217610133187839727e-01	6.665177672657693897e-01	6.665177672657693897e-01	6.162807220293939903e-01	6.665177672657693897e-01	6.665177672657693897e-01	6.311645772258900333e-01	6.665177672657693897e-01	6.371709028712609912e-01	6.665177672657693897e-01	6.665177672657693897e-01	6.665177672657693897e-01	6.665177672657693897e-01	6.881951623738049584e-01	6.665177672657693897e-01	6.665177672657693897e-01	6.665177672657693897e-01	6.665177672657693897e-01	6.665177672657693897e-01	7.049943215103070537e-01	6.665177672657693897e-01	6.665177672657693897e-01	6.665177672657693897e-01	7.001142225672150055e-01	7.047524905061539613e-01	7.200753889618489723e-01
6.665177672657693897e-01	6.665177672657693897e-01	7.060441882014879544e-01	6.665177672657693897e-01	6.665177672657693897e-01	6.665177672657693897e-01	6.665177672657693897e-01	7.851903523378339633e-01	1.000000000000000000e+00	6.665177672657693897e-01	6.665177672657693897e-01	6.665177672657693897e-01	6.665177672657693897e-01	6.665177672657693897e-01	7.050069868953929841e-01	6.665177672657693897e-01	6.665177672657693897e-01	6.665177672657693897e-01	6.665177672657693897e-01	6.665177672657693897e-01	6.665177672657693897e-01	6.614859194003019915e-01	7.364280574844539462e-01	6.863025615515599975e-01	7.545385266746390540e-01	6.665177672657693897e-01	6.549784131130940157e-01	7.539117724525520314e-01	6.465061435897290210e-01	6.665177672657693897e-01	6.665177672657693897e-01	6.665177672657693897e-01	6.665177672657693897e-01	6.665177672657693897e-01	6.665177672657693897e-01	6.665177672657693897e-01	6.665177672657693897e-01	6.665177672657693897e-01	6.623613873939090402e-01	6.665177672657693897e-01	6.722109650260910119e-01	6.665177672657693897e-01	6.665177672657693897e-01	6.665177672657693897e-01	6.665177672657693897e-01	6.665177672657693897e-01	6.665177672657693897e-01	6.665177672657693897e-01	6.665177672657693897e-01	6.665177672657693897e-01	6.665177672657693897e-01	6.306895503718019658e-01	6.665177672657693897e-01	6.665177672657693897e-01	6.523361339070510301e-01	6.665177672657693897e-01	6.665177672657693897e-01	6.665177672657693897e-01	6.332534235200859563e-01	6.665177672657693897e-01	6.681775041425800366e-01	6.665177672657693897e-01	6.665177672657693897e-01	6.665177672657693897e-01	6.156686491587830545e-01	6.667692438005869970e-01	6.748896023814699996e-01	6.665177672657693897e-01	6.665177672657693897e-01	6.665177672657693897e-01	6.260168925447490151e-01	6.665177672657693897e-01	6.665177672657693897e-01	6.665177672657693897e-01	6.665177672657693897e-01	6.665177672657693897e-01	6.665177672657693897e-01	6.665177672657693897e-01	6.665177672657693897e-01	6.367124599986879740e-01	6.883971248085279937e-01	6.665177672657693897e-01	6.665177672657693897e-01	6.665177672657693897e-01	6.665177672657693897e-01	6.665177672657693897e-01	6.708441926222039609e-01	6.665177672657693897e-01	7.335408858019789591e-01	6.464751014706280330e-01	6.665177672657693897e-01	6.214798598960940001e-01	6.665177672657693897e-01	6.665177672657693897e-01	5.824675282331850390e-01	6.665177672657693897e-01	6.665177672657693897e-01	6.665177672657693897e-01	6.665177672657693897e-01	6.469075216211910284e-01	6.326847208715989934e-01	6.129574072670750384e-01	6.665177672657693897e-01	6.665177672657693897e-01	6.665177672657693897e-01	6.665177672657693897e-01	6.292589660656630057e-01	6.665177672657693897e-01	6.665177672657693897e-01	6.665177672657693897e-01	6.665177672657693897e-01	6.665177672657693897e-01	6.752798054812360062e-01	6.563142319346489950e-01	6.665177672657693897e-01	7.073311819617850160e-01	6.831959717608560023e-01	6.665177672657693897e-01	7.099293691591189726e-01	7.258097003407240067e-01	6.665177672657693897e-01	6.665177672657693897e-01	6.665177672657693897e-01	7.143846640997649766e-01
6.665177672657693897e-01	6.665177672657693897e-01	6.665177672657693897e-01	6.665177672657693897e-01	7.152173251115210295e-01	6.665177672657693897e-01	6.665177672657693897e-01	7.463781274849400349e-01	6.665177672657693897e-01	1.000000000000000000e+00	6.665177672657693897e-01	6.968772865917159942e-01	6.665177672657693897e-01	5.967541256586760268e-01	6.847197629938800434e-01	6.665177672657693897e-01	6.665177672657693897e-01	6.665177672657693897e-01	6.547387388354639626e-01	6.665177672657693897e-01	6.173468092146210395e-01	6.665177672657693897e-01	6.665177672657693897e-01	6.872121867658510519e-01	6.665177672657693897e-01	6.665177672657693897e-01	6.690917354938139550e-01	7.349473168420039837e-01	6.665177672657693897e-01	6.665177672657693897e-01	7.052326714825749576e-01	6.665177672657693897e-01	6.665177672657693897e-01	6.665177672657693897e-01	6.400473951915649495e-01	6.665177672657693897e-01	6.719160391240239782e-01	6.665177672657693897e-01	6.665177672657693897e-01	6.665177672657693897e-01	6.665177672657693897e-01	6.665177672657693897e-01	6.665177672657693897e-01	6.665177672657693897e-01	5.957158819306850317e-01	6.665177672657693897e-01	6.665177672657693897e-01	6.456165268858149453e-01	6.665177672657693897e-01	6.665177672657693897e-01	6.665177672657693897e-01	6.665177672657693897e-01	6.127110734061169683e-01	6.665177672657693897e-01	6.665177672657693897e-01	6.266283057086200481e-01	6.665177672657693897e-01	6.358195041129459657e-01	6.665177672657693897e-01	6.665177672657693897e-01	6.665177672657693897e-01	6.665177672657693897e-01	6.665177672657693897e-01	6.665177672657693897e-01	6.341203224446010367e-01	6.665177672657693897e-01	6.665177672657693897e-01	6.665177672657693897e-01	6.148120831925969476e-01	6.334306905455290293e-01	6.665177672657693897e-01	6.665177672657693897e-01	6.665177672657693897e-01	6.665177672657693897e-01	6.665177672657693897e-01	6.413617558016919684e-01	6.665177672657693897e-01	6.665177672657693897e-01	6.665177672657693897e-01	6.665177672657693897e-01	6.665177672657693897e-01	6.504007288838740131e-01	6.665177672657693897e-01	6.892128877560600442e-01	6.665177672657693897e-01	6.665177672657693897e-01	6.665177672657693897e-01	6.665177672657693897e-01	6.665177672657693897e-01	6.665177672657693897e-01	6.665177672657693897e-01	6.665177672657693897e-01	6.665177672657693897e-01	5.900955890630269485e-01	6.665177672657693897e-01	6.021742636173970098e-01	6.335824703111430090e-01	6.665177672657693897e-01	6.665177672657693897e-01	6.417292333186159770e-01	6.665177672657693897e-01	6.062438843873589889e-01	6.665177672657693897e-01	5.951357698760439963e-01	6.665177672657693897e-01	6.089524580982069724e-01	6.665177672657693897e-01	6.665177672657693897e-01	6.665177672657693897e-01	6.665177672657693897e-01	6.665177672657693897e-01	6.665177672657693897e-01	6.419712950657889827e-01	6.665177672657693897e-01	6.710148581823169867e-01	6.665177672657693897e-01	6.665177672657693897e-01	6.665177672657693897e-01	7.303913722529560282e-01	6.665177672657693897e-01	6.665177672657693897e-01	6.665177672657693897e-01	6.665177672657693897e-01	6.665177672657693897e-01
6.665177672657693897e-01	6.665177672657693897e-01	6.665177672657693897e-01	6.665177672657693897e-01	7.207449645972660024e-01	6.665177672657693897e-01	7.062103377826489670e-01	6.665177672657693897e-01	6.665177672657693897e-01	6.665177672657693897e-01	1.000000000000000000e+00	6.665177672657693897e-01	6.665177672657693897e-01	6.665177672657693897e-01	6.665177672657693897e-01	6.513793509603420517e-01	6.665177672657693897e-01	6.665177672657693897e-01	6.665177672657693897e-01	6.665177672657693897e-01	6.665177672657693897e-01	6.459748032996639466e-01	6.665177672657693897e-01	6.665177672657693897e-01	6.821186216644810063e-01	6.665177672657693897e-01	6.665177672657693897e-01	6.784292138270939798e-01	6.665177672657693897e-01	6.665177672657693897e-01	6.665177672657693897e-01	6.665177672657693897e-01	6.665177672657693897e-01	6.665177672657693897e-01	6.665177672657693897e-01	6.665177672657693897e-01	6.665177672657693897e-01	6.665177672657693897e-01	6.665177672657693897e-01	6.164547181714770119e-01	6.665177672657693897e-01	6.665177672657693897e-01	6.665177672657693897e-01	6.760877746141410460e-01	6.665177672657693897e-01	6.665177672657693897e-01	6.665177672657693897e-01	6.665177672657693897e-01	6.665177672657693897e-01	6.630371429024090046e-01	6.665177672657693897e-01	6.665177672657693897e-01	6.388268672439360030e-01	6.665177672657693897e-01	6.814705238454810132e-01	6.665177672657693897e-01	6.665177672657693897e-01	6.297011105573500078e-01	6.665177672657693897e-01	6.665177672657693897e-01	6.665177672657693897e-01	6.665177672657693897e-01	6.665177672657693897e-01	6.665177672657693897e-01	6.665177672657693897e-01	6.665177672657693897e-01	6.257946169643670009e-01	6.935055995270370532e-01	6.665177672657693897e-01	6.623917506034560088e-01	6.509119534873459845e-01	6.665177672657693897e-01	6.665177672657693897e-01	6.665177672657693897e-01	6.665177672657693897e-01	6.665177672657693897e-01	6.665177672657693897e-01	6.665177672657693897e-01	6.479357823244119574e-01	6.665177672657693897e-01	6.665177672657693897e-01	6.665177672657693897e-01	6.665177672657693897e-01	6.665177672657693897e-01	6.402051762217280118e-01	6.244347317774220363e-01	6.665177672657693897e-01	6.367393924948420159e-01	7.211045501502859612e-01	6.665177672657693897e-01	6.665177672657693897e-01	6.252613103934949734e-01	6.225405372426250361e-01	5.764016494577739458e-01	6.040894235651439459e-01	6.665177672657693897e-01	6.665177672657693897e-01	6.665177672657693897e-01	6.611739138727470433e-01	6.665177672657693897e-01	6.665177672657693897e-01	6.665177672657693897e-01	6.665177672657693897e-01	6.665177672657693897e-01	6.665177672657693897e-01	6.665177672657693897e-01	6.451370807884999614e-01	6.665177672657693897e-01	6.215848911253579745e-01	6.665177672657693897e-01	6.206940177867550368e-01	6.665177672657693897e-01	6.665177672657693897e-01	6.667265040017009703e-01	6.665177672657693897e-01	7.006232368296140267e-01	6.665177672657693897e-01	7.080659993940280339e-01	6.665177672657693897e-01	6.665177672657693897e-01	6.548193193170790405e-01	6.995333114522620521e-01	6.755047872724270208e-01	6.665177672657693897e-01
6.665177672657693897e-01	6.665177672657693897e-01	6.665177672657693897e-01	6.079186757486789716e-01	6.665177672657693897e-01	6.665177672657693897e-01	7.465443533183909741e-01	6.665177672657693897e-01	6.665177672657693897e-01	6.968772865917159942e-01	6.665177672657693897e-01	1.000000000000000000e+00	6.665177672657693897e-01	6.665177672657693897e-01	6.578573198002050093e-01	6.665177672657693897e-01	6.665177672657693897e-01	6.665177672657693897e-01	6.212468780168759475e-01	6.665177672657693897e-01	6.665177672657693897e-01	6.665177672657693897e-01	7.063780766026539482e-01	6.665177672657693897e-01	6.665177672657693897e-01	7.334635476363779993e-01	6.665177672657693897e-01	6.665177672657693897e-01	6.665177672657693897e-01	6.443308103392459962e-01	6.665177672657693897e-01	6.665177672657693897e-01	6.665177672657693897e-01	6.625476397827959607e-01	6.280585979319469603e-01	5.909881316315800381e-01	6.665177672657693897e-01	6.665177672657693897e-01	6.665177672657693897e-01	6.665177672657693897e-01	6.665177672657693897e-01	6.665177672657693897e-01	6.665177672657693897e-01	6.845170932693720456e-01	6.665177672657693897e-01	6.512430681733669680e-01	6.665177672657693897e-01	6.665177672657693897e-01	6.665177672657693897e-01	6.665177672657693897e-01	7.349902959964910165e-01	6.665177672657693897e-01	6.665177672657693897e-01	6.665177672657693897e-01	6.758955899719260030e-01	6.665177672657693897e-01	6.866703611386949513e-01	6.665177672657693897e-01	6.665177672657693897e-01	6.665177672657693897e-01	6.665177672657693897e-01	6.293018728354510261e-01	6.665177672657693897e-01	6.665177672657693897e-01	6.665177672657693897e-01	6.665177672657693897e-01	6.665177672657693897e-01	6.665177672657693897e-01	6.405862526605029528e-01	6.838136137842010243e-01	6.665177672657693897e-01	6.665177672657693897e-01	6.665177672657693897e-01	6.665177672657693897e-01	6.665177672657693897e-01	6.665177672657693897e-01	7.468317379492349639e-01	6.449463538818099861e-01	6.811165914052940140e-01	6.665177672657693897e-01	7.599161391711339864e-01	6.398885601450829963e-01	6.665177672657693897e-01	6.665177672657693897e-01	6.203154110094509788e-01	6.665177672657693897e-01	6.665177672657693897e-01	6.758537551732359816e-01	6.665177672657693897e-01	6.665177672657693897e-01	6.665177672657693897e-01	6.665177672657693897e-01	6.665177672657693897e-01	6.665177672657693897e-01	6.665177672657693897e-01	6.711306048515810474e-01	6.947839554653290062e-01	6.665177672657693897e-01	6.665177672657693897e-01	6.665177672657693897e-01	6.665177672657693897e-01	6.817135150201339977e-01	6.665177672657693897e-01	6.665177672657693897e-01	6.936148902776709813e-01	6.665177672657693897e-01	6.665177672657693897e-01	6.665177672657693897e-01	6.665177672657693897e-01	6.665177672657693897e-01	6.665177672657693897e-01	6.665177672657693897e-01	6.665177672657693897e-01	6.665177672657693897e-01	6.733318464885249544e-01	6.665177672657693897e-01	6.680991437477460382e-01	6.665177672657693897e-01	6.665177672657693897e-01	6.830017928549430017e-01	6.665177672657693897e-01	7.509838453029300531e-01	6.665177672657693897e-01	6.665177672657693897e-01
