1.000000000000000000e+00	7.787042560816282988e-01	7.787042560816282988e-01	7.787042560816282988e-01	8.983173025263599953e-01	7.787042560816282988e-01	8.295305453929020523e-01	7.787042560816282988e-01	7.787042560816282988e-01	7.787042560816282988e-01	7.787042560816282988e-01	6.267540648415620419e-01	7.787042560816282988e-01	4.199623450072699771e-01	9.211983569214829970e-01	7.787042560816282988e-01	8.591066963452780314e-01	5.265442329717650027e-01	9.270091101042320370e-01	7.787042560816282988e-01	6.410509725250299606e-01	9.561177835345620046e-01	7.500952021834760286e-01	8.002373450385610321e-01	7.787042560816282988e-01	9.392393512056299576e-01	9.428042224410649874e-01	7.787042560816282988e-01	9.353791942996559916e-01	8.440352745310819582e-01	7.787042560816282988e-01	7.787042560816282988e-01	7.787042560816282988e-01	8.377895361012219766e-01	9.397974953730100500e-01	7.787042560816282988e-01	9.036906102313869704e-01	7.787042560816282988e-01	7.787042560816282988e-01	7.787042560816282988e-01	9.459481561053070253e-01	7.787042560816282988e-01	8.909152915045830401e-01	9.396707378895160501e-01	9.215870733177939922e-01	7.787042560816282988e-01	7.048971310846160465e-01	9.441282771009029684e-01	8.750271489452090545e-01	7.419209905609740474e-01	9.343328369095059704e-01	7.787042560816282988e-01	8.429072283123260068e-01	9.353362437748780067e-01	7.787042560816282988e-01	7.787042560816282988e-01	7.787042560816282988e-01	9.483020982489860362e-01	7.787042560816282988e-01	9.348317228139629842e-01	7.787042560816282988e-01	6.615998683860510043e-01	9.287933250409600161e-01	7.787042560816282988e-01	7.787042560816282988e-01	6.597227807742529482e-01	7.787042560816282988e-01	7.787042560816282988e-01	9.095162108139279722e-01	9.151508391861360447e-01	7.787042560816282988e-01	7.787042560816282988e-01	7.787042560816282988e-01	7.787042560816282988e-01	7.787042560816282988e-01	6.669664785163730292e-01	9.264053851062790113e-01	7.787042560816282988e-01	7.787042560816282988e-01	7.787042560816282988e-01	7.787042560816282988e-01	7.787042560816282988e-01	9.050142767147789646e-01	7.787042560816282988e-01	9.394388429253890394e-01	7.787042560816282988e-01	7.787042560816282988e-01	9.009559931899829843e-01	7.787042560816282988e-01	7.787042560816282988e-01	6.969333905336430046e-01	6.959560043820860464e-01	9.211428393935630066e-01	9.153872471148469803e-01	7.787042560816282988e-01	7.787042560816282988e-01	7.787042560816282988e-01	7.787042560816282988e-01	9.564114352990460421e-01	7.787042560816282988e-01	9.513360343911200223e-01	7.787042560816282988e-01	9.305329027187390079e-01	7.583246520780889677e-01	7.787042560816282988e-01	9.401131148663679493e-01	7.787042560816282988e-01	7.787042560816282988e-01	7.840490790057850212e-01	7.787042560816282988e-01	7.787042560816282988e-01	8.285550358753609457e-01	7.787042560816282988e-01	7.303816588403410082e-01	7.787042560816282988e-01	7.787042560816282988e-01	9.195052572177659922e-01	9.467901190752869844e-01	7.787042560816282988e-01	9.268042782486199949e-01	7.064829234281500003e-01	9.195712323945519628e-01	7.787042560816282988e-01	9.308641112044639954e-01
7.787042560816282988e-01	1.000000000000000000e+00	8.483945561440570104e-01	6.904908755223060357e-01	7.601527980063740308e-01	7.787042560816282988e-01	7.787042560816282988e-01	7.787042560816282988e-01	7.460825435716980092e-01	8.197963252663460487e-01	7.518366166414409690e-01	7.936594434260489939e-01	7.178135840249529886e-01	6.539507240026539714e-01	6.312942565178969456e-01	7.106720556092429586e-01	7.536037015131079597e-01	6.974816464911329783e-01	7.787042560816282988e-01	7.787042560816282988e-01	7.787042560816282988e-01	7.787042560816282988e-01	7.935091265468370292e-01	7.738996030596410058e-01	7.787042560816282988e-01	6.437278909241980207e-01	6.755254756744250022e-01	7.255451753450270491e-01	7.787042560816282988e-01	7.137277731054060270e-01	6.789559771089550555e-01	7.787042560816282988e-01	6.176544000021509939e-01	7.787042560816282988e-01	6.608844294140370224e-01	7.787042560816282988e-01	7.430141047204049665e-01	7.787042560816282988e-01	6.095224353524030247e-01	7.787042560816282988e-01	6.501444524813400072e-01	7.787042560816282988e-01	7.787042560816282988e-01	7.787042560816282988e-01	6.054184979038680359e-01	7.932814279442580441e-01	7.966054654070200414e-01	7.787042560816282988e-01	7.787042560816282988e-01	7.787042560816282988e-01	7.787042560816282988e-01	6.364113877989719947e-01	7.787042560816282988e-01	7.787042560816282988e-01	7.787042560816282988e-01	7.831068272919150530e-01	7.787042560816282988e-01	6.127549079048949521e-01	7.787042560816282988e-01	7.787042560816282988e-01	7.787042560816282988e-01	7.761772879848890527e-01	6.107481653187749604e-01	6.896907496396560422e-01	7.600786278176180355e-01	8.519495306946830437e-01	6.701746194513370503e-01	7.787042560816282988e-01	7.787042560816282988e-01	6.342015712378390457e-01	6.057504526227830421e-01	7.787042560816282988e-01	5.866330810174059662e-01	7.787042560816282988e-01	7.787042560816282988e-01	7.736175830269480524e-01	6.160275061558160292e-01	6.256147018001629867e-01	7.787042560816282988e-01	7.787042560816282988e-01	6.375008857990259736e-01	6.017997054483360531e-01	7.787042560816282988e-01	7.787042560816282988e-01	6.385720894321039731e-01	7.787042560816282988e-01	5.988827819331680180e-01	6.208587218547440001e-01	7.787042560816282988e-01	8.298115145744220378e-01	7.451709488950070126e-01	7.787042560816282988e-01	7.068155205467600011e-01	7.787042560816282988e-01	6.004195936987990478e-01	5.734165029751600029e-01	7.787042560816282988e-01	6.016442846443950110e-01	6.096973889084570386e-01	7.787042560816282988e-01	7.007762289728870497e-01	7.787042560816282988e-01	6.315787681935129960e-01	7.787042560816282988e-01	6.294001824693209457e-01	7.787042560816282988e-01	7.787042560816282988e-01	7.787042560816282988e-01	7.862189832534870471e-01	5.833977503429730316e-01	6.111479350165980318e-01	7.787042560816282988e-01	7.939897850612960273e-01	7.787042560816282988e-01	7.787042560816282988e-01	6.857099100712350515e-01	6.650207229451989832e-01	7.787042560816282988e-01	7.787042560816282988e-01	5.989051260934660226e-01	8.432774290832499853e-01	6.309863310728940355e-01	7.787042560816282988e-01	6.085017088190209922e-01
7.787042560816282988e-01	8.483945561440570104e-01	1.000000000000000000e+00	7.787042560816282988e-01	8.190085310692459819e-01	7.787042560816282988e-01	8.049107853332609919e-01	7.787042560816282988e-01	7.787042560816282988e-01	8.512651966071239640e-01	7.910080324412229746e-01	7.787042560816282988e-01	7.787042560816282988e-01	6.980984491207540277e-01	6.527600473502109812e-01	7.787042560816282988e-01	7.787042560816282988e-01	7.787042560816282988e-01	7.787042560816282988e-01	7.787042560816282988e-01	7.787042560816282988e-01	7.787042560816282988e-01	7.787042560816282988e-01	8.333125368835260227e-01	7.782896675993939972e-01	7.787042560816282988e-01	6.967014120367559515e-01	7.695365098751879573e-01	7.787042560816282988e-01	7.787042560816282988e-01	7.787042560816282988e-01	6.293965698153060062e-01	6.127197376846860166e-01	8.084389883649459874e-01	7.787042560816282988e-01	5.805583578792780086e-01	7.145209234520979447e-01	7.787042560816282988e-01	7.787042560816282988e-01	7.848054984682230062e-01	6.347296233795559628e-01	7.787042560816282988e-01	7.787042560816282988e-01	6.182786784530189816e-01	6.326182336028699504e-01	7.787042560816282988e-01	7.787042560816282988e-01	6.323096623635660052e-01	7.787042560816282988e-01	8.754667304362430125e-01	7.787042560816282988e-01	7.787042560816282988e-01	7.787042560816282988e-01	6.418794034510669766e-01	6.079309185733400289e-01	8.719462426859490023e-01	7.787042560816282988e-01	7.787042560816282988e-01	6.051718222449310458e-01	7.787042560816282988e-01	6.181881899464299890e-01	7.787042560816282988e-01	7.787042560816282988e-01	7.787042560816282988e-01	8.220274148284150151e-01	7.787042560816282988e-01	7.787042560816282988e-01	7.787042560816282988e-01	6.598856294702950542e-01	7.787042560816282988e-01	6.334957608940949836e-01	7.787042560816282988e-01	7.787042560816282988e-01	7.787042560816282988e-01	7.599150426953900084e-01	7.787042560816282988e-01	7.787042560816282988e-01	7.787042560816282988e-01	8.490424681803200313e-01	6.722203350342179640e-01	7.787042560816282988e-01	7.787042560816282988e-01	7.787042560816282988e-01	8.998396727171880105e-01	7.787042560816282988e-01	6.386820581932639573e-01	7.787042560816282988e-01	7.787042560816282988e-01	7.787042560816282988e-01	8.217420062485329968e-01	7.787042560816282988e-01	7.787042560816282988e-01	7.417698285996630059e-01	7.787042560816282988e-01	6.485734280305059940e-01	7.787042560816282988e-01	7.787042560816282988e-01	7.787042560816282988e-01	7.787042560816282988e-01	7.086760788399749655e-01	7.422510990653420349e-01	8.574637321859019945e-01	7.787042560816282988e-01	7.787042560816282988e-01	7.787042560816282988e-01	7.787042560816282988e-01	8.002580149059560499e-01	7.787042560816282988e-01	7.787042560816282988e-01	5.906571402448279606e-01	7.787042560816282988e-01	7.212621620396869604e-01	7.557847783266310460e-01	7.773275664747689717e-01	8.581555121303610090e-01	6.686991119333109967e-01	7.787042560816282988e-01	7.787042560816282988e-01	7.483621166900119581e-01	6.266317625899400223e-01	7.787042560816282988e-01	6.204971179771230361e-01	7.787042560816282988e-01	7.787042560816282988e-01
7.787042560816282988e-01	6.904908755223060357e-01	7.787042560816282988e-01	1.000000000000000000e+00	7.787042560816282988e-01	7.787042560816282988e-01	7.913758797874550499e-01	7.787042560816282988e-01	8.551511890380929515e-01	8.212940439706909457e-01	7.787042560816282988e-01	7.011162001884809758e-01	8.634595606509299914e-01	7.787042560816282988e-01	7.787042560816282988e-01	7.787042560816282988e-01	7.787042560816282988e-01	7.787042560816282988e-01	7.787042560816282988e-01	7.983082147263209638e-01	7.787042560816282988e-01	7.787042560816282988e-01	7.787042560816282988e-01	7.787042560816282988e-01	7.787042560816282988e-01	7.787042560816282988e-01	7.787042560816282988e-01	8.032884680479199790e-01	7.787042560816282988e-01	8.429290003287690514e-01	8.249579823827839498e-01	7.787042560816282988e-01	7.787042560816282988e-01	8.211432064029969835e-01	8.246029235104700428e-01	7.854386595965170415e-01	7.787042560816282988e-01	8.097881260304370388e-01	7.787042560816282988e-01	7.787042560816282988e-01	8.057913899119549805e-01	7.787042560816282988e-01	7.787042560816282988e-01	7.906902774054089811e-01	7.787042560816282988e-01	6.996769786511569666e-01	7.787042560816282988e-01	7.787042560816282988e-01	7.787042560816282988e-01	7.956526906399500332e-01	8.202693654673399726e-01	7.787042560816282988e-01	7.787042560816282988e-01	7.973282319930730111e-01	7.787042560816282988e-01	7.909762511921519801e-01	7.787042560816282988e-01	7.787042560816282988e-01	7.862731384930670142e-01	7.787042560816282988e-01	7.787042560816282988e-01	7.156003654096589894e-01	7.787042560816282988e-01	5.039572665442859645e-01	7.787042560816282988e-01	7.055792128437140542e-01	7.787042560816282988e-01	8.006232706093849849e-01	8.138584056561789515e-01	7.787042560816282988e-01	8.167668824493380386e-01	8.112396214981569820e-01	7.787042560816282988e-01	7.787042560816282988e-01	6.099826708502019690e-01	7.787042560816282988e-01	7.989889572924100403e-01	7.984136116305140529e-01	7.787042560816282988e-01	7.787042560816282988e-01	7.787042560816282988e-01	7.787042560816282988e-01	7.787042560816282988e-01	7.179351385724099810e-01	7.787042560816282988e-01	8.177167790196739894e-01	7.787042560816282988e-01	7.724993982575999452e-01	7.787042560816282988e-01	7.787042560816282988e-01	7.787042560816282988e-01	7.592610542007619534e-01	8.283172807979249930e-01	7.874587180963279476e-01	8.030902299385790366e-01	8.020030961779579526e-01	7.787042560816282988e-01	7.787042560816282988e-01	7.787042560816282988e-01	7.787042560816282988e-01	8.560179680235889821e-01	7.787042560816282988e-01	7.787042560816282988e-01	7.798637355833919482e-01	7.787042560816282988e-01	8.196975155071339891e-01	7.787042560816282988e-01	7.473190406179109901e-01	7.760547812113589572e-01	7.787042560816282988e-01	7.773855713340990237e-01	8.258462985655780075e-01	7.888384941176329601e-01	7.180464099282900525e-01	7.787042560816282988e-01	8.231960279991860086e-01	8.001569672959659707e-01	7.787042560816282988e-01	8.628377902147950085e-01	8.193870480762469599e-01	7.655340862096819965e-01	7.787042560816282988e-01	7.787042560816282988e-01	8.079611765818890401e-01
8.983173025263599953e-01	7.601527980063740308e-01	8.190085310692459819e-01	7.787042560816282988e-01	1.000000000000000000e+00	8.433693995756990081e-01	8.902788604675959672e-01	7.787042560816282988e-01	9.203527384079039919e-01	8.465582497197630119e-01	9.246655623844359795e-01	7.369467581938230483e-01	8.874498313138540206e-01	5.537869452341359633e-01	8.527567735991079534e-01	7.787042560816282988e-01	7.787042560816282988e-01	7.787042560816282988e-01	8.636107358713329685e-01	8.340542459232309636e-01	7.787042560816282988e-01	7.787042560816282988e-01	7.787042560816282988e-01	8.525977107399760335e-01	7.787042560816282988e-01	7.787042560816282988e-01	7.787042560816282988e-01	7.787042560816282988e-01	8.393225361127359951e-01	7.787042560816282988e-01	7.787042560816282988e-01	7.787042560816282988e-01	7.787042560816282988e-01	7.787042560816282988e-01	7.787042560816282988e-01	8.229054903059529469e-01	8.935245466379140300e-01	7.787042560816282988e-01	8.594766119083999678e-01	9.061422177906820474e-01	7.787042560816282988e-01	7.896969822097610336e-01	7.787042560816282988e-01	8.410128003143010345e-01	8.379506460080949903e-01	7.725149175283350100e-01	7.787042560816282988e-01	7.787042560816282988e-01	9.046117809694790290e-01	8.214236921422930493e-01	8.649104465069179515e-01	8.534545534397549593e-01	8.575720167654670156e-01	8.497737897759259917e-01	8.312488011460630322e-01	7.787042560816282988e-01	8.442969255420540442e-01	7.787042560816282988e-01	8.280320647591780103e-01	7.787042560816282988e-01	7.787042560816282988e-01	7.787042560816282988e-01	7.787042560816282988e-01	7.787042560816282988e-01	8.858899445264819539e-01	7.454960848435719933e-01	8.419860618988359580e-01	7.787042560816282988e-01	8.738175567463299931e-01	8.184516533531069893e-01	8.523359334201809911e-01	8.601008970806970355e-01	8.497079450450489846e-01	7.787042560816282988e-01	6.639718426841459964e-01	7.931243540051889918e-01	7.787042560816282988e-01	7.787042560816282988e-01	7.787042560816282988e-01	7.787042560816282988e-01	8.718786799223290362e-01	8.614249917094249920e-01	8.459947794390220155e-01	7.730383211429260326e-01	8.435461078764999732e-01	8.640024275503439544e-01	8.566397409924539907e-01	7.787042560816282988e-01	1.000000000000000021e-03	8.317403847559590169e-01	7.787042560816282988e-01	7.813109225686269976e-01	8.967640498850170117e-01	7.787042560816282988e-01	7.787042560816282988e-01	8.446944025586580196e-01	8.645084188224739785e-01	8.698966696481189587e-01	7.787042560816282988e-01	7.787042560816282988e-01	7.787042560816282988e-01	7.787042560816282988e-01	8.632340861457250547e-01	8.572078411657529928e-01	7.787042560816282988e-01	7.787042560816282988e-01	7.448822957377020382e-01	7.787042560816282988e-01	7.787042560816282988e-01	7.787042560816282988e-01	8.397321309846159654e-01	7.787042560816282988e-01	8.410586608163640454e-01	7.787042560816282988e-01	7.822801989907790521e-01	7.787042560816282988e-01	7.787042560816282988e-01	7.787042560816282988e-01	8.935142892980939555e-01	7.787042560816282988e-01	7.787042560816282988e-01	8.395176710981659962e-01	7.787042560816282988e-01	7.787042560816282988e-01
7.787042560816282988e-01	7.787042560816282988e-01	7.787042560816282988e-01	7.787042560816282988e-01	8.433693995756990081e-01	1.000000000000000000e+00	7.782360622282480378e-01	7.868713506408050451e-01	7.787042560816282988e-01	7.787042560816282988e-01	8.443793139424660144e-01	7.400602266012960007e-01	7.787042560816282988e-01	7.787042560816282988e-01	7.718877440068360185e-01	8.300830497589509749e-01	7.787042560816282988e-01	6.348462182338849846e-01	7.767165475735759994e-01	7.734155688855790522e-01	7.787042560816282988e-01	7.763577422646980031e-01	7.867607035411749994e-01	7.787042560816282988e-01	8.082765934506990213e-01	7.903136761205169503e-01	7.787042560816282988e-01	8.162794632927480309e-01	7.581114011471770109e-01	8.110906305098229963e-01	7.787042560816282988e-01	7.593896274625370202e-01	7.553055709963439890e-01	8.413049020532600286e-01	7.813221341732340397e-01	7.787042560816282988e-01	7.787042560816282988e-01	7.787042560816282988e-01	7.787042560816282988e-01	8.281532695737739980e-01	7.604670108196960321e-01	7.787042560816282988e-01	7.787042560816282988e-01	7.787042560816282988e-01	7.561991798100979878e-01	7.787042560816282988e-01	7.787042560816282988e-01	7.654264394816140404e-01	8.666074718044769476e-01	7.787042560816282988e-01	7.787042560816282988e-01	7.787042560816282988e-01	8.191566255912330341e-01	7.787042560816282988e-01	7.474777690191749535e-01	7.787042560816282988e-01	7.563706478897550545e-01	7.787042560816282988e-01	7.787042560816282988e-01	7.787042560816282988e-01	7.496217537000999798e-01	7.798928320958380400e-01	7.787042560816282988e-01	5.780512181500040425e-01	7.787042560816282988e-01	7.787042560816282988e-01	7.787042560816282988e-01	7.787042560816282988e-01	7.675866587101080052e-01	7.787042560816282988e-01	7.787042560816282988e-01	7.663078302863429725e-01	7.539260257092650352e-01	7.649191658986700393e-01	7.787042560816282988e-01	7.787042560816282988e-01	7.787042560816282988e-01	7.787042560816282988e-01	7.879515410307970091e-01	7.787042560816282988e-01	7.568201220998760359e-01	7.787042560816282988e-01	7.412080317039300148e-01	7.787042560816282988e-01	7.787042560816282988e-01	7.787042560816282988e-01	7.787042560816282988e-01	7.787042560816282988e-01	7.787042560816282988e-01	7.787042560816282988e-01	7.787042560816282988e-01	7.787042560816282988e-01	7.787042560816282988e-01	7.547031986805510240e-01	7.787042560816282988e-01	7.501361049409069892e-01	7.787042560816282988e-01	7.787042560816282988e-01	7.768101762275489985e-01	7.787042560816282988e-01	8.131813304759270000e-01	7.410931711301049774e-01	7.787042560816282988e-01	7.787042560816282988e-01	7.787042560816282988e-01	7.787042560816282988e-01	7.787042560816282988e-01	7.432636369190369630e-01	7.772584124913269887e-01	7.787042560816282988e-01	7.335031767049029483e-01	7.787042560816282988e-01	7.749308497246389926e-01	7.585357860498630478e-01	7.787042560816282988e-01	7.787042560816282988e-01	7.619853511730699802e-01	7.787042560816282988e-01	8.126517370860389944e-01	7.787042560816282988e-01	7.787042560816282988e-01	7.533506978960929912e-01	7.787042560816282988e-01	7.787042560816282988e-01
8.295305453929020523e-01	7.787042560816282988e-01	8.049107853332609919e-01	7.913758797874550499e-01	8.902788604675959672e-01	7.782360622282480378e-01	1.000000000000000000e+00	7.787042560816282988e-01	7.787042560816282988e-01	7.787042560816282988e-01	7.787042560816282988e-01	7.787042560816282988e-01	8.291092699876909666e-01	5.546171960732000361e-01	7.787042560816282988e-01	8.457544472512259492e-01	7.787042560816282988e-01	7.787042560816282988e-01	7.951596151207449559e-01	7.787042560816282988e-01	7.343393777300869507e-01	7.787042560816282988e-01	7.787042560816282988e-01	8.177191258100019455e-01	7.787042560816282988e-01	8.117123833923129972e-01	7.787042560816282988e-01	8.066081379354890224e-01	7.710065734729639741e-01	7.787042560816282988e-01	7.787042560816282988e-01	7.787042560816282988e-01	7.787042560816282988e-01	7.787042560816282988e-01	8.291045110362059711e-01	7.787042560816282988e-01	8.455141833375640070e-01	7.787042560816282988e-01	7.787042560816282988e-01	8.527861422948149750e-01	8.167926675254499891e-01	8.050886776602940165e-01	8.219165418722950145e-01	7.787042560816282988e-01	7.787042560816282988e-01	7.533225916268010414e-01	7.956389899700000434e-01	8.106950060593249852e-01	8.269989796381139735e-01	7.787042560816282988e-01	7.800607177897590505e-01	7.926624182511310401e-01	8.253700422094220057e-01	7.859257071873659850e-01	7.787042560816282988e-01	7.787042560816282988e-01	7.787042560816282988e-01	7.787042560816282988e-01	7.790114658955910043e-01	7.787042560816282988e-01	7.787042560816282988e-01	7.787042560816282988e-01	7.787042560816282988e-01	7.787042560816282988e-01	7.787042560816282988e-01	7.787042560816282988e-01	7.960044219176859448e-01	7.787042560816282988e-01	8.460409116088459802e-01	8.023576347562659805e-01	7.755716249151110020e-01	8.207167688499600322e-01	7.777694048322629783e-01	7.787042560816282988e-01	6.523817356158050362e-01	7.740106627723629673e-01	7.787042560816282988e-01	7.787042560816282988e-01	8.140943469348720374e-01	7.963265979464370092e-01	7.787042560816282988e-01	7.787042560816282988e-01	7.787042560816282988e-01	7.694172594065979975e-01	8.072102380998910087e-01	7.859437517859130251e-01	7.789287491816180298e-01	7.787042560816282988e-01	1.000000000000000021e-03	8.496567360039040118e-01	7.976990184607010148e-01	7.687264122523139731e-01	8.263678891886190314e-01	8.080052347759989484e-01	7.787042560816282988e-01	7.493206239044150063e-01	7.787042560816282988e-01	7.895632775696860284e-01	7.947900090186079680e-01	8.066451772815470544e-01	7.787042560816282988e-01	7.531885607677929473e-01	8.290331300417109750e-01	7.787042560816282988e-01	7.787042560816282988e-01	7.787042560816282988e-01	7.787042560816282988e-01	7.174984621765310155e-01	7.787042560816282988e-01	7.660703484094769644e-01	7.758454507596259653e-01	7.787042560816282988e-01	7.787042560816282988e-01	7.871604613851479471e-01	7.787042560816282988e-01	8.324209676502879462e-01	8.223601234425159667e-01	8.589711005334490501e-01	8.305405730325370328e-01	7.787042560816282988e-01	8.018857185859730174e-01	7.787042560816282988e-01	7.495077403310730357e-01	7.801995305831670446e-01
7.787042560816282988e-01	7.787042560816282988e-01	7.787042560816282988e-01	7.787042560816282988e-01	7.787042560816282988e-01	7.868713506408050451e-01	7.787042560816282988e-01	1.000000000000000000e+00	7.787042560816282988e-01	7.787042560816282988e-01	7.787042560816282988e-01	7.191311779132619764e-01	8.541578069742450374e-01	7.787042560816282988e-01	8.211337799748820165e-01	7.787042560816282988e-01	7.787042560816282988e-01	6.387938791809689709e-01	8.319003313895180218e-01	8.271057907138269494e-01	7.787042560816282988e-01	8.255287638034569664e-01	7.787042560816282988e-01	7.787042560816282988e-01	8.862154364903970238e-01	7.787042560816282988e-01	7.787042560816282988e-01	7.787042560816282988e-01	7.787042560816282988e-01	8.351944134901210237e-01	7.787042560816282988e-01	7.787042560816282988e-01	7.787042560816282988e-01	7.787042560816282988e-01	8.503715030013729859e-01	7.731869791609150555e-01	7.787042560816282988e-01	7.787042560816282988e-01	8.142275321064960103e-01	8.484968251643030257e-01	7.787042560816282988e-01	7.787042560816282988e-01	7.787042560816282988e-01	7.787042560816282988e-01	8.016602177064949819e-01	7.787042560816282988e-01	7.787042560816282988e-01	7.787042560816282988e-01	7.787042560816282988e-01	7.787042560816282988e-01	7.787042560816282988e-01	8.097160842335500153e-01	7.787042560816282988e-01	7.787042560816282988e-01	7.787042560816282988e-01	7.787042560816282988e-01	8.428370778624110216e-01	7.787042560816282988e-01	8.156237814224259752e-01	7.787042560816282988e-01	7.787042560816282988e-01	7.470059726191059513e-01	7.787042560816282988e-01	7.787042560816282988e-01	7.787042560816282988e-01	7.919097895823810074e-01	8.384726624377299986e-01	7.787042560816282988e-01	7.787042560816282988e-01	7.787042560816282988e-01	8.176252594500470483e-01	8.481267671241430328e-01	7.787042560816282988e-01	8.625060323647679716e-01	7.787042560816282988e-01	7.589974381517949897e-01	7.787042560816282988e-01	7.787042560816282988e-01	7.787042560816282988e-01	7.787042560816282988e-01	8.403372512276560125e-01	7.787042560816282988e-01	7.787042560816282988e-01	7.787042560816282988e-01	7.787042560816282988e-01	8.118195499862760345e-01	7.787042560816282988e-01	7.787042560816282988e-01	1.000000000000000021e-03	8.594642788238510134e-01	7.787042560816282988e-01	7.557175408706340303e-01	7.787042560816282988e-01	8.274904248233290183e-01	8.191660293220679456e-01	7.787042560816282988e-01	8.229149370728989776e-01	7.787042560816282988e-01	7.787042560816282988e-01	8.324520250593460124e-01	8.612222930035530188e-01	7.194366931167079926e-01	8.451454261279499613e-01	7.787042560816282988e-01	8.299591805851750381e-01	7.787042560816282988e-01	7.859166850434510243e-01	7.787042560816282988e-01	8.638189549044710258e-01	7.787042560816282988e-01	8.065386937456590077e-01	7.787042560816282988e-01	7.787042560816282988e-01	7.965163086338830079e-01	7.787042560816282988e-01	7.787042560816282988e-01	7.787042560816282988e-01	7.787042560816282988e-01	8.616895605451290185e-01	8.019570637021069537e-01	7.787042560816282988e-01	8.324042449099630092e-01	7.787042560816282988e-01	7.787042560816282988e-01
7.787042560816282988e-01	7.460825435716980092e-01	7.787042560816282988e-01	8.551511890380929515e-01	9.203527384079039919e-01	7.787042560816282988e-01	7.787042560816282988e-01	7.787042560816282988e-01	1.000000000000000000e+00	8.675232079602609447e-01	7.787042560816282988e-01	7.469116490799789787e-01	8.957146165130970283e-01	7.787042560816282988e-01	7.787042560816282988e-01	8.765603613541379513e-01	7.787042560816282988e-01	7.787042560816282988e-01	7.787042560816282988e-01	7.787042560816282988e-01	7.787042560816282988e-01	8.778971971485339809e-01	7.787042560816282988e-01	8.759165879636660046e-01	7.787042560816282988e-01	8.792537353184629589e-01	7.787042560816282988e-01	7.787042560816282988e-01	7.787042560816282988e-01	7.787042560816282988e-01	8.522845659990120337e-01	8.638065595093450399e-01	8.363217384722020364e-01	7.787042560816282988e-01	8.659834345822869928e-01	7.787042560816282988e-01	8.830824650939960163e-01	7.787042560816282988e-01	7.787042560816282988e-01	7.787042560816282988e-01	8.535598820637040340e-01	8.232621809931750523e-01	8.913449477741399729e-01	7.787042560816282988e-01	8.553868267095879885e-01	7.787042560816282988e-01	7.787042560816282988e-01	7.787042560816282988e-01	9.035324190215010542e-01	8.205942973597980528e-01	8.745300600190419882e-01	7.787042560816282988e-01	7.787042560816282988e-01	8.571315807326860270e-01	8.365954039656220420e-01	8.551143765160339472e-01	8.522723361169339817e-01	7.787042560816282988e-01	7.787042560816282988e-01	7.787042560816282988e-01	7.787042560816282988e-01	7.680780664791979628e-01	8.428951329906270162e-01	5.715008667064029879e-01	9.006974625521220190e-01	7.787042560816282988e-01	8.638933310105999519e-01	8.431927282922270228e-01	8.624169251304479866e-01	7.787042560816282988e-01	7.787042560816282988e-01	7.787042560816282988e-01	8.579954422563179639e-01	7.787042560816282988e-01	7.787042560816282988e-01	7.787042560816282988e-01	7.787042560816282988e-01	8.770082638897249705e-01	8.458709634207109973e-01	8.671348973633850044e-01	7.787042560816282988e-01	7.787042560816282988e-01	8.356427627813479697e-01	7.794274181391519507e-01	8.561064141004649519e-01	8.688911458640630192e-01	7.787042560816282988e-01	8.195634355970630169e-01	1.000000000000000021e-03	8.339967997187269777e-01	7.999365440690510143e-01	7.976326304370110476e-01	7.787042560816282988e-01	7.787042560816282988e-01	7.787042560816282988e-01	7.787042560816282988e-01	7.787042560816282988e-01	7.787042560816282988e-01	7.787042560816282988e-01	8.973227051826480061e-01	9.026304806022159566e-01	7.787042560816282988e-01	7.787042560816282988e-01	8.501665254060589705e-01	8.874243625224440546e-01	7.787042560816282988e-01	7.502200702204679938e-01	7.787042560816282988e-01	8.326455627123839909e-01	8.254150497105080531e-01	7.787042560816282988e-01	7.787042560816282988e-01	7.787042560816282988e-01	7.861219644439479959e-01	7.896879167729670135e-01	7.787042560816282988e-01	7.787042560816282988e-01	7.787042560816282988e-01	7.787042560816282988e-01	7.787042560816282988e-01	7.760926448766150010e-01	8.545648313461190471e-01	7.787042560816282988e-01	7.787042560816282988e-01
7.787042560816282988e-01	8.197963252663460487e-01	8.512651966071239640e-01	8.212940439706909457e-01	8.465582497197630119e-01	7.787042560816282988e-01	7.787042560816282988e-01	7.787042560816282988e-01	8.675232079602609447e-01	1.000000000000000000e+00	8.395923643921759938e-01	7.787042560816282988e-01	8.145383822480569691e-01	7.787042560816282988e-01	7.511895804999020321e-01	7.787042560816282988e-01	8.493787979124509668e-01	7.787042560816282988e-01	7.787042560816282988e-01	7.787042560816282988e-01	7.787042560816282988e-01	7.480400243957260331e-01	8.596863014252159596e-01	7.787042560816282988e-01	8.552837272399089752e-01	7.787042560816282988e-01	7.787042560816282988e-01	8.337550903000420233e-01	7.253744500125729466e-01	8.228771506557860382e-01	8.275640480330830329e-01	7.787042560816282988e-01	7.787042560816282988e-01	7.787042560816282988e-01	7.787042560816282988e-01	6.877852820363159481e-01	8.037658232317600460e-01	7.787042560816282988e-01	7.787042560816282988e-01	8.377414495953560136e-01	7.787042560816282988e-01	7.787042560816282988e-01	7.787042560816282988e-01	7.383863508594390446e-01	7.342635116508400284e-01	7.867042569335880309e-01	7.787042560816282988e-01	7.787042560816282988e-01	8.523628414001549469e-01	7.787042560816282988e-01	7.787042560816282988e-01	7.787042560816282988e-01	7.787042560816282988e-01	7.787042560816282988e-01	7.306101740146410117e-01	8.448253200836930432e-01	7.787042560816282988e-01	7.787042560816282988e-01	7.180608352555609697e-01	7.618738303995530314e-01	7.274216328036929857e-01	8.311390697374559933e-01	7.787042560816282988e-01	7.787042560816282988e-01	8.715559523019760224e-01	8.472217794617340481e-01	7.787042560816282988e-01	8.560032278991740462e-01	7.635330179785370097e-01	7.787042560816282988e-01	7.787042560816282988e-01	7.787042560816282988e-01	7.179578035611470233e-01	7.787042560816282988e-01	7.787042560816282988e-01	7.787042560816282988e-01	7.373868059758430515e-01	7.787042560816282988e-01	8.419184043528219474e-01	7.787042560816282988e-01	7.869187755898030545e-01	7.372640739314459957e-01	7.787042560816282988e-01	8.461841801710859867e-01	7.521603436786109542e-01	7.373508306739640084e-01	7.484845481223429964e-01	7.150830149781389755e-01	1.000000000000000021e-03	8.673215634513089523e-01	7.787042560816282988e-01	8.331834034256200283e-01	7.787042560816282988e-01	7.402556528899220112e-01	7.787042560816282988e-01	7.082694259218460520e-01	8.229598106968849525e-01	7.787042560816282988e-01	7.787042560816282988e-01	7.787042560816282988e-01	7.787042560816282988e-01	7.787042560816282988e-01	7.417953749372070416e-01	7.787042560816282988e-01	7.787042560816282988e-01	7.789622819259489628e-01	7.983127969110920263e-01	7.195936297377010238e-01	8.299496529528519462e-01	7.787042560816282988e-01	7.787042560816282988e-01	7.787042560816282988e-01	8.345858109336159458e-01	7.787042560816282988e-01	7.787042560816282988e-01	7.726656923844239522e-01	7.787042560816282988e-01	7.793558406479089706e-01	7.787042560816282988e-01	7.356957513181769936e-01	7.787042560816282988e-01	7.402195376240070512e-01	7.787042560816282988e-01	7.420508867071059500e-01
7.787042560816282988e-01	7.518366166414409690e-01	7.910080324412229746e-01	7.787042560816282988e-01	9.246655623844359795e-01	8.443793139424660144e-01	7.787042560816282988e-01	7.787042560816282988e-01	7.787042560816282988e-01	8.395923643921759938e-01	1.000000000000000000e+00	7.132936557947280320e-01	9.126984324974619645e-01	7.787042560816282988e-01	7.787042560816282988e-01	8.786382428336559913e-01	7.787042560816282988e-01	5.857969313835620362e-01	9.066052359863979726e-01	8.899672007868499879e-01	7.268477564955519998e-01	9.196266552012930529e-01	7.787042560816282988e-01	8.590006832487719901e-01	7.787042560816282988e-01	7.787042560816282988e-01	7.787042560816282988e-01	8.770283997141420373e-01	8.802687248932019592e-01	8.849065668624149783e-01	8.463930557690919620e-01	7.787042560816282988e-01	8.728375599997260093e-01	7.787042560816282988e-01	8.916391771797590460e-01	7.787042560816282988e-01	9.017501459447989642e-01	7.787042560816282988e-01	7.787042560816282988e-01	7.787042560816282988e-01	8.939528956743020283e-01	7.787042560816282988e-01	7.787042560816282988e-01	8.878523352430279791e-01	8.921511118476229685e-01	7.787042560816282988e-01	7.787042560816282988e-01	8.973690608819400172e-01	7.787042560816282988e-01	8.186818775348290167e-01	7.787042560816282988e-01	7.787042560816282988e-01	8.803824160243119978e-01	9.012456356039939553e-01	7.787042560816282988e-01	8.469397765650450438e-01	7.787042560816282988e-01	7.787042560816282988e-01	7.787042560816282988e-01	7.787042560816282988e-01	7.787042560816282988e-01	7.446343571575310127e-01	8.754164813769570452e-01	7.787042560816282988e-01	8.891017682672720523e-01	7.787042560816282988e-01	8.603527134148239996e-01	7.787042560816282988e-01	7.787042560816282988e-01	7.787042560816282988e-01	9.033457371594240115e-01	8.998784106553060491e-01	8.966508165749129677e-01	8.665204276884640455e-01	7.787042560816282988e-01	7.538524630837230012e-01	7.787042560816282988e-01	8.965864858367890156e-01	7.787042560816282988e-01	7.787042560816282988e-01	7.787042560816282988e-01	9.117690270813419984e-01	8.805744610546439866e-01	7.787042560816282988e-01	8.893620753413730151e-01	9.138674227664950189e-01	7.787042560816282988e-01	7.787042560816282988e-01	7.787042560816282988e-01	7.787042560816282988e-01	7.586925420594019531e-01	7.722045913429870234e-01	7.787042560816282988e-01	7.787042560816282988e-01	7.787042560816282988e-01	8.913654127641550406e-01	7.787042560816282988e-01	7.787042560816282988e-01	9.199407808741939530e-01	7.787042560816282988e-01	9.358007509654400202e-01	7.065255033449110433e-01	7.787042560816282988e-01	7.787042560816282988e-01	9.218859940231469707e-01	8.942505523826760339e-01	7.787042560816282988e-01	8.019731747681060341e-01	7.787042560816282988e-01	8.500884517001420226e-01	7.787042560816282988e-01	8.644439132655490354e-01	8.189756248115980242e-01	7.635286354240039541e-01	7.554356424781929480e-01	7.787042560816282988e-01	8.807791867437979594e-01	7.787042560816282988e-01	7.787042560816282988e-01	7.787042560816282988e-01	7.632788713925939827e-01	8.842769660024649703e-01	8.663786888411190157e-01	7.787042560816282988e-01
6.267540648415620419e-01	7.936594434260489939e-01	7.787042560816282988e-01	7.011162001884809758e-01	7.369467581938230483e-01	7.400602266012960007e-01	7.787042560816282988e-01	7.191311779132619764e-01	7.469116490799789787e-01	7.787042560816282988e-01	7.132936557947280320e-01	1.000000000000000000e+00	7.787042560816282988e-01	7.787042560816282988e-01	7.787042560816282988e-01	7.787042560816282988e-01	7.787042560816282988e-01	7.724284569901670450e-01	6.221536709119579456e-01	5.855834586422820065e-01	7.787042560816282988e-01	5.805350321113780243e-01	8.109160665172640003e-01	8.147113878429299572e-01	6.992072593787369561e-01	6.101770189997619553e-01	6.217199371082460235e-01	7.146111565370459884e-01	7.787042560816282988e-01	7.148573046899809880e-01	7.787042560816282988e-01	5.506869293502709706e-01	5.434600453360129979e-01	7.824890199094289844e-01	5.878802642799769718e-01	7.787042560816282988e-01	6.677862358087589545e-01	6.823745234573840301e-01	7.787042560816282988e-01	7.269562365668189585e-01	7.787042560816282988e-01	7.813737096266389903e-01	6.416289203946099473e-01	7.787042560816282988e-01	5.679332080833080498e-01	8.307503554689920078e-01	7.787042560816282988e-01	5.656136824785900075e-01	7.227768979447489750e-01	7.787042560816282988e-01	7.787042560816282988e-01	7.787042560816282988e-01	7.176364396821469649e-01	7.787042560816282988e-01	7.787042560816282988e-01	8.357482917055909510e-01	7.787042560816282988e-01	5.872883647012590025e-01	5.314738479112020020e-01	6.023664678035579589e-01	7.787042560816282988e-01	7.787042560816282988e-01	7.787042560816282988e-01	7.787042560816282988e-01	7.787042560816282988e-01	8.602021085118589649e-01	7.189372018461429592e-01	7.787042560816282988e-01	6.032695502427920520e-01	5.425188084025710511e-01	7.787042560816282988e-01	5.675340164494819817e-01	5.467154724456310122e-01	5.998632708990609963e-01	7.787042560816282988e-01	8.392960397981430454e-01	7.787042560816282988e-01	7.787042560816282988e-01	7.787042560816282988e-01	7.787042560816282988e-01	6.227467511137489975e-01	5.646421792569370490e-01	7.787042560816282988e-01	9.355483311638049804e-01	7.787042560816282988e-01	7.787042560816282988e-01	5.724825277563110326e-01	7.787042560816282988e-01	1.000000000000000021e-03	7.787042560816282988e-01	7.787042560816282988e-01	8.567577567848310149e-01	7.787042560816282988e-01	5.644655743989720476e-01	5.804650604306460515e-01	7.787042560816282988e-01	6.800538995830029965e-01	7.787042560816282988e-01	5.804767217917360389e-01	6.595088662552720526e-01	7.787042560816282988e-01	9.044949608981990297e-01	7.787042560816282988e-01	7.787042560816282988e-01	6.026846413299270511e-01	7.787042560816282988e-01	8.333675442486550011e-01	7.787042560816282988e-01	7.787042560816282988e-01	5.194448210886469797e-01	5.229899851421120349e-01	6.762218306525089595e-01	7.787042560816282988e-01	7.787042560816282988e-01	9.216928748729129595e-01	5.880473181459500154e-01	7.787042560816282988e-01	7.787042560816282988e-01	7.787042560816282988e-01	5.665445811845060131e-01	7.787042560816282988e-01	5.664372792251040067e-01	7.787042560816282988e-01	7.787042560816282988e-01
