9.999999999999990008e-01	6.549520619634540131e-01	8.185061410891809608e-01	6.563778433582949656e-01	7.038295853361680177e-01	6.809980607195279534e-01	6.871563603598780379e-01	7.306343756215379903e-01	7.248013164861409896e-01	7.419615855320319531e-01	6.549520619634540131e-01	6.981417201675880202e-01	6.549520619634540131e-01	6.549520619634540131e-01	7.000711977285389853e-01	7.071865145681509590e-01	6.385702233984570375e-01	6.263558824545140125e-01	6.549520619634540131e-01	6.886639373898399974e-01	6.480312921980380114e-01	7.119781147843220470e-01	7.185009816164320551e-01	6.549520619634540131e-01	7.017911040700489655e-01	7.157270122499259646e-01	6.549520619634540131e-01	7.189394870151889494e-01	6.549520619634540131e-01	6.549520619634540131e-01	7.005836281752050310e-01	6.668676055993709717e-01	6.778449452944740328e-01	7.434257543257960510e-01	6.797190896140470340e-01	6.549520619634540131e-01	6.549520619634540131e-01	6.549520619634540131e-01	7.072009080219550103e-01	6.549520619634540131e-01	7.274918411884859770e-01	6.549520619634540131e-01	6.895942906515729609e-01	6.772871160454909667e-01	6.418417296617859868e-01	6.549520619634540131e-01	6.725669483272780358e-01	6.549520619634540131e-01	7.072476572699349928e-01	7.020459047520589690e-01	7.334082658689999867e-01	6.549520619634540131e-01	6.390149994844630532e-01	6.549520619634540131e-01	6.549520619634540131e-01	6.507410308480440220e-01	6.867311505150589523e-01	6.611020135843580503e-01	6.601910401475570289e-01	6.549520619634540131e-01	6.776113588431400547e-01	6.779893951730540103e-01	7.310091115134460527e-01	6.549520619634540131e-01	6.380959005013560059e-01	6.966879258539100395e-01	6.838032590886480300e-01	6.871338608853360119e-01	6.549520619634540131e-01	6.670517123503379997e-01	6.723993477248290107e-01	7.057662526931319791e-01	6.797447818030060152e-01	7.066360565965049689e-01	6.549520619634540131e-01	6.653670930856120380e-01	7.578932242642140160e-01	6.230541446090599456e-01	6.588748208655490490e-01	6.716800892497369890e-01	6.549520619634540131e-01	6.833157825898730220e-01	6.549520619634540131e-01	7.278501928726509584e-01	6.858735039836889591e-01	6.552301958384220137e-01	6.847823465900489959e-01	6.637269027764139961e-01	8.287794425176689961e-01	6.549520619634540131e-01	7.042078430866259842e-01	6.273639840452760463e-01	6.139504167381379940e-01	6.549520619634540131e-01	6.549520619634540131e-01	6.169883836941469912e-01	6.549520619634540131e-01	6.505890677863840343e-01	6.421933657187479660e-01	6.549520619634540131e-01	6.257169764169759896e-01	6.441592089626430040e-01	6.549520619634540131e-01	6.549520619634540131e-01	6.474715783174269657e-01	6.549520619634540131e-01	6.549520619634540131e-01	6.549520619634540131e-01	6.549520619634540131e-01	6.549520619634540131e-01	6.549520619634540131e-01	6.549520619634540131e-01	6.768305696404259830e-01	6.989658742885950238e-01	7.001626338518710524e-01	8.162564431068519699e-01	6.549520619634540131e-01	6.549520619634540131e-01	6.549520619634540131e-01	7.272201993424100008e-01	6.549520619634540131e-01	7.200970590900579449e-01	7.533145253528840124e-01	7.405853334919330067e-01
6.549520619634540131e-01	1.000000000000000000e+00	7.970377696582710003e-01	6.476418413257709616e-01	6.984522902778089737e-01	6.899367991274679701e-01	6.549520619634540131e-01	6.549520619634540131e-01	7.093046854009249502e-01	6.549520619634540131e-01	7.045032452873249973e-01	6.549520619634540131e-01	6.768075255667740375e-01	6.549520619634540131e-01	6.549520619634540131e-01	6.549520619634540131e-01	6.549520619634540131e-01	6.135467990362040158e-01	6.609154913896559957e-01	6.549520619634540131e-01	6.471863671776130200e-01	6.905722930842169704e-01	6.549520619634540131e-01	6.942700323021480102e-01	6.782780832753559919e-01	6.549520619634540131e-01	6.594150236917259988e-01	6.994690666177759697e-01	6.614640494770159806e-01	6.910183100062320394e-01	6.730363785619110084e-01	6.549520619634540131e-01	6.425235106858500078e-01	7.160809504814860116e-01	6.753584283102570529e-01	6.549520619634540131e-01	6.549520619634540131e-01	6.738329143567169943e-01	6.829301361983060037e-01	6.549520619634540131e-01	6.549520619634540131e-01	6.457768178814039528e-01	6.757346626593619954e-01	6.761186301245279973e-01	6.144818213542959651e-01	6.587506095209669787e-01	6.502122548840180150e-01	6.705066397255360355e-01	6.549520619634540131e-01	6.794311883816469555e-01	6.984987615408070338e-01	6.549520619634540131e-01	6.549520619634540131e-01	6.549520619634540131e-01	6.707725051330409860e-01	6.468991702968720503e-01	6.797327744763039803e-01	6.402615221650359567e-01	6.549520619634540131e-01	6.549520619634540131e-01	6.783030988835999642e-01	6.630675057962159835e-01	7.009452668320339530e-01	6.549520619634540131e-01	6.219792659692759962e-01	6.819626278699090216e-01	6.559262474115860053e-01	6.549520619634540131e-01	6.549520619634540131e-01	6.631622980730540462e-01	6.549520619634540131e-01	6.922222608069410477e-01	6.661791457422230334e-01	6.549520619634540131e-01	6.549520619634540131e-01	6.549520619634540131e-01	7.214561588923229518e-01	6.289499264572649961e-01	6.531387786620680425e-01	6.565336150877789656e-01	6.843563699587229543e-01	6.671536979669669964e-01	6.543468088163549856e-01	7.180125370226210224e-01	6.660361737851290265e-01	6.664598639740939579e-01	6.670445382932570499e-01	6.592156849254580120e-01	6.549520619634540131e-01	6.528434357038559455e-01	6.911460409122029969e-01	6.549520619634540131e-01	6.347909244586169564e-01	6.549520619634540131e-01	6.090028101556069773e-01	6.243847903068010519e-01	6.715868291685109792e-01	6.416878460222940062e-01	6.405191224369399805e-01	6.549520619634540131e-01	6.474366927288930373e-01	6.538262376430800105e-01	6.452012973249660055e-01	6.549520619634540131e-01	6.470510641857619705e-01	6.469297770072589548e-01	6.496124115728979520e-01	6.549520619634540131e-01	6.549520619634540131e-01	6.395078367228710370e-01	6.899452777116450441e-01	7.043901638564660228e-01	6.815486530151120270e-01	6.862828400119019845e-01	6.549520619634540131e-01	7.911270560235179605e-01	7.538004352034439748e-01	8.022500284254060476e-01	7.787029806065890458e-01	6.961619443764930359e-01	6.381643123998840261e-01	6.549520619634540131e-01	6.549520619634540131e-01	6.549520619634540131e-01
8.185061410891809608e-01	7.970377696582710003e-01	1.000000000000000000e+00	6.299935046366850200e-01	6.792024724294729587e-01	6.991187441597369601e-01	6.794559110714190053e-01	6.549520619634540131e-01	6.549520619634540131e-01	6.549520619634540131e-01	6.549520619634540131e-01	6.797318614824020555e-01	6.549520619634540131e-01	6.199327309152650178e-01	6.549520619634540131e-01	6.938947387911700293e-01	6.474195350575330243e-01	6.228301659373649546e-01	6.674027466200900260e-01	6.670462387706159735e-01	6.409165037922189834e-01	6.549520619634540131e-01	6.549520619634540131e-01	6.952859291580140155e-01	6.549520619634540131e-01	6.549520619634540131e-01	6.757982570334479799e-01	6.893476167977390379e-01	6.495865164475900233e-01	6.792242412745820301e-01	6.729775509310900183e-01	6.549520619634540131e-01	6.549520619634540131e-01	7.282900092489520416e-01	6.549520619634540131e-01	6.662832189387980497e-01	6.808173377199370213e-01	6.549520619634540131e-01	6.870194908203489659e-01	6.734152717794309462e-01	6.874694548922379855e-01	6.549520619634540131e-01	6.808745411190030294e-01	6.600806987954469518e-01	6.357697172156570042e-01	6.549520619634540131e-01	6.549520619634540131e-01	6.549520619634540131e-01	7.064822320056529659e-01	6.981447363304720266e-01	7.122542394204139926e-01	6.642442822406929848e-01	6.253530900452389796e-01	6.323385960905260061e-01	6.598631733901350049e-01	6.595788773509639880e-01	6.642226707535170416e-01	6.431487293420850015e-01	6.549520619634540131e-01	6.594266895328290135e-01	6.549520619634540131e-01	6.595741353969399867e-01	6.549520619634540131e-01	6.428257460437689641e-01	6.354338830659399528e-01	6.890352222782819558e-01	6.680009025704359837e-01	6.794225827454130062e-01	6.491637258387019660e-01	6.562703174651479676e-01	6.444304955398639789e-01	6.773799602594600122e-01	6.648457585255389546e-01	6.989572779258580448e-01	6.549520619634540131e-01	6.549520619634540131e-01	7.175258433542870407e-01	6.348449716158990341e-01	6.549520619634540131e-01	6.518360349192200420e-01	6.549520619634540131e-01	6.583475033699139889e-01	6.532812573327999583e-01	6.898997249390550479e-01	6.549520619634540131e-01	6.579500255820649457e-01	6.885136538802549833e-01	6.668560159428880141e-01	7.888871476470850075e-01	6.759559555834909750e-01	6.549520619634540131e-01	6.265345454497249778e-01	6.549520619634540131e-01	5.898377137155500494e-01	5.884561882514910414e-01	6.549520619634540131e-01	6.625181202965469973e-01	6.319832143623119736e-01	6.549520619634540131e-01	6.650863127027729638e-01	6.153094004879939849e-01	6.343514773010410224e-01	6.331332639795389516e-01	6.549520619634540131e-01	6.338186309989169986e-01	6.446689591492229532e-01	6.643491699859319644e-01	6.567394657281580006e-01	6.549520619634540131e-01	6.315178614638989885e-01	6.549520619634540131e-01	7.017899202857760255e-01	6.549520619634540131e-01	7.016320105051819800e-01	7.062537425760160303e-01	6.549520619634540131e-01	7.623677466053859764e-01	6.549520619634540131e-01	6.549520619634540131e-01	6.948849001597759978e-01	6.406068076643269826e-01	6.549520619634540131e-01	7.120751421587789842e-01	6.549520619634540131e-01
6.563778433582949656e-01	6.476418413257709616e-01	6.299935046366850200e-01	9.999999999999980016e-01	6.153594652815500554e-01	6.549520619634540131e-01	6.026949621474619878e-01	6.549520619634540131e-01	6.549520619634540131e-01	6.267136264620549735e-01	6.143026884895439466e-01	6.079186757486789716e-01	6.549520619634540131e-01	6.724238694464429456e-01	6.784377032901339755e-01	6.584255169570529809e-01	6.550020403343299602e-01	6.549520619634540131e-01	6.944435962719900379e-01	6.549520619634540131e-01	6.836966351670730191e-01	6.549520619634540131e-01	6.328696865123110138e-01	6.793941103948699656e-01	6.549520619634540131e-01	6.549520619634540131e-01	6.311415329618279557e-01	6.358909313112629524e-01	6.771144731706639774e-01	6.783570820790719713e-01	6.680745021427370034e-01	6.060386142810080257e-01	6.549520619634540131e-01	6.770921614947610356e-01	6.549520619634540131e-01	6.583340293630569606e-01	6.775610912422039833e-01	6.549520619634540131e-01	6.549520619634540131e-01	6.213144778515989897e-01	6.284041413764119843e-01	5.950903726010390304e-01	6.358441253975379848e-01	6.440915615191820098e-01	6.549520619634540131e-01	6.549520619634540131e-01	6.100798044478129567e-01	6.169775425461110352e-01	6.943555301992579976e-01	6.366722157682219718e-01	6.549520619634540131e-01	6.581916063476129786e-01	5.988633089127429754e-01	6.058074522146009722e-01	6.549520619634540131e-01	6.408556716808040399e-01	6.527409360685030304e-01	6.227366867630600433e-01	6.296647439351700237e-01	6.549520619634540131e-01	6.380560693608460232e-01	6.549520619634540131e-01	6.549520619634540131e-01	6.549520619634540131e-01	6.549520619634540131e-01	6.719988324807889546e-01	6.600494304698389936e-01	6.681678581073350331e-01	6.838010210886450446e-01	6.116434466959349558e-01	6.259474969795839616e-01	6.226267641137620545e-01	6.105226373676949647e-01	6.504364107687049534e-01	6.549520619634540131e-01	6.745066000271200402e-01	6.325153316352869481e-01	6.503753297007860423e-01	6.331613792623159709e-01	6.263503283904460206e-01	6.239373377005760224e-01	6.549520619634540131e-01	6.106957105263060015e-01	6.158488119204029720e-01	6.262043055375560163e-01	6.549520619634540131e-01	6.454443389916759699e-01	6.549520619634540131e-01	6.483718270018179464e-01	6.307821822578729698e-01	6.549520619634540131e-01	6.518700658317739816e-01	6.074331936022989709e-01	6.549520619634540131e-01	5.714523486875680014e-01	6.549520619634540131e-01	6.549520619634540131e-01	6.156150411221029684e-01	6.580152107978639586e-01	6.549520619634540131e-01	5.888923476988350281e-01	6.126202950429150418e-01	6.549520619634540131e-01	6.574900802036609537e-01	6.029016117791210494e-01	6.170866732837999580e-01	6.206253678112190197e-01	6.163922142559019601e-01	6.796938084295299776e-01	6.549520619634540131e-01	6.488060749345699874e-01	6.874723293765170329e-01	6.684697080971200300e-01	6.590949422466400032e-01	6.392500624789030361e-01	6.558155008134509689e-01	6.561336024794940380e-01	6.549520619634540131e-01	6.606090869797169862e-01	6.549520619634540131e-01	6.157391365429260022e-01	6.549520619634540131e-01	6.278822422883969523e-01	6.446033138503830529e-01
7.038295853361680177e-01	6.984522902778089737e-01	6.792024724294729587e-01	6.153594652815500554e-01	9.999999999999980016e-01	6.549520619634540131e-01	7.772437840436650092e-01	6.549520619634540131e-01	6.549520619634540131e-01	6.549520619634540131e-01	7.207449645972660024e-01	7.562611321099980133e-01	6.879720530563280256e-01	6.549520619634540131e-01	6.581988014159479983e-01	6.594066061730530226e-01	6.549520619634540131e-01	6.549520619634540131e-01	6.010704689652459631e-01	7.556915335267410105e-01	6.549520619634540131e-01	6.458428531323380239e-01	7.198839916122830029e-01	6.549520619634540131e-01	7.140940679340830322e-01	6.549520619634540131e-01	5.924738104363499458e-01	6.805058153410870059e-01	6.213821606883179749e-01	6.549520619634540131e-01	6.391242898700639774e-01	6.242576271041230251e-01	5.833602670906830046e-01	6.546828851339909772e-01	6.378259422697070136e-01	6.549520619634540131e-01	6.366720314161440353e-01	6.260170550200809814e-01	6.370860990039479699e-01	5.997368959970490465e-01	6.549520619634540131e-01	7.146024539756480332e-01	7.111280564395620063e-01	6.549520619634540131e-01	6.549520619634540131e-01	6.549520619634540131e-01	6.549520619634540131e-01	6.848459808341430533e-01	6.549520619634540131e-01	6.549520619634540131e-01	6.549520619634540131e-01	6.464977168889559644e-01	6.324820242080549937e-01	6.570025153545170360e-01	6.803065941020619567e-01	6.430484399451089628e-01	6.852394996501780522e-01	6.082940405378030047e-01	6.549520619634540131e-01	6.549520619634540131e-01	6.623317383636609934e-01	6.279013088538909493e-01	6.549520619634540131e-01	6.655589803912289604e-01	6.549520619634540131e-01	6.803640056365050093e-01	6.170090006972099861e-01	6.637357002912029902e-01	6.393604246106839861e-01	6.848590559273940448e-01	6.687449642682470330e-01	6.822677107573500432e-01	6.364005666132439565e-01	6.424412162890760225e-01	6.549520619634540131e-01	6.909832566868899795e-01	7.075922990535290502e-01	6.549520619634540131e-01	6.758960495450549999e-01	6.251890108568399773e-01	7.582502351577089517e-01	6.487677441434609449e-01	6.549520619634540131e-01	6.549520619634540131e-01	6.549520619634540131e-01	6.772436438640540013e-01	6.686889400694580043e-01	6.549520619634540131e-01	7.328315680504150498e-01	6.421823155578220144e-01	6.914489450348120236e-01	6.549520619634540131e-01	6.250798733952369624e-01	6.061111211448839686e-01	6.549520619634540131e-01	6.549520619634540131e-01	6.754650785881409769e-01	6.607359084921089476e-01	6.590939340150919756e-01	7.045569471735769751e-01	6.549520619634540131e-01	6.775359169390039460e-01	6.587826629764540476e-01	6.549520619634540131e-01	6.859461341345800545e-01	6.466505440468750532e-01	6.549520619634540131e-01	6.549520619634540131e-01	6.079761586594899514e-01	6.549520619634540131e-01	6.250624967675469934e-01	6.549520619634540131e-01	6.616835663388259681e-01	6.544334894920099677e-01	6.545130332158010100e-01	6.549520619634540131e-01	6.607072178572519494e-01	7.091924408124360424e-01	7.086560501622419794e-01	6.784200545508789482e-01	6.549520619634540131e-01	6.549520619634540131e-01	6.549520619634540131e-01	7.084002604969550365e-01
6.809980607195279534e-01	6.899367991274679701e-01	6.991187441597369601e-01	6.549520619634540131e-01	6.549520619634540131e-01	9.999999999999980016e-01	6.822719357503550519e-01	6.549520619634540131e-01	6.557875881946030328e-01	6.426395934741050420e-01	6.549520619634540131e-01	7.220451840098359719e-01	6.549520619634540131e-01	6.622490212683780353e-01	6.357503805118059903e-01	6.358163227353289537e-01	6.647582059326899717e-01	6.549520619634540131e-01	6.549520619634540131e-01	6.737563642508880291e-01	6.604230753646710417e-01	6.216519262296880122e-01	6.549520619634540131e-01	6.317053919985570198e-01	6.408541947776890124e-01	6.778564823477060131e-01	6.549520619634540131e-01	6.302052903054380373e-01	5.984964377938190028e-01	6.398753188539350045e-01	6.282942369437689578e-01	6.549520619634540131e-01	5.894810692335910041e-01	6.988284596346749922e-01	6.314241518987919743e-01	6.549520619634540131e-01	6.549520619634540131e-01	6.098354956040840102e-01	6.330071081897760132e-01	6.279535289485279614e-01	6.111785074978990373e-01	6.847572275237829853e-01	6.846608032981359448e-01	6.549520619634540131e-01	6.549520619634540131e-01	6.280632566099839664e-01	5.951267788663170411e-01	6.549520619634540131e-01	6.767138796867590012e-01	6.549520619634540131e-01	6.644676326700440505e-01	7.138945806134689986e-01	6.549520619634540131e-01	6.549520619634540131e-01	6.662943430355799945e-01	6.870226812660580329e-01	6.549520619634540131e-01	5.878989947545479877e-01	6.115864765350239596e-01	6.119388078980190215e-01	6.760270594467290284e-01	6.179459464804649693e-01	6.327545736967780110e-01	6.405817775721980301e-01	5.882051211709610206e-01	6.945677735542149511e-01	6.000232038129460488e-01	6.699781013623880010e-01	6.549520619634540131e-01	6.686776823969750039e-01	6.549520619634540131e-01	6.455205044483900423e-01	6.157458263581869762e-01	6.594001860981080210e-01	6.486175741314960108e-01	6.549520619634540131e-01	6.531669059271839606e-01	6.722443694905340106e-01	6.549520619634540131e-01	6.549520619634540131e-01	6.832617718801220486e-01	6.003134446293030280e-01	5.944772205444289748e-01	6.318464368772690465e-01	6.549520619634540131e-01	6.635461267299850308e-01	6.970944020902649640e-01	6.549520619634540131e-01	6.930596388739780345e-01	6.731981938984540337e-01	7.079866671586190208e-01	6.739739716871110398e-01	6.458523023921379780e-01	5.751665450138260249e-01	6.429329203099409806e-01	6.735847786901719703e-01	7.065692014195239512e-01	6.331258428699140239e-01	6.902501044672190167e-01	7.250456700238669949e-01	6.876864431771030350e-01	6.759420802621119995e-01	6.491660224400549462e-01	6.549520619634540131e-01	6.793468258296420093e-01	6.549520619634540131e-01	7.111830797056259978e-01	6.353681336329629614e-01	5.866551060375589932e-01	5.820543257943889826e-01	6.064051562310249777e-01	6.538950125315440287e-01	6.519570274986740133e-01	6.549520619634540131e-01	6.729784773542090148e-01	6.790986397451289625e-01	6.554021598299499818e-01	6.549520619634540131e-01	6.549520619634540131e-01	6.495610289163189499e-01	6.549520619634540131e-01	6.772760114647830010e-01	6.344207704921459579e-01	6.577914781265800093e-01
6.871563603598780379e-01	6.549520619634540131e-01	6.794559110714190053e-01	6.026949621474619878e-01	7.772437840436650092e-01	6.822719357503550519e-01	9.999999999999990008e-01	7.499182504389100279e-01	6.549520619634540131e-01	6.549520619634540131e-01	7.062103377826489670e-01	6.549520619634540131e-01	6.833235152905090537e-01	6.549520619634540131e-01	6.568788716055009580e-01	6.449950112822809833e-01	6.549520619634540131e-01	6.549520619634540131e-01	6.549520619634540131e-01	6.549520619634540131e-01	6.356625150698830273e-01	6.549520619634540131e-01	6.549520619634540131e-01	6.323515969006440196e-01	6.549520619634540131e-01	7.523199806889879770e-01	5.884939601612100279e-01	6.833183091281319621e-01	6.091473312102410054e-01	6.257202132936989791e-01	6.380103954383929965e-01	6.056458581661570140e-01	5.723470010402780250e-01	6.549520619634540131e-01	6.549520619634540131e-01	6.549520619634540131e-01	6.549520619634540131e-01	6.131908821853859770e-01	6.326909339484150241e-01	6.071661335380490465e-01	6.482553472133220085e-01	7.503989776076660512e-01	6.549520619634540131e-01	6.549520619634540131e-01	6.549520619634540131e-01	6.549520619634540131e-01	6.549520619634540131e-01	6.549520619634540131e-01	6.472220776215390492e-01	6.307988091604009862e-01	6.665879882828360525e-01	6.491470308997879801e-01	6.549520619634540131e-01	6.549520619634540131e-01	6.674338763464969793e-01	6.549520619634540131e-01	6.748821633928530073e-01	6.549520619634540131e-01	6.549520619634540131e-01	6.194295709905750513e-01	6.549520619634540131e-01	6.217316738551690314e-01	6.549520619634540131e-01	6.589756883763140394e-01	6.549520619634540131e-01	6.549520619634540131e-01	6.549520619634540131e-01	6.648019814495159663e-01	6.549520619634540131e-01	6.549520619634540131e-01	6.499394908761639833e-01	6.563495628190819664e-01	6.549520619634540131e-01	6.478218389913590336e-01	6.549520619634540131e-01	6.549520619634540131e-01	6.988311746450950324e-01	6.493275490395079563e-01	6.859792713089110094e-01	6.298362469396220353e-01	7.479087294248699669e-01	6.331216416069850306e-01	6.163755113725920554e-01	6.543262440647199529e-01	6.078946981759919543e-01	6.700927584404120507e-01	6.775588986546270398e-01	6.549520619634540131e-01	6.549520619634540131e-01	6.486613070019130456e-01	6.549520619634540131e-01	6.542139340498129840e-01	6.223055841640230401e-01	6.549520619634540131e-01	6.322351041027779450e-01	6.549520619634540131e-01	6.777560762864449639e-01	6.442253528444239485e-01	6.549520619634540131e-01	7.015198602345970036e-01	6.549520619634540131e-01	6.687040556575399863e-01	6.474594573143590548e-01	5.878453982618410123e-01	6.549520619634540131e-01	6.549520619634540131e-01	6.691476826010189782e-01	6.251794699866379812e-01	6.549520619634540131e-01	6.549520619634540131e-01	6.181029391451310362e-01	6.549520619634540131e-01	6.506193711764599596e-01	6.549520619634540131e-01	6.549520619634540131e-01	6.549520619634540131e-01	6.549520619634540131e-01	6.549520619634540131e-01	6.549520619634540131e-01	6.684136230713569882e-01	6.878316250186139458e-01	6.549520619634540131e-01	6.540420658467279713e-01	6.999414810290780498e-01
7.306343756215379903e-01	6.549520619634540131e-01	6.549520619634540131e-01	6.549520619634540131e-01	6.549520619634540131e-01	6.549520619634540131e-01	7.499182504389100279e-01	1.000000000000000000e+00	7.851903523378339633e-01	6.549520619634540131e-01	6.829559120011360340e-01	6.549520619634540131e-01	6.631429168989919631e-01	5.963582418056839751e-01	6.549520619634540131e-01	6.549520619634540131e-01	6.170641055968180133e-01	5.945049773416080097e-01	6.266214083535780466e-01	6.549520619634540131e-01	6.183631161036949875e-01	6.549520619634540131e-01	7.564944738580610117e-01	6.801745877951249630e-01	7.534324586528919898e-01	7.019610277766470396e-01	6.421009918557499807e-01	7.549345763982699964e-01	6.549520619634540131e-01	6.549520619634540131e-01	6.549520619634540131e-01	6.152120684545729912e-01	6.317892672821440181e-01	6.717714006985090469e-01	6.471428304349300387e-01	6.196519189868380240e-01	6.549520619634540131e-01	6.549520619634540131e-01	6.490989956698399732e-01	6.149356185722889556e-01	6.549520619634540131e-01	7.070747342523400203e-01	6.783647432753210360e-01	6.549520619634540131e-01	5.934143486893249664e-01	6.843943646914639745e-01	6.258199540086619717e-01	6.549520619634540131e-01	6.602341305803219873e-01	6.424318735846570316e-01	6.549520619634540131e-01	6.185964023948159474e-01	6.549520619634540131e-01	6.549520619634540131e-01	6.549520619634540131e-01	6.306287443001280524e-01	6.610588449239519493e-01	6.229191547098390513e-01	6.294709131640600086e-01	6.352129550098549737e-01	6.550895083061899493e-01	6.231583615838689472e-01	6.549520619634540131e-01	6.549520619634540131e-01	6.094829676042200495e-01	6.657169097270669855e-01	6.750851955703679463e-01	6.559350665804709601e-01	6.213979183433260278e-01	6.549520619634540131e-01	6.245552398969830277e-01	6.549520619634540131e-01	6.393902785078879880e-01	6.689095813207199814e-01	6.549520619634540131e-01	6.549520619634540131e-01	7.256635566220469569e-01	6.549520619634540131e-01	6.451381677775289702e-01	6.345947409072469902e-01	7.033537954762330013e-01	6.516267046188439771e-01	6.302727372741210310e-01	6.549520619634540131e-01	6.411410463523500303e-01	6.549520619634540131e-01	6.602471797181179713e-01	6.383609399634979642e-01	7.405854679102069626e-01	6.336543830657880294e-01	6.768314670732750171e-01	6.249987020038180185e-01	5.803240508799110131e-01	5.929158402757610524e-01	6.070886793747940491e-01	6.114223033288329612e-01	6.394105018991950162e-01	6.276314146703489971e-01	6.549520619634540131e-01	6.501101147796719548e-01	6.571874075950979721e-01	6.162807220293939903e-01	6.196717917980489876e-01	6.005947409292550221e-01	6.311645772258900333e-01	6.119802351959410247e-01	6.371709028712609912e-01	6.329511591622779543e-01	6.428416619201039461e-01	6.319579438806719462e-01	6.712629527577349542e-01	6.881951623738049584e-01	6.566783304578389657e-01	6.549520619634540131e-01	6.549520619634540131e-01	7.136812347449249527e-01	6.836763990778009781e-01	7.049943215103070537e-01	6.549520619634540131e-01	7.089915432183799826e-01	6.172751381407419746e-01	6.549520619634540131e-01	6.549520619634540131e-01	7.200753889618489723e-01
7.248013164861409896e-01	7.093046854009249502e-01	6.549520619634540131e-01	6.549520619634540131e-01	6.549520619634540131e-01	6.557875881946030328e-01	6.549520619634540131e-01	7.851903523378339633e-01	1.000000000000000000e+00	6.549520619634540131e-01	6.717711670317250139e-01	6.971862675536020237e-01	6.584361384488459645e-01	5.905110501845020066e-01	7.050069868953929841e-01	6.803752283138559953e-01	6.333365475085940277e-01	6.549520619634540131e-01	6.549520619634540131e-01	6.549520619634540131e-01	6.281035812819230069e-01	6.549520619634540131e-01	7.364280574844539462e-01	6.549520619634540131e-01	6.549520619634540131e-01	6.913656919240149801e-01	6.549784131130940157e-01	7.539117724525520314e-01	6.465061435897290210e-01	6.886058299585590126e-01	6.866324645723259623e-01	6.159930223825089701e-01	6.452049284831740117e-01	6.549520619634540131e-01	6.549520619634540131e-01	6.307028392668130312e-01	6.746676973571279490e-01	6.787493362244709783e-01	6.549520619634540131e-01	6.324204332913280213e-01	6.549520619634540131e-01	7.036383574465949753e-01	6.941200884664679993e-01	6.355197033908379645e-01	5.996027652331390456e-01	6.894470279667600510e-01	6.345635858796889739e-01	6.450624962626000380e-01	6.549520619634540131e-01	6.536691548388530171e-01	6.766944724881569506e-01	6.306895503718019658e-01	5.923087967320550540e-01	6.258566540140479972e-01	6.523361339070510301e-01	6.549520619634540131e-01	6.587014400793019808e-01	6.549520619634540131e-01	6.332534235200859563e-01	6.549520619634540131e-01	6.681775041425800366e-01	6.255852271660350405e-01	6.549520619634540131e-01	6.549520619634540131e-01	6.549520619634540131e-01	6.667692438005869970e-01	6.748896023814699996e-01	6.643337402163740357e-01	6.319256089304780000e-01	6.417480548139390395e-01	6.260168925447490151e-01	6.572959133101109463e-01	6.432787315097050485e-01	6.549520619634540131e-01	6.277991514841170240e-01	6.381791022382480305e-01	7.162407051228919519e-01	6.275587857359320454e-01	6.532984681897350265e-01	6.367124599986879740e-01	6.549520619634540131e-01	6.485798936403309733e-01	6.357267404662150234e-01	7.052368446919400347e-01	6.315533679273720447e-01	6.375005770950620265e-01	6.708441926222039609e-01	6.549520619634540131e-01	7.335408858019789591e-01	6.549520619634540131e-01	6.836575458850580045e-01	6.214798598960940001e-01	6.549520619634540131e-01	6.549520619634540131e-01	6.549520619634540131e-01	6.104304337934739477e-01	6.549520619634540131e-01	6.549520619634540131e-01	6.221104393504059971e-01	6.549520619634540131e-01	6.326847208715989934e-01	6.129574072670750384e-01	6.049848378708320151e-01	6.141753286716800098e-01	6.223723438114350248e-01	6.549520619634540131e-01	6.549520619634540131e-01	6.549520619634540131e-01	6.450295335283050546e-01	6.380643324580800302e-01	6.844449262349799890e-01	6.996293465748160134e-01	6.752798054812360062e-01	6.563142319346489950e-01	6.927096127790830504e-01	6.549520619634540131e-01	6.549520619634540131e-01	6.549520619634540131e-01	7.099293691591189726e-01	6.549520619634540131e-01	6.090135610963139934e-01	6.923714075868959705e-01	7.064089121886120148e-01	7.143846640997649766e-01
7.419615855320319531e-01	6.549520619634540131e-01	6.549520619634540131e-01	6.267136264620549735e-01	6.549520619634540131e-01	6.426395934741050420e-01	6.549520619634540131e-01	6.549520619634540131e-01	6.549520619634540131e-01	1.000000000000000000e+00	6.549520619634540131e-01	6.549520619634540131e-01	6.569518586957100448e-01	6.549520619634540131e-01	6.847197629938800434e-01	6.777273978138019794e-01	6.203342300905539952e-01	6.549520619634540131e-01	6.549520619634540131e-01	7.039527207961140398e-01	6.549520619634540131e-01	6.768170917989579927e-01	7.334014690602459474e-01	6.872121867658510519e-01	7.162004868537660274e-01	7.318404129914809486e-01	6.549520619634540131e-01	7.349473168420039837e-01	6.549520619634540131e-01	6.846244352025090407e-01	7.052326714825749576e-01	6.290636587633290366e-01	6.311645687743120403e-01	6.878599126168439826e-01	6.400473951915649495e-01	6.453965436095620012e-01	6.719160391240239782e-01	6.895565298179060498e-01	6.567020713255019571e-01	6.142671713306280257e-01	6.759249149967739845e-01	6.396302576641950122e-01	6.549520619634540131e-01	6.407644791417530516e-01	6.549520619634540131e-01	6.549520619634540131e-01	6.549520619634540131e-01	6.456165268858149453e-01	6.745820639418760312e-01	6.614043260709190353e-01	6.549520619634540131e-01	6.549520619634540131e-01	6.127110734061169683e-01	6.549520619634540131e-01	6.549520619634540131e-01	6.549520619634540131e-01	6.549520619634540131e-01	6.358195041129459657e-01	6.175487746327610328e-01	6.549520619634540131e-01	6.549520619634540131e-01	6.439131330831929789e-01	6.984755085243640194e-01	6.392441281959769794e-01	6.549520619634540131e-01	6.549520619634540131e-01	6.549520619634540131e-01	6.549520619634540131e-01	6.148120831925969476e-01	6.334306905455290293e-01	6.211046335880100466e-01	6.634172497512640376e-01	6.394441715514129765e-01	6.575509179970010498e-01	6.100560711486100463e-01	6.413617558016919684e-01	7.270245485183769452e-01	6.004507380621689761e-01	6.347910811088329774e-01	6.343977411388369569e-01	6.901890549920339790e-01	6.549520619634540131e-01	6.405930650737780008e-01	6.549520619634540131e-01	6.549520619634540131e-01	6.549520619634540131e-01	6.568213332212929911e-01	6.213363584138940077e-01	7.375717452612009506e-01	6.549520619634540131e-01	6.549520619634540131e-01	6.137033073331490396e-01	5.843743806599640545e-01	5.900955890630269485e-01	6.549520619634540131e-01	6.549520619634540131e-01	6.335824703111430090e-01	6.286859144833899515e-01	6.549520619634540131e-01	6.417292333186159770e-01	6.249053782245750366e-01	6.549520619634540131e-01	6.549520619634540131e-01	6.549520619634540131e-01	6.549520619634540131e-01	6.089524580982069724e-01	6.286913220250679446e-01	6.353272193982879568e-01	6.549520619634540131e-01	6.398622478241470235e-01	6.798672757692629798e-01	7.008109967915480132e-01	6.419712950657889827e-01	6.616028202610869657e-01	6.549520619634540131e-01	7.198365228305689811e-01	6.924468733397259879e-01	7.106047723088270152e-01	7.303913722529560282e-01	7.129362424992029545e-01	6.111199440225060231e-01	7.067554208401569671e-01	7.225917350707180553e-01	7.321859697751049723e-01
6.549520619634540131e-01	7.045032452873249973e-01	6.549520619634540131e-01	6.143026884895439466e-01	7.207449645972660024e-01	6.549520619634540131e-01	7.062103377826489670e-01	6.829559120011360340e-01	6.717711670317250139e-01	6.549520619634540131e-01	1.000000000000000000e+00	6.549520619634540131e-01	6.872990918287249507e-01	6.388596394656720356e-01	6.552287370770779606e-01	6.513793509603420517e-01	6.549520619634540131e-01	5.859156928141450171e-01	6.315675412162810032e-01	6.549520619634540131e-01	6.463817780773279953e-01	6.459748032996639466e-01	6.549520619634540131e-01	6.536483162543630376e-01	6.821186216644810063e-01	7.311711377386950206e-01	6.549520619634540131e-01	6.549520619634540131e-01	6.335163828253369545e-01	6.568501527839250009e-01	6.549520619634540131e-01	6.418900928551160012e-01	5.958701384285990388e-01	6.897120920214659945e-01	6.549520619634540131e-01	6.303450951349980347e-01	6.549520619634540131e-01	6.456737375082129970e-01	6.549520619634540131e-01	6.164547181714770119e-01	6.424370075481929954e-01	6.568784352127590154e-01	6.549520619634540131e-01	6.549520619634540131e-01	5.962169350536109524e-01	6.549520619634540131e-01	6.287894335661230460e-01	6.719698509881300019e-01	6.549520619634540131e-01	6.630371429024090046e-01	7.276505345204280495e-01	6.557746962313120154e-01	6.549520619634540131e-01	6.407874848205119545e-01	6.549520619634540131e-01	6.404417469972990551e-01	6.549520619634540131e-01	6.297011105573500078e-01	6.549520619634540131e-01	6.549520619634540131e-01	6.563364171476829823e-01	6.549520619634540131e-01	6.549520619634540131e-01	6.516340544669400048e-01	6.309546625814189680e-01	6.926117097852100279e-01	6.257946169643670009e-01	6.935055995270370532e-01	6.549520619634540131e-01	6.623917506034560088e-01	6.509119534873459845e-01	6.687392400191940478e-01	6.585356320920470186e-01	6.549520619634540131e-01	6.395281736805600303e-01	6.549520619634540131e-01	6.987426420658470194e-01	6.124940772397069466e-01	6.479357823244119574e-01	6.367995497645749792e-01	6.549520619634540131e-01	6.549520619634540131e-01	6.519479952902349496e-01	6.471954109196560445e-01	6.402051762217280118e-01	6.549520619634540131e-01	6.632617111330439963e-01	6.367393924948420159e-01	7.211045501502859612e-01	6.549520619634540131e-01	6.849364350276020419e-01	6.252613103934949734e-01	6.549520619634540131e-01	5.764016494577739458e-01	6.549520619634540131e-01	6.322443574719830428e-01	6.581812120126550036e-01	6.546957626686570331e-01	6.549520619634540131e-01	6.926783339232990278e-01	6.590233876098029464e-01	6.500668504324289554e-01	6.512858706171029688e-01	6.549520619634540131e-01	6.507491496267580056e-01	6.423457199340090185e-01	6.549520619634540131e-01	6.504031682639119794e-01	6.215848911253579745e-01	6.040069744397960072e-01	6.549520619634540131e-01	6.745813748127149623e-01	6.441656007984239984e-01	6.667265040017009703e-01	6.473687991419779797e-01	7.006232368296140267e-01	6.607579306237929551e-01	6.549520619634540131e-01	7.149560454242069873e-01	6.584672495629410038e-01	6.548193193170790405e-01	6.549520619634540131e-01	6.549520619634540131e-01	6.952920754217950527e-01
6.981417201675880202e-01	6.549520619634540131e-01	6.797318614824020555e-01	6.079186757486789716e-01	7.562611321099980133e-01	7.220451840098359719e-01	6.549520619634540131e-01	6.549520619634540131e-01	6.971862675536020237e-01	6.549520619634540131e-01	6.549520619634540131e-01	1.000000000000000000e+00	6.549520619634540131e-01	6.473781918683190195e-01	6.578573198002050093e-01	6.340221925223950006e-01	6.338248104386730031e-01	5.660862703632609794e-01	6.212468780168759475e-01	7.371830337682380163e-01	6.538620111187649631e-01	6.357821721313340335e-01	7.063780766026539482e-01	6.282188476597779792e-01	6.549520619634540131e-01	7.334635476363779993e-01	5.919824866805509789e-01	6.711659680454209465e-01	6.210980319424930229e-01	6.443308103392459962e-01	6.549520619634540131e-01	6.172836543697990397e-01	5.741318791052150150e-01	6.625476397827959607e-01	6.549520619634540131e-01	5.909881316315800381e-01	6.299193149568850236e-01	6.096467669897970287e-01	6.260778341120389889e-01	6.549520619634540131e-01	6.464264411507539831e-01	7.073096169096909636e-01	6.549520619634540131e-01	6.845170932693720456e-01	6.549520619634540131e-01	6.512430681733669680e-01	5.903631046262219906e-01	6.549520619634540131e-01	6.549520619634540131e-01	6.542121364859260213e-01	6.549520619634540131e-01	6.639059969406070350e-01	6.329861400468109744e-01	6.549520619634540131e-01	6.758955899719260030e-01	6.732002792342079989e-01	6.549520619634540131e-01	5.974319427267780203e-01	6.150139621931060008e-01	6.137855276457120368e-01	6.856644736306759524e-01	6.549520619634540131e-01	7.275108821357310074e-01	6.549520619634540131e-01	5.945935469313919919e-01	6.990440802948120202e-01	6.080813220968029897e-01	6.549520619634540131e-01	6.405862526605029528e-01	6.838136137842010243e-01	6.549520619634540131e-01	6.549520619634540131e-01	6.141250905317130471e-01	6.397901245496709910e-01	6.453583575137149531e-01	6.549520619634540131e-01	7.468317379492349639e-01	6.449463538818099861e-01	6.811165914052940140e-01	6.549520619634540131e-01	7.599161391711339864e-01	6.549520619634540131e-01	6.093096862983650164e-01	6.658349818027119449e-01	6.203154110094509788e-01	6.856662320874099548e-01	6.549520619634540131e-01	6.549520619634540131e-01	7.281578994456420206e-01	6.571442377921650202e-01	7.153775120669380039e-01	6.549520619634540131e-01	6.259348267498380247e-01	5.900612579043269523e-01	6.643456352354399908e-01	6.549520619634540131e-01	6.947839554653290062e-01	6.599799228484829472e-01	6.771994053765749699e-01	7.359177309289980373e-01	7.140931019496560284e-01	6.817135150201339977e-01	6.549520619634540131e-01	5.803911294956110023e-01	6.549520619634540131e-01	6.604113632522859989e-01	7.008057687918090028e-01	6.231466728366490404e-01	5.983345823417749454e-01	5.929823585294730082e-01	6.241029119107259771e-01	6.502165634635509450e-01	6.535158190241660003e-01	6.549520619634540131e-01	6.733318464885249544e-01	7.090248630761319948e-01	6.549520619634540131e-01	7.074708488587989619e-01	7.164296138175110240e-01	6.830017928549430017e-01	6.549520619634540131e-01	7.509838453029300531e-01	7.088952353557329555e-01	7.364608888703230161e-01
