9.999999999999990008e-01	7.771738044310210203e-01	6.153736888945270378e-01	6.085078976457329869e-01	6.153736888945270378e-01	6.355278446733769737e-01	6.153736888945270378e-01	6.153736888945270378e-01	6.153736888945270378e-01	7.031816301614499665e-01	6.616749071993129894e-01	6.153736888945270378e-01	6.460695627649689632e-01	6.153736888945270378e-01	6.153736888945270378e-01	6.644622778118020046e-01	6.153736888945270378e-01	6.153736888945270378e-01	6.324159895618669536e-01	6.153736888945270378e-01	6.153736888945270378e-01	6.697774028535430357e-01	6.153736888945270378e-01	6.759898896996689999e-01	6.153736888945270378e-01	6.739403912790610240e-01	6.524644691851370082e-01	6.153736888945270378e-01	6.432065423159609718e-01	6.153736888945270378e-01	6.571485817538550434e-01	6.199982003078450266e-01	6.153736888945270378e-01	6.153736888945270378e-01	6.341198256337160499e-01	6.153736888945270378e-01	6.683489911611769640e-01	6.153736888945270378e-01	6.153736888945270378e-01	6.153736888945270378e-01	6.153736888945270378e-01	5.878026602747019602e-01	6.153736888945270378e-01	6.314437813538860134e-01	6.153736888945270378e-01	6.153736888945270378e-01	6.153736888945270378e-01	6.153736888945270378e-01	6.645300601967519816e-01	6.153736888945270378e-01	6.936272752603089842e-01	6.153736888945270378e-01	6.153736888945270378e-01	5.953389770916920343e-01	6.153736888945270378e-01	6.023470276546110114e-01	6.418452372755939495e-01	6.153736888945270378e-01	6.126810139769049979e-01	6.215697737075179807e-01	6.153736888945270378e-01	6.153736888945270378e-01	6.909509238506279516e-01	6.174480720645549869e-01	6.153736888945270378e-01	6.528393061707700173e-01	6.153736888945270378e-01	6.153736888945270378e-01	6.082788222644309739e-01	6.153736888945270378e-01	6.153736888945270378e-01	6.153736888945270378e-01	6.341481054726330058e-01	6.638520913046830341e-01	6.153736888945270378e-01	6.153736888945270378e-01	7.210305527065750120e-01	5.722266477096999981e-01	6.153736888945270378e-01	6.153736888945270378e-01	6.406915966269249862e-01	6.153736888945270378e-01	6.153736888945270378e-01	6.153736888945270378e-01	6.408995760189239999e-01	6.153736888945270378e-01	6.396967476194900248e-01	6.153736888945270378e-01	6.153736888945270378e-01	6.283862647563149828e-01	6.153736888945270378e-01	5.768997516423509664e-01	6.153736888945270378e-01	5.721163496778369772e-01	5.495734403372890542e-01	6.153736888945270378e-01	6.153736888945270378e-01	6.153736888945270378e-01	5.930230037943430288e-01	6.164361288471470468e-01	6.153736888945270378e-01	5.951654332784700463e-01	5.948389494728419935e-01	5.792601916103869986e-01	6.153736888945270378e-01	6.153736888945270378e-01	6.153736888945270378e-01	6.153736888945270378e-01	6.153736888945270378e-01	6.065597559639439584e-01	6.153736888945270378e-01	6.153736888945270378e-01	6.309416088222450369e-01	6.553585601593380217e-01	6.153736888945270378e-01	6.153736888945270378e-01	7.670062866182949524e-01	6.153736888945270378e-01	6.153736888945270378e-01	6.867274611860000322e-01	6.153736888945270378e-01	6.153736888945270378e-01	6.153736888945270378e-01	7.016429651949860347e-01
7.771738044310210203e-01	1.000000000000000000e+00	7.651707510574350390e-01	5.989637868989720060e-01	6.153736888945270378e-01	6.153736888945270378e-01	6.153736888945270378e-01	6.153736888945270378e-01	6.668110813916700019e-01	6.153736888945270378e-01	6.153736888945270378e-01	6.153736888945270378e-01	6.309162633953160348e-01	6.153736888945270378e-01	6.153736888945270378e-01	6.344192510480489711e-01	6.153736888945270378e-01	6.153736888945270378e-01	6.134743355876569604e-01	6.501938417438539730e-01	6.153736888945270378e-01	6.153736888945270378e-01	6.153736888945270378e-01	6.153736888945270378e-01	6.153736888945270378e-01	6.582891101138880208e-01	6.153736888945270378e-01	6.153736888945270378e-01	6.153736888945270378e-01	6.465755411914589912e-01	6.267705958088369833e-01	6.153736888945270378e-01	5.933827224531129652e-01	6.743336273504759726e-01	6.153736888945270378e-01	6.153736888945270378e-01	6.436399014687179676e-01	6.276458900308530264e-01	6.153736888945270378e-01	6.153736888945270378e-01	6.688460163302789585e-01	5.969292298656639906e-01	6.153736888945270378e-01	6.153736888945270378e-01	5.629490920018059841e-01	6.153736888945270378e-01	6.017695821239600340e-01	6.239919623203999954e-01	6.437836668566869758e-01	6.338029408932890352e-01	6.548418451232950188e-01	6.099190335051389855e-01	5.912013737778599731e-01	5.952563009674209926e-01	6.153736888945270378e-01	6.153736888945270378e-01	6.153736888945270378e-01	6.153736888945270378e-01	6.153736888945270378e-01	6.051743429979039579e-01	6.153736888945270378e-01	6.158318544064730338e-01	6.575488315131600148e-01	6.153736888945270378e-01	6.153736888945270378e-01	6.153736888945270378e-01	6.153736888945270378e-01	6.153736888945270378e-01	5.860959782103190019e-01	6.153736888945270378e-01	6.153736888945270378e-01	6.479048900015730306e-01	6.192430705623109821e-01	6.153736888945270378e-01	5.809208787274350305e-01	6.153736888945270378e-01	6.803099353311600206e-01	6.153736888945270378e-01	6.153736888945270378e-01	6.086782870952649471e-01	6.153736888945270378e-01	6.203120388778220473e-01	6.153736888945270378e-01	6.764802940290649547e-01	6.190862709138800213e-01	6.195509563777550355e-01	6.201922896743200520e-01	6.116131833732320056e-01	6.153736888945270378e-01	6.046437763105829699e-01	6.467165562239209908e-01	5.849737765679650092e-01	5.849662273816750302e-01	5.754838665137570475e-01	5.570314933214179920e-01	6.153736888945270378e-01	6.153736888945270378e-01	6.153736888945270378e-01	5.911992976388590337e-01	6.153736888945270378e-01	6.153736888945270378e-01	6.153736888945270378e-01	5.963016067934420184e-01	6.153736888945270378e-01	6.153736888945270378e-01	5.981868702708730279e-01	6.011146303207850483e-01	5.887449772090960209e-01	5.941555919178740375e-01	5.900981476769360246e-01	6.153736888945270378e-01	6.153736888945270378e-01	6.361341381440950293e-01	6.153736888945270378e-01	6.342301514245409777e-01	7.584802055128030407e-01	7.164387184138270026e-01	7.710781023354179586e-01	7.444463138317749529e-01	6.153736888945270378e-01	6.153736888945270378e-01	6.153736888945270378e-01	6.714004717281050194e-01	6.736450431769229752e-01
6.153736888945270378e-01	7.651707510574350390e-01	1.000000000000000000e+00	6.153736888945270378e-01	6.153736888945270378e-01	6.153736888945270378e-01	6.153736888945270378e-01	6.615508430281099583e-01	6.153736888945270378e-01	6.153736888945270378e-01	6.153736888945270378e-01	6.153736888945270378e-01	6.429353701689409784e-01	5.688457648849150061e-01	6.222808045674610433e-01	6.153736888945270378e-01	6.153736888945270378e-01	5.719839490405820293e-01	6.205852608181420260e-01	6.201941550871830078e-01	6.153736888945270378e-01	6.153736888945270378e-01	6.490228494402190407e-01	6.153736888945270378e-01	6.153736888945270378e-01	6.407984458352380397e-01	6.298063540985260333e-01	6.153736888945270378e-01	6.010863586205470455e-01	6.335751749867419846e-01	6.153736888945270378e-01	6.083948758953680036e-01	6.153736888945270378e-01	6.879195675585370040e-01	6.225634304718420386e-01	6.193572131201989794e-01	6.153736888945270378e-01	6.153736888945270378e-01	6.153736888945270378e-01	6.271869293235580178e-01	6.426594792333319983e-01	5.881274149745829849e-01	6.353918412046539732e-01	6.125601966972430423e-01	5.860305750365339961e-01	6.065578594086840081e-01	6.153736888945270378e-01	6.073662595139539544e-01	6.636815909515380030e-01	6.153736888945270378e-01	6.153736888945270378e-01	6.153736888945270378e-01	6.153736888945270378e-01	6.153736888945270378e-01	6.123220298339600021e-01	6.120107776153650425e-01	6.153736888945270378e-01	6.153736888945270378e-01	6.153736888945270378e-01	6.153736888945270378e-01	6.315475320403129977e-01	6.153736888945270378e-01	6.153736888945270378e-01	5.937120605684399477e-01	5.856653528590880509e-01	6.443868124662199826e-01	6.212415501919099636e-01	6.337934692846719509e-01	6.153736888945270378e-01	6.083902856959589878e-01	5.954611812100699675e-01	6.153736888945270378e-01	6.153736888945270378e-01	6.153736888945270378e-01	5.853926183963480412e-01	5.979218519045450542e-01	6.759393095291820197e-01	6.153736888945270378e-01	6.211692899112589705e-01	6.153736888945270378e-01	6.092012312537510299e-01	6.106629267955400175e-01	6.153736888945270378e-01	6.453408226757350041e-01	5.961292874636929806e-01	6.102279479625160041e-01	6.438113468206999590e-01	6.153736888945270378e-01	6.153736888945270378e-01	6.153736888945270378e-01	6.592258260850869522e-01	6.153736888945270378e-01	6.153736888945270378e-01	5.364079954918320459e-01	6.153736888945270378e-01	6.153736888945270378e-01	6.153736888945270378e-01	5.819147381977629596e-01	6.153736888945270378e-01	6.180446967310320172e-01	5.638437451164789449e-01	5.844884647450879767e-01	5.831643465158370399e-01	6.153736888945270378e-01	5.839092393267559800e-01	6.153736888945270378e-01	6.172365641208880094e-01	6.089034660469390126e-01	6.153736888945270378e-01	5.814092163222970289e-01	6.153736888945270378e-01	6.584838108112179844e-01	6.108085454326279695e-01	6.583089990291159932e-01	6.153736888945270378e-01	7.371569717326239557e-01	7.260557713846820249e-01	6.153736888945270378e-01	7.341342060712550133e-01	6.508463339467850384e-01	6.153736888945270378e-01	6.153736888945270378e-01	6.153736888945270378e-01	6.683363633663109704e-01
6.085078976457329869e-01	5.989637868989720060e-01	6.153736888945270378e-01	9.999999999999980016e-01	5.638978745282430260e-01	5.520655684949540287e-01	6.153736888945270378e-01	5.582625743729500156e-01	6.153736888945270378e-01	6.153736888945270378e-01	6.153736888945270378e-01	5.558617071157869738e-01	6.271046215413730307e-01	6.260976508266350438e-01	6.153736888945270378e-01	6.107483063178820171e-01	6.153736888945270378e-01	6.453082323519719887e-01	6.503586808172200362e-01	6.153736888945270378e-01	6.385002646506180435e-01	6.264827512072800308e-01	5.828779153079000075e-01	6.337621319576139944e-01	5.488703515039190517e-01	5.970351375181970344e-01	6.153736888945270378e-01	6.153736888945270378e-01	6.153736888945270378e-01	6.326209156729190042e-01	6.153736888945270378e-01	5.538340015434629615e-01	5.881077304426409746e-01	6.312293360731670022e-01	6.083608966644239446e-01	6.106481807758410429e-01	6.317451661947980357e-01	6.153736888945270378e-01	6.635279295204770111e-01	5.703419934702850247e-01	5.780284477013819533e-01	5.420485424589940315e-01	5.861114991935859608e-01	6.153736888945270378e-01	5.919461372346319639e-01	5.837882837730530294e-01	5.581939462348930459e-01	6.153736888945270378e-01	6.502613720157469634e-01	5.870122209266179780e-01	5.441034163131249768e-01	6.104923156434439724e-01	5.461056296676489730e-01	6.153736888945270378e-01	6.153736888945270378e-01	5.915658224935940179e-01	6.045317708448240124e-01	5.718826615780030487e-01	6.153736888945270378e-01	5.523548081064679760e-01	6.153736888945270378e-01	5.386485050209669501e-01	5.412149639677009683e-01	6.153736888945270378e-01	6.153736888945270378e-01	6.153736888945270378e-01	6.153736888945270378e-01	6.214247506334650284e-01	6.386152858825849821e-01	5.598823191455950532e-01	6.153736888945270378e-01	6.153736888945270378e-01	6.153736888945270378e-01	6.020143594419999911e-01	6.153736888945270378e-01	6.283863324613160328e-01	5.824928695604679740e-01	6.019476576591109573e-01	6.153736888945270378e-01	6.153736888945270378e-01	6.153736888945270378e-01	6.153736888945270378e-01	6.153736888945270378e-01	6.153736888945270378e-01	5.756417574938560433e-01	6.153736888945270378e-01	5.965666390146470155e-01	6.153736888945270378e-01	6.153736888945270378e-01	5.806101704336780189e-01	6.153736888945270378e-01	6.035802636426710333e-01	5.553379911438519612e-01	5.799607341284059858e-01	5.167364827553290185e-01	5.816727443827669486e-01	6.041631072252400259e-01	6.153736888945270378e-01	6.153736888945270378e-01	5.935805424739289959e-01	5.353937746203260017e-01	5.609374842040779630e-01	5.546580989194720424e-01	6.153736888945270378e-01	6.153736888945270378e-01	6.153736888945270378e-01	6.153736888945270378e-01	6.153736888945270378e-01	6.340919983822049799e-01	6.153736888945270378e-01	6.002343857364289548e-01	6.426626496773949482e-01	6.217559917630419708e-01	6.114810125966040344e-01	6.153736888945270378e-01	6.153736888945270378e-01	6.082407516871249920e-01	5.963525882947450230e-01	6.131387835717470036e-01	5.998532950329059643e-01	6.153736888945270378e-01	5.800020538417209881e-01	5.774620822554099586e-01	5.956495938706439786e-01
6.153736888945270378e-01	6.153736888945270378e-01	6.153736888945270378e-01	5.638978745282430260e-01	9.999999999999980016e-01	6.153736888945270378e-01	7.428006747392289499e-01	6.959923819904769715e-01	6.852893660999189729e-01	6.153736888945270378e-01	6.153736888945270378e-01	6.153736888945270378e-01	6.153736888945270378e-01	6.001520826156120370e-01	6.105001896486079715e-01	6.153736888945270378e-01	6.153736888945270378e-01	6.153736888945270378e-01	6.153736888945270378e-01	7.185598478164190173e-01	5.862361844613529493e-01	6.153736888945270378e-01	6.153736888945270378e-01	6.153736888945270378e-01	6.721265939363809672e-01	7.236161194253110107e-01	5.392376332094890312e-01	6.349858754809080130e-01	6.153736888945270378e-01	6.153736888945270378e-01	5.896806002055390294e-01	6.153736888945270378e-01	6.153736888945270378e-01	6.066543538670300384e-01	5.882674914553850387e-01	5.406807707999979895e-01	6.153736888945270378e-01	5.754386714541700476e-01	6.153736888945270378e-01	6.153736888945270378e-01	6.200372792611780204e-01	6.726912052222759897e-01	6.153736888945270378e-01	6.153736888945270378e-01	5.102045676348949677e-01	6.153736888945270378e-01	6.153736888945270378e-01	6.397668848460890123e-01	6.097962638725069606e-01	5.722472161393300505e-01	6.329572232906089946e-01	5.977155346007200221e-01	5.824566793531780196e-01	6.091912331502959965e-01	6.153736888945270378e-01	6.153736888945270378e-01	6.402006446161090381e-01	6.153736888945270378e-01	5.705996529156479591e-01	5.764114136519490339e-01	6.153736888945270378e-01	6.153736888945270378e-01	6.572029975185019746e-01	6.153736888945270378e-01	5.463736103230439900e-01	6.348297540511179671e-01	5.656817737163299942e-01	6.165641377015449454e-01	6.153736888945270378e-01	6.153736888945270378e-01	6.220580730866009933e-01	6.153736888945270378e-01	6.153736888945270378e-01	5.932930531860769463e-01	5.834791541774569934e-01	6.153736888945270378e-01	6.649121474553749689e-01	6.153736888945270378e-01	6.299138851037170417e-01	6.153736888945270378e-01	7.214313068211040125e-01	6.001925464834230173e-01	5.748034837182020018e-01	6.153736888945270378e-01	6.153736888945270378e-01	6.153736888945270378e-01	6.219965872238409910e-01	6.153736888945270378e-01	6.929838021036910378e-01	5.930109643584240420e-01	6.470509813789090403e-01	6.153736888945270378e-01	5.744223978898149729e-01	6.153736888945270378e-01	6.084801470557319458e-01	6.153736888945270378e-01	6.153736888945270378e-01	6.132776659527320318e-01	6.153736888945270378e-01	6.615481556849890366e-01	6.153736888945270378e-01	6.153736888945270378e-01	6.153736888945270378e-01	5.416995122029609755e-01	6.409796514939599676e-01	6.153736888945270378e-01	6.123994283689110363e-01	5.670678767476490245e-01	6.153736888945270378e-01	6.153736888945270378e-01	5.744035573759610491e-01	6.153736888945270378e-01	6.143155988512739585e-01	6.153736888945270378e-01	6.064686576158799802e-01	6.724251981804499900e-01	6.153736888945270378e-01	6.666865835867790135e-01	6.660916866233660416e-01	6.153736888945270378e-01	6.153736888945270378e-01	6.153736888945270378e-01	6.172647836856499648e-01	6.658080254523149888e-01
6.355278446733769737e-01	6.153736888945270378e-01	6.153736888945270378e-01	5.520655684949540287e-01	6.153736888945270378e-01	9.999999999999980016e-01	6.153736888945270378e-01	5.964196037765300273e-01	6.078623185606569779e-01	6.153736888945270378e-01	6.153736888945270378e-01	6.153736888945270378e-01	6.663597444662600067e-01	6.153736888945270378e-01	5.860095452832190244e-01	5.860812616339790004e-01	6.176849720157010504e-01	6.153736888945270378e-01	6.153736888945270378e-01	6.275617628550279603e-01	6.153736888945270378e-01	6.153736888945270378e-01	5.787314291981230374e-01	6.153736888945270378e-01	6.153736888945270378e-01	6.153736888945270378e-01	6.153736888945270378e-01	5.799837059496999458e-01	6.153736888945270378e-01	6.153736888945270378e-01	5.779091722593320268e-01	5.621746275114229974e-01	5.360253407699779871e-01	6.552065471150909648e-01	5.813074259077519734e-01	5.586161261581820137e-01	6.153736888945270378e-01	6.153736888945270378e-01	5.830272495889770035e-01	6.153736888945270378e-01	5.593802108752969904e-01	6.396690618799489858e-01	6.153736888945270378e-01	6.209658236465940284e-01	5.236297816609070122e-01	5.776585096024280386e-01	5.420876685317810306e-01	6.153736888945270378e-01	6.308132669354959976e-01	6.069486581241839707e-01	6.173664243797170048e-01	6.153736888945270378e-01	5.777781468483650373e-01	5.844020592635680300e-01	6.153736888945270378e-01	6.421667343373349546e-01	6.153736888945270378e-01	5.343283872239229515e-01	5.598207908737470317e-01	5.602013283498089580e-01	6.300579457793860083e-01	6.153736888945270378e-01	5.827528282547059790e-01	6.153736888945270378e-01	5.346566783585290361e-01	6.153736888945270378e-01	6.153736888945270378e-01	6.153736888945270378e-01	5.867351550441299857e-01	6.153736888945270378e-01	6.135803739828730174e-01	5.966496996616420523e-01	5.643156298017729666e-01	6.153736888945270378e-01	6.000286355188919618e-01	6.298515731987860411e-01	6.049972659471150038e-01	6.259004606140560201e-01	6.613756903415759503e-01	5.666924091214650128e-01	6.380211295153189743e-01	6.153736888945270378e-01	6.153736888945270378e-01	5.817661472143950130e-01	5.368457538236329762e-01	6.153736888945270378e-01	6.532887324237139914e-01	6.153736888945270378e-01	6.488297308217809700e-01	6.269483957563449783e-01	6.653494048881900547e-01	6.153736888945270378e-01	5.970115555382869976e-01	6.153736888945270378e-01	5.938288523065780034e-01	6.153736888945270378e-01	6.637779876948319835e-01	6.153736888945270378e-01	6.457275405145620484e-01	6.843053206851940073e-01	6.153736888945270378e-01	6.153736888945270378e-01	6.006273013432209540e-01	5.367307494640619625e-01	6.337100899941769949e-01	6.322312952326170077e-01	6.688950567096589861e-01	6.153736888945270378e-01	5.329947526446100481e-01	6.153736888945270378e-01	6.153736888945270378e-01	6.153736888945270378e-01	6.036752671286109706e-01	6.153736888945270378e-01	6.153736888945270378e-01	6.334369440780339700e-01	6.074408208448079938e-01	6.557323979709489548e-01	6.374749288512330248e-01	6.153736888945270378e-01	6.606667648269299864e-01	6.314315662860240375e-01	6.153736888945270378e-01	6.100544551317580444e-01
6.153736888945270378e-01	6.153736888945270378e-01	6.153736888945270378e-01	6.153736888945270378e-01	7.428006747392289499e-01	6.153736888945270378e-01	9.999999999999990008e-01	6.153736888945270378e-01	6.907389186381499568e-01	6.153736888945270378e-01	6.633802376473759699e-01	6.153736888945270378e-01	6.153736888945270378e-01	5.992958237509879993e-01	6.153736888945270378e-01	5.960766699550640313e-01	5.940593882076430354e-01	6.153736888945270378e-01	5.497897105072550028e-01	6.153736888945270378e-01	5.859139881209990408e-01	6.153736888945270378e-01	6.644415881616539954e-01	6.153736888945270378e-01	6.813231552872029972e-01	6.153736888945270378e-01	5.349664585700439901e-01	6.380834195135759446e-01	6.153736888945270378e-01	5.751167486155559505e-01	6.153736888945270378e-01	6.153736888945270378e-01	6.153736888945270378e-01	6.153736888945270378e-01	6.153736888945270378e-01	5.258593856209829998e-01	5.698449547220629796e-01	6.153736888945270378e-01	5.826836760381119973e-01	6.153736888945270378e-01	5.996332919726069521e-01	7.126259211565949547e-01	6.574206668104829454e-01	6.235598563910109693e-01	5.179529414462840098e-01	6.298030263442320198e-01	5.573658494369440053e-01	6.259397172838030432e-01	5.985057739949120048e-01	5.806282276202450188e-01	6.196914881613250214e-01	6.006065693614840439e-01	6.153736888945270378e-01	6.021505049574360502e-01	6.153736888945270378e-01	6.153736888945270378e-01	6.153736888945270378e-01	6.153736888945270378e-01	5.677903239054240547e-01	6.153736888945270378e-01	6.153736888945270378e-01	5.707938730525690119e-01	6.716882558664950542e-01	6.153736888945270378e-01	5.333531610185080485e-01	6.414044313194720015e-01	5.639999203815959650e-01	6.177329641059360332e-01	6.153736888945270378e-01	6.297054878055919902e-01	6.153736888945270378e-01	6.153736888945270378e-01	5.767998339939149899e-01	5.991602024533360105e-01	6.153736888945270378e-01	6.153736888945270378e-01	6.153736888945270378e-01	6.153736888945270378e-01	6.410161860700249736e-01	5.795830046437250305e-01	6.153736888945270378e-01	6.153736888945270378e-01	6.153736888945270378e-01	6.062644541794039998e-01	6.153736888945270378e-01	6.235375395643899532e-01	6.153736888945270378e-01	6.153736888945270378e-01	6.528001517035020296e-01	6.153736888945270378e-01	6.153736888945270378e-01	6.153736888945270378e-01	5.714155844962199859e-01	6.153736888945270378e-01	5.821883988391319820e-01	6.153736888945270378e-01	6.153736888945270378e-01	5.952375391536059990e-01	6.153736888945270378e-01	6.153736888945270378e-01	6.153736888945270378e-01	6.153736888945270378e-01	5.987647773507990268e-01	5.342709133033870517e-01	6.153736888945270378e-01	5.949691308400130163e-01	6.225000787207080055e-01	5.745303867684450339e-01	5.553120798922329682e-01	6.153736888945270378e-01	6.153736888945270378e-01	6.153736888945270378e-01	6.022141627129500296e-01	6.153736888945270378e-01	6.153736888945270378e-01	6.153736888945270378e-01	6.023430303535990404e-01	6.508233718038649585e-01	6.153736888945270378e-01	6.153736888945270378e-01	6.430589575318600426e-01	6.153736888945270378e-01	6.059538022388269995e-01	6.564379660171060227e-01
6.153736888945270378e-01	6.153736888945270378e-01	6.615508430281099583e-01	5.582625743729500156e-01	6.959923819904769715e-01	5.964196037765300273e-01	6.153736888945270378e-01	1.000000000000000000e+00	6.153736888945270378e-01	7.081228364956330124e-01	6.153736888945270378e-01	6.720180253145470184e-01	6.153736888945270378e-01	5.434113839603770257e-01	6.153736888945270378e-01	6.153736888945270378e-01	6.153736888945270378e-01	5.414194731346050338e-01	5.760941733900889483e-01	6.566450832966299611e-01	6.153736888945270378e-01	6.153736888945270378e-01	7.194607458323439841e-01	6.153736888945270378e-01	6.153736888945270378e-01	6.153736888945270378e-01	6.153736888945270378e-01	7.177107005412339813e-01	5.909877217048560283e-01	6.334546285071339655e-01	6.153736888945270378e-01	5.637385132391899978e-01	6.153736888945270378e-01	6.253809246923079934e-01	6.153736888945270378e-01	5.685417601812879917e-01	6.153736888945270378e-01	6.153736888945270378e-01	6.005541325265359998e-01	6.153736888945270378e-01	6.153736888945270378e-01	6.643383616360970523e-01	6.326293454229120483e-01	6.153736888945270378e-01	5.402477741056790350e-01	6.153736888945270378e-01	6.153736888945270378e-01	6.038871134505640059e-01	6.127281964482309551e-01	5.932828733592110382e-01	6.396356974586070443e-01	5.673992882156000395e-01	5.465823685776840524e-01	5.748008579517239758e-01	6.153736888945270378e-01	5.804435374338320353e-01	6.136313356504949912e-01	6.153736888945270378e-01	6.153736888945270378e-01	5.854251108577329665e-01	6.070989433572699934e-01	5.723395804242269458e-01	6.153736888945270378e-01	5.902264380794469689e-01	6.153736888945270378e-01	6.187361507334979693e-01	6.290223683014990463e-01	6.080236101313679642e-01	6.153736888945270378e-01	6.153736888945270378e-01	5.738536084029109974e-01	6.153736888945270378e-01	6.153736888945270378e-01	6.222387436188140386e-01	5.587668345623599819e-01	6.153736888945270378e-01	6.849934326160790343e-01	6.153736888945270378e-01	5.962327681846020244e-01	6.153736888945270378e-01	6.153736888945270378e-01	6.033144096093620012e-01	6.153736888945270378e-01	6.689026735013019476e-01	6.153736888945270378e-01	6.030648630601029847e-01	6.153736888945270378e-01	6.153736888945270378e-01	7.016431154510039958e-01	6.153736888945270378e-01	6.153736888945270378e-01	6.153736888945270378e-01	6.153736888945270378e-01	6.153736888945270378e-01	5.549663905892759930e-01	6.153736888945270378e-01	6.153736888945270378e-01	6.153736888945270378e-01	5.708256537047949886e-01	6.016580505771109699e-01	6.093935112064470250e-01	5.648940668326200010e-01	5.685632735100130120e-01	6.153736888945270378e-01	6.153736888945270378e-01	6.153736888945270378e-01	6.153736888945270378e-01	5.829664498325429767e-01	5.937294044626110212e-01	5.818872846639889795e-01	6.153736888945270378e-01	6.434599819506650054e-01	6.153736888945270378e-01	6.153736888945270378e-01	6.312827101753210046e-01	6.716681564129439730e-01	6.153736888945270378e-01	6.153736888945270378e-01	6.722054441918270395e-01	6.664637637912199652e-01	6.153736888945270378e-01	6.153736888945270378e-01	6.617647922176800312e-01	6.153736888945270378e-01
6.153736888945270378e-01	6.668110813916700019e-01	6.153736888945270378e-01	6.153736888945270378e-01	6.852893660999189729e-01	6.078623185606569779e-01	6.907389186381499568e-01	6.153736888945270378e-01	1.000000000000000000e+00	6.946813989667539602e-01	6.153736888945270378e-01	6.153736888945270378e-01	6.153736888945270378e-01	5.371305521305239639e-01	6.153736888945270378e-01	6.348421091307500097e-01	5.833852705915230086e-01	5.502215527227579672e-01	6.153736888945270378e-01	6.153736888945270378e-01	6.153736888945270378e-01	6.153736888945270378e-01	6.153736888945270378e-01	6.153736888945270378e-01	6.153736888945270378e-01	6.153736888945270378e-01	6.153736888945270378e-01	7.165635721097399768e-01	6.153736888945270378e-01	6.153736888945270378e-01	6.417364130113270004e-01	6.153736888945270378e-01	6.153736888945270378e-01	6.561542283310609625e-01	6.084483128378059824e-01	5.805240033567929947e-01	6.285634129371240331e-01	6.153736888945270378e-01	6.153736888945270378e-01	6.153736888945270378e-01	6.153736888945270378e-01	6.153736888945270378e-01	6.500012310543979988e-01	5.857586798097239589e-01	5.469013164873960386e-01	6.448412282250599592e-01	6.153736888945270378e-01	6.153736888945270378e-01	6.322611380671050441e-01	6.153736888945270378e-01	6.153736888945270378e-01	5.805095717088449847e-01	5.390604377236000166e-01	6.153736888945270378e-01	6.040894581956309795e-01	6.153736888945270378e-01	6.153736888945270378e-01	6.153736888945270378e-01	5.832949317244340293e-01	6.153736888945270378e-01	6.153736888945270378e-01	5.749703661605829463e-01	6.515342081975380450e-01	5.951044763723849496e-01	6.153736888945270378e-01	6.153736888945270378e-01	6.153736888945270378e-01	6.172196501233000454e-01	5.818521566683030333e-01	5.925378555658720181e-01	5.754384952432629596e-01	6.095122247139520555e-01	5.942057193606850030e-01	6.153736888945270378e-01	6.153736888945270378e-01	5.886518161090950052e-01	6.745111310371549873e-01	5.771111093550389537e-01	6.051410467562120532e-01	5.870560003285519857e-01	6.153736888945270378e-01	5.999875082344590105e-01	6.153736888945270378e-01	6.153736888945270378e-01	5.814477853215309633e-01	5.879134482266630268e-01	6.243626173473060259e-01	6.011775856678159835e-01	6.937752640135850246e-01	6.153736888945270378e-01	6.384571935883830429e-01	6.153736888945270378e-01	5.335503152814049521e-01	5.330662180336650513e-01	5.285087861867580061e-01	6.153736888945270378e-01	5.950829420683170223e-01	6.153736888945270378e-01	6.153736888945270378e-01	6.153736888945270378e-01	6.153736888945270378e-01	5.613016939433179697e-01	6.153736888945270378e-01	5.626178135461149532e-01	6.153736888945270378e-01	6.153736888945270378e-01	6.153736888945270378e-01	5.992730423953599450e-01	6.153736888945270378e-01	5.885269142455800129e-01	6.393248648129179479e-01	6.560925927393309598e-01	6.153736888945270378e-01	6.153736888945270378e-01	6.153736888945270378e-01	6.153736888945270378e-01	6.153736888945270378e-01	6.595139595314000180e-01	6.153736888945270378e-01	6.153736888945270378e-01	6.153736888945270378e-01	6.480696001944300511e-01	6.153736888945270378e-01	6.153736888945270378e-01
7.031816301614499665e-01	6.153736888945270378e-01	6.153736888945270378e-01	6.153736888945270378e-01	6.153736888945270378e-01	6.153736888945270378e-01	6.153736888945270378e-01	7.081228364956330124e-01	6.946813989667539602e-01	1.000000000000000000e+00	6.153736888945270378e-01	6.153736888945270378e-01	6.153736888945270378e-01	5.438370291212529795e-01	6.396277695532189833e-01	6.153736888945270378e-01	5.692804676406559850e-01	6.153736888945270378e-01	6.153736888945270378e-01	6.153736888945270378e-01	6.153736888945270378e-01	6.309267849640379788e-01	6.153736888945270378e-01	6.423757321801200071e-01	6.153736888945270378e-01	6.153736888945270378e-01	6.224386708150539960e-01	6.153736888945270378e-01	6.203348864717810329e-01	6.395227038373919592e-01	6.153736888945270378e-01	6.153736888945270378e-01	5.810254723615829731e-01	6.153736888945270378e-01	5.906856131151819733e-01	5.965145176598209975e-01	6.153736888945270378e-01	6.153736888945270378e-01	6.153736888945270378e-01	5.627170803144969646e-01	6.153736888945270378e-01	5.902314304605980055e-01	6.251525010901070045e-01	6.153736888945270378e-01	6.153736888945270378e-01	6.153736888945270378e-01	6.153736888945270378e-01	5.967544174359590281e-01	6.284692825224570401e-01	6.153736888945270378e-01	6.579392880581500513e-01	6.153736888945270378e-01	6.153736888945270378e-01	5.727421587782569601e-01	6.023295146188959448e-01	6.153736888945270378e-01	6.154413622476799794e-01	5.860847216177610397e-01	6.153736888945270378e-01	5.840911881698820363e-01	6.062401668670369670e-01	5.948971886174130308e-01	6.548161245132669839e-01	6.153736888945270378e-01	6.153736888945270378e-01	6.153736888945270378e-01	6.153736888945270378e-01	6.067436021870860063e-01	6.153736888945270378e-01	6.153736888945270378e-01	5.701147244354229926e-01	6.162151269438199686e-01	6.153736888945270378e-01	6.097912331180780354e-01	6.153736888945270378e-01	5.921170474508670178e-01	6.865094784311720488e-01	5.478139890034600112e-01	6.153736888945270378e-01	5.845387595325359786e-01	6.456601569793549711e-01	6.019753939527759945e-01	6.153736888945270378e-01	6.445828552326210437e-01	6.215970415332360277e-01	5.747563761801319782e-01	6.153736888945270378e-01	5.703656917167929663e-01	6.982755371512809894e-01	6.153736888945270378e-01	6.153736888945270378e-01	5.621076784507830215e-01	6.153736888945270378e-01	5.366847037291460065e-01	5.355048050285230454e-01	6.153736888945270378e-01	5.836525511413640510e-01	6.153736888945270378e-01	5.692590824187350185e-01	5.925173516409839580e-01	6.153736888945270378e-01	5.540553368704079773e-01	5.734063457539809727e-01	6.153736888945270378e-01	6.153736888945270378e-01	5.569771549112390030e-01	6.153736888945270378e-01	5.855493625773739996e-01	6.153736888945270378e-01	5.904840166169980087e-01	6.153736888945270378e-01	6.153736888945270378e-01	6.153736888945270378e-01	6.142271503767720020e-01	6.153736888945270378e-01	6.153736888945270378e-01	6.153736888945270378e-01	6.682533508084560481e-01	6.153736888945270378e-01	6.708409880175709716e-01	5.593169704754880067e-01	6.153736888945270378e-01	6.815735279214959474e-01	6.153736888945270378e-01
6.616749071993129894e-01	6.153736888945270378e-01	6.153736888945270378e-01	6.153736888945270378e-01	6.153736888945270378e-01	6.153736888945270378e-01	6.633802376473759699e-01	6.153736888945270378e-01	6.153736888945270378e-01	6.153736888945270378e-01	1.000000000000000000e+00	6.946094801442129762e-01	6.153736888945270378e-01	6.153736888945270378e-01	6.153736888945270378e-01	6.030442124257889835e-01	5.862731401000680354e-01	5.322022321031899539e-01	5.814631812067529992e-01	6.691234725101220526e-01	6.153736888945270378e-01	6.153736888945270378e-01	6.342721547177370134e-01	6.153736888945270378e-01	6.153736888945270378e-01	6.911316208186579768e-01	6.153736888945270378e-01	6.327002841918220044e-01	6.153736888945270378e-01	6.090245512939129746e-01	6.153736888945270378e-01	6.153736888945270378e-01	5.428866564590170141e-01	6.153736888945270378e-01	6.153736888945270378e-01	6.153736888945270378e-01	5.981296591406689567e-01	5.968168101129870395e-01	6.153736888945270378e-01	6.153736888945270378e-01	5.932884673314480217e-01	6.090554912264970477e-01	6.397536678411339661e-01	6.301247108942860109e-01	5.432594665150209945e-01	6.000211556279629876e-01	6.153736888945270378e-01	6.153736888945270378e-01	6.433105470902029666e-01	6.153736888945270378e-01	6.872069526955389973e-01	6.153736888945270378e-01	6.153736888945270378e-01	6.153736888945270378e-01	6.360480995999580056e-01	5.911150354563170506e-01	6.153736888945270378e-01	6.153736888945270378e-01	6.153736888945270378e-01	5.812990467750399626e-01	6.153736888945270378e-01	6.153736888945270378e-01	6.557280287021189924e-01	6.153736888945270378e-01	5.807974920695939680e-01	6.153736888945270378e-01	5.751974363125079703e-01	6.493223533705480000e-01	6.028158249771750077e-01	6.150914202218630278e-01	6.153736888945270378e-01	6.153736888945270378e-01	6.153736888945270378e-01	6.153736888945270378e-01	6.153736888945270378e-01	6.153736888945270378e-01	6.153736888945270378e-01	6.153736888945270378e-01	6.153736888945270378e-01	5.871507420193089466e-01	6.810108393298629492e-01	6.153736888945270378e-01	6.153736888945270378e-01	5.984766792066450458e-01	6.153736888945270378e-01	5.737229698031740543e-01	6.160446729593620496e-01	6.153736888945270378e-01	6.799187613339530145e-01	6.168723041443739952e-01	6.398665848539409895e-01	5.746191255928460029e-01	6.153736888945270378e-01	5.220209690482939813e-01	6.153736888945270378e-01	5.821984523531239519e-01	6.153736888945270378e-01	6.153736888945270378e-01	6.153736888945270378e-01	6.484085742624450255e-01	6.114026874851119508e-01	6.153736888945270378e-01	6.029421038208290229e-01	5.587616748755089846e-01	6.023558943595289650e-01	6.153736888945270378e-01	5.962315829053500549e-01	6.019780578030780038e-01	5.706348813237720474e-01	5.516440855785790243e-01	5.696700524156460554e-01	6.153736888945270378e-01	5.951724011953150040e-01	6.198434231179680287e-01	6.153736888945270378e-01	6.571924174967279653e-01	6.133017829025360079e-01	6.153736888945270378e-01	6.153736888945270378e-01	6.153736888945270378e-01	6.153736888945270378e-01	6.153736888945270378e-01	6.153736888945270378e-01	6.512963234029289783e-01
6.153736888945270378e-01	6.153736888945270378e-01	6.153736888945270378e-01	5.558617071157869738e-01	6.153736888945270378e-01	6.153736888945270378e-01	6.153736888945270378e-01	6.720180253145470184e-01	6.153736888945270378e-01	6.153736888945270378e-01	6.946094801442129762e-01	1.000000000000000000e+00	6.153736888945270378e-01	5.986761072565609521e-01	6.101265024158809558e-01	6.153736888945270378e-01	5.839159561251440200e-01	5.110162890659359913e-01	6.153736888945270378e-01	6.153736888945270378e-01	6.057569863784779685e-01	5.860441205189580449e-01	6.635661480972570025e-01	6.153736888945270378e-01	6.153736888945270378e-01	6.153736888945270378e-01	6.153736888945270378e-01	6.153736888945270378e-01	6.153736888945270378e-01	5.953525049963389604e-01	6.153736888945270378e-01	6.153736888945270378e-01	6.153736888945270378e-01	6.153736888945270378e-01	6.153736888945270378e-01	5.376425974311940248e-01	6.153736888945270378e-01	5.577265032010739754e-01	6.153736888945270378e-01	5.519840888855039873e-01	6.153736888945270378e-01	6.153736888945270378e-01	6.449100125468240075e-01	6.394043998608469614e-01	5.042566245979399620e-01	6.028953515794109874e-01	6.153736888945270378e-01	6.153736888945270378e-01	6.036112403936509940e-01	6.061397135507909928e-01	6.153736888945270378e-01	6.153736888945270378e-01	5.830044634141640092e-01	6.065499962637640463e-01	6.299133797582689986e-01	6.269506871380799984e-01	6.153736888945270378e-01	5.445659202678350130e-01	5.635243371586200478e-01	5.621965326368809635e-01	6.153736888945270378e-01	6.153736888945270378e-01	6.153736888945270378e-01	6.205089207135809914e-01	6.153736888945270378e-01	6.554450768631600033e-01	5.560371793960839915e-01	6.247468146223269514e-01	6.153736888945270378e-01	6.153736888945270378e-01	6.289188986906549816e-01	6.153736888945270378e-01	6.153736888945270378e-01	5.904054885014600185e-01	5.964728758292270339e-01	6.337867492869440067e-01	6.153736888945270378e-01	5.960236152129110287e-01	6.356583591800050170e-01	6.153736888945270378e-01	6.153736888945270378e-01	5.905126659757710117e-01	6.153736888945270378e-01	6.153736888945270378e-01	6.153736888945270378e-01	6.406710650467980495e-01	6.458930948107469705e-01	6.298673785785520174e-01	6.153736888945270378e-01	6.153736888945270378e-01	6.735521203339179808e-01	6.153736888945270378e-01	5.753494927029280115e-01	5.366478640769509756e-01	6.172326893476890453e-01	6.153736888945270378e-01	6.507347823232969564e-01	6.124498561464889468e-01	6.153736888945270378e-01	6.964283680358640538e-01	6.153736888945270378e-01	6.153736888945270378e-01	6.199921059215679486e-01	5.262865800583289566e-01	6.153736888945270378e-01	6.129222656620609833e-01	6.153736888945270378e-01	6.153736888945270378e-01	5.455368054545589596e-01	6.153736888945270378e-01	6.153736888945270378e-01	6.017742869323069455e-01	6.053785949650739573e-01	6.153736888945270378e-01	6.270952567524580301e-01	6.665007187688529733e-01	6.153736888945270378e-01	6.647774978254600287e-01	6.153736888945270378e-01	6.377347091661119682e-01	6.153736888945270378e-01	6.153736888945270378e-01	6.153736888945270378e-01	6.970348733679849751e-01
