9.999999999999990008e-01	6.080187874428154560e-01	7.895462857711329496e-01	6.080187874428154560e-01	6.080187874428154560e-01	6.080187874428154560e-01	6.080187874428154560e-01	6.905330336750610254e-01	6.080187874428154560e-01	6.080187874428154560e-01	6.080187874428154560e-01	6.080187874428154560e-01	6.080187874428154560e-01	6.080187874428154560e-01	6.080187874428154560e-01	6.644622778118020046e-01	6.080187874428154560e-01	5.758061610650110351e-01	6.080187874428154560e-01	6.439771521195689630e-01	5.993887725951589918e-01	6.697774028535430357e-01	6.080187874428154560e-01	6.759898896996689999e-01	6.080187874428154560e-01	6.739403912790610240e-01	6.080187874428154560e-01	6.775108280012209772e-01	6.080187874428154560e-01	6.080187874428154560e-01	6.080187874428154560e-01	6.080187874428154560e-01	6.080187874428154560e-01	6.080187874428154560e-01	6.080187874428154560e-01	6.080187874428154560e-01	6.080187874428154560e-01	6.620620263914670511e-01	6.644782342023130006e-01	6.106857655941539953e-01	6.870301262018579935e-01	6.080187874428154560e-01	6.080187874428154560e-01	6.314437813538860134e-01	5.926399054981430492e-01	6.080187874428154560e-01	6.080187874428154560e-01	6.080187874428154560e-01	6.645300601967519816e-01	6.080187874428154560e-01	6.080187874428154560e-01	6.080187874428154560e-01	6.080187874428154560e-01	6.080187874428154560e-01	6.354117942144930087e-01	6.080187874428154560e-01	6.080187874428154560e-01	6.080187874428154560e-01	6.080187874428154560e-01	6.080187874428154560e-01	6.080187874428154560e-01	6.322163633896750179e-01	6.080187874428154560e-01	6.080187874428154560e-01	6.080187874428154560e-01	6.528393061707700173e-01	6.080187874428154560e-01	6.422893485221909948e-01	6.080187874428154560e-01	6.202001595751770457e-01	6.260707118577080177e-01	6.080187874428154560e-01	6.080187874428154560e-01	6.638520913046830341e-01	6.080187874428154560e-01	6.183525598079689933e-01	6.080187874428154560e-01	5.722266477096999981e-01	6.080187874428154560e-01	6.080187874428154560e-01	6.406915966269249862e-01	6.380806358764520292e-01	6.319232977805849805e-01	6.080187874428154560e-01	6.080187874428154560e-01	6.080187874428154560e-01	6.080187874428154560e-01	6.165544955255559678e-01	6.080187874428154560e-01	6.283862647563149828e-01	6.080187874428154560e-01	6.080187874428154560e-01	6.080187874428154560e-01	5.721163496778369772e-01	5.495734403372890542e-01	6.080187874428154560e-01	6.067760505641770497e-01	6.080187874428154560e-01	6.080187874428154560e-01	6.080187874428154560e-01	5.751132383960809724e-01	6.080187874428154560e-01	5.948389494728419935e-01	6.080187874428154560e-01	5.987780029525600067e-01	6.080187874428154560e-01	6.080187874428154560e-01	6.119432905444669446e-01	6.329975272743200154e-01	6.080187874428154560e-01	6.686884516773790033e-01	6.827846220362979723e-01	6.080187874428154560e-01	6.080187874428154560e-01	6.080187874428154560e-01	7.869864924003789897e-01	7.670062866182949524e-01	7.716146555834809684e-01	6.080187874428154560e-01	6.080187874428154560e-01	6.080187874428154560e-01	6.080187874428154560e-01	6.080187874428154560e-01	6.080187874428154560e-01
6.080187874428154560e-01	1.000000000000000000e+00	6.080187874428154560e-01	6.080187874428154560e-01	6.547904425165500530e-01	6.453817402049619734e-01	6.080187874428154560e-01	6.653409028551660054e-01	6.080187874428154560e-01	6.080187874428154560e-01	6.080187874428154560e-01	6.080187874428154560e-01	6.309162633953160348e-01	5.889317396396870352e-01	6.324539883299959975e-01	6.080187874428154560e-01	6.080187874428154560e-01	6.080187874428154560e-01	6.080187874428154560e-01	6.080187874428154560e-01	6.080187874428154560e-01	6.080187874428154560e-01	6.080187874428154560e-01	6.501669030492780443e-01	6.080187874428154560e-01	6.080187874428154560e-01	6.118313987571060153e-01	6.559152555304990084e-01	6.080187874428154560e-01	6.080187874428154560e-01	6.080187874428154560e-01	6.080187874428154560e-01	5.933827224531129652e-01	6.080187874428154560e-01	6.080187874428154560e-01	6.090369612124429954e-01	6.080187874428154560e-01	6.080187874428154560e-01	6.376557680727870103e-01	6.080187874428154560e-01	6.080187874428154560e-01	6.080187874428154560e-01	6.297364282934140300e-01	6.301586414074950016e-01	6.080187874428154560e-01	6.111041132604999593e-01	6.017695821239600340e-01	6.080187874428154560e-01	6.080187874428154560e-01	6.080187874428154560e-01	6.080187874428154560e-01	6.080187874428154560e-01	5.912013737778599731e-01	6.080187874428154560e-01	6.080187874428154560e-01	6.080187874428154560e-01	6.341348887755150487e-01	6.080187874428154560e-01	6.080187874428154560e-01	6.080187874428154560e-01	6.080187874428154560e-01	6.080187874428154560e-01	6.575488315131600148e-01	6.227137089211709498e-01	6.080187874428154560e-01	6.080187874428154560e-01	6.080139647542629477e-01	6.080187874428154560e-01	5.860959782103190019e-01	6.080187874428154560e-01	6.115598523823230215e-01	6.080187874428154560e-01	6.080187874428154560e-01	6.315112048958649860e-01	6.080187874428154560e-01	6.069021231364110092e-01	6.080187874428154560e-01	6.080187874428154560e-01	6.080187874428154560e-01	6.086782870952649471e-01	6.080187874428154560e-01	6.080187874428154560e-01	6.062869356618639793e-01	6.764802940290649547e-01	6.080187874428154560e-01	6.080187874428154560e-01	6.080187874428154560e-01	6.080187874428154560e-01	6.080187874428154560e-01	6.046437763105829699e-01	6.467165562239209908e-01	5.849737765679650092e-01	6.080187874428154560e-01	5.754838665137570475e-01	6.080187874428154560e-01	6.080187874428154560e-01	6.080187874428154560e-01	5.924722651672359452e-01	6.080187874428154560e-01	6.080187874428154560e-01	6.080187874428154560e-01	6.080187874428154560e-01	6.080187874428154560e-01	5.680673489466450121e-01	6.080187874428154560e-01	6.080187874428154560e-01	6.080187874428154560e-01	6.080187874428154560e-01	6.080187874428154560e-01	6.080187874428154560e-01	6.080187874428154560e-01	6.080187874428154560e-01	6.361341381440950293e-01	6.080187874428154560e-01	6.080187874428154560e-01	7.584802055128030407e-01	6.080187874428154560e-01	6.080187874428154560e-01	6.080187874428154560e-01	6.080187874428154560e-01	6.080187874428154560e-01	6.080187874428154560e-01	6.080187874428154560e-01	6.736450431769229752e-01
7.895462857711329496e-01	6.080187874428154560e-01	1.000000000000000000e+00	6.080187874428154560e-01	6.335512169296499962e-01	6.080187874428154560e-01	6.080187874428154560e-01	6.080187874428154560e-01	6.080187874428154560e-01	6.080187874428154560e-01	6.080187874428154560e-01	6.080187874428154560e-01	6.080187874428154560e-01	6.080187874428154560e-01	6.080187874428154560e-01	6.080187874428154560e-01	6.080187874428154560e-01	6.080187874428154560e-01	6.080187874428154560e-01	6.080187874428154560e-01	5.916320764661819886e-01	6.080187874428154560e-01	6.080187874428154560e-01	6.080187874428154560e-01	6.080187874428154560e-01	6.080187874428154560e-01	6.080187874428154560e-01	6.080187874428154560e-01	6.080187874428154560e-01	6.080187874428154560e-01	6.080187874428154560e-01	6.083948758953680036e-01	6.080187874428154560e-01	6.080187874428154560e-01	6.080187874428154560e-01	6.080187874428154560e-01	6.080187874428154560e-01	6.080187874428154560e-01	6.421632158143699698e-01	6.271869293235580178e-01	6.426594792333319983e-01	6.080187874428154560e-01	6.080187874428154560e-01	6.125601966972430423e-01	5.860305750365339961e-01	6.065578594086840081e-01	6.121890852607250189e-01	6.080187874428154560e-01	6.080187874428154560e-01	6.080187874428154560e-01	6.080187874428154560e-01	6.171215883541809610e-01	6.080187874428154560e-01	6.080187874428154560e-01	6.123220298339600021e-01	6.080187874428154560e-01	6.080187874428154560e-01	6.080187874428154560e-01	6.063886929098070144e-01	6.080187874428154560e-01	6.315475320403129977e-01	6.080187874428154560e-01	6.641919094252020095e-01	5.937120605684399477e-01	6.080187874428154560e-01	6.080187874428154560e-01	6.080187874428154560e-01	6.080187874428154560e-01	6.080187874428154560e-01	6.080187874428154560e-01	6.080187874428154560e-01	6.080187874428154560e-01	6.080187874428154560e-01	6.080187874428154560e-01	5.853926183963480412e-01	6.080187874428154560e-01	6.759393095291820197e-01	6.080187874428154560e-01	6.080187874428154560e-01	6.080187874428154560e-01	6.080187874428154560e-01	6.080187874428154560e-01	6.080187874428154560e-01	6.453408226757350041e-01	6.080187874428154560e-01	6.102279479625160041e-01	6.438113468206999590e-01	6.080187874428154560e-01	7.559471187309529938e-01	6.080187874428154560e-01	6.592258260850869522e-01	5.759999519653350442e-01	6.080187874428154560e-01	6.080187874428154560e-01	6.080187874428154560e-01	6.080187874428154560e-01	6.080187874428154560e-01	6.080187874428154560e-01	6.080187874428154560e-01	6.080187874428154560e-01	5.638437451164789449e-01	6.080187874428154560e-01	6.080187874428154560e-01	5.740102916940750255e-01	6.080187874428154560e-01	6.080187874428154560e-01	6.080187874428154560e-01	6.080187874428154560e-01	6.080187874428154560e-01	6.080187874428154560e-01	6.080187874428154560e-01	6.080187874428154560e-01	6.080187874428154560e-01	6.583089990291159932e-01	6.080187874428154560e-01	6.080187874428154560e-01	6.080187874428154560e-01	6.080187874428154560e-01	6.080187874428154560e-01	6.080187874428154560e-01	6.080187874428154560e-01	6.080187874428154560e-01	6.080187874428154560e-01	6.683363633663109704e-01
6.080187874428154560e-01	6.080187874428154560e-01	6.080187874428154560e-01	9.999999999999980016e-01	5.638978745282430260e-01	6.080187874428154560e-01	6.080187874428154560e-01	5.582625743729500156e-01	6.080187874428154560e-01	6.080187874428154560e-01	5.627554692219109977e-01	5.558617071157869738e-01	6.271046215413730307e-01	6.260976508266350438e-01	6.080187874428154560e-01	6.080187874428154560e-01	6.080187874428154560e-01	6.080187874428154560e-01	6.080187874428154560e-01	5.642747912165819724e-01	6.385002646506180435e-01	6.264827512072800308e-01	6.080187874428154560e-01	6.080187874428154560e-01	5.488703515039190517e-01	6.080187874428154560e-01	6.080187874428154560e-01	6.080187874428154560e-01	6.312538778131859818e-01	6.080187874428154560e-01	6.213223100453899583e-01	6.080187874428154560e-01	5.881077304426409746e-01	6.080187874428154560e-01	6.080187874428154560e-01	6.080187874428154560e-01	6.317451661947980357e-01	5.728937247420829992e-01	6.635279295204770111e-01	6.080187874428154560e-01	6.080187874428154560e-01	5.420485424589940315e-01	6.080187874428154560e-01	5.950916896929829836e-01	6.080187874428154560e-01	6.080187874428154560e-01	6.080187874428154560e-01	6.080187874428154560e-01	6.502613720157469634e-01	5.870122209266179780e-01	6.080187874428154560e-01	6.080187874428154560e-01	6.080187874428154560e-01	5.535847639954030175e-01	5.641467794111030276e-01	6.080187874428154560e-01	6.080187874428154560e-01	6.080187874428154560e-01	6.080187874428154560e-01	6.080187874428154560e-01	6.080187874428154560e-01	6.080187874428154560e-01	5.412149639677009683e-01	6.080187874428154560e-01	6.080187874428154560e-01	6.256307405363550345e-01	6.080187874428154560e-01	6.214247506334650284e-01	6.386152858825849821e-01	5.598823191455950532e-01	6.080187874428154560e-01	5.717635606203359533e-01	6.080187874428154560e-01	6.080187874428154560e-01	6.166887267917939841e-01	6.080187874428154560e-01	6.080187874428154560e-01	6.080187874428154560e-01	6.080187874428154560e-01	6.080187874428154560e-01	6.080187874428154560e-01	6.080187874428154560e-01	5.588588899177050484e-01	5.644269915298989471e-01	5.756417574938560433e-01	6.080187874428154560e-01	6.080187874428154560e-01	6.080187874428154560e-01	6.080187874428154560e-01	6.080187874428154560e-01	6.139939636441960058e-01	6.035802636426710333e-01	5.553379911438519612e-01	6.080187874428154560e-01	6.080187874428154560e-01	6.080187874428154560e-01	6.080187874428154560e-01	6.080187874428154560e-01	6.080187874428154560e-01	6.080187874428154560e-01	6.080187874428154560e-01	6.080187874428154560e-01	6.080187874428154560e-01	6.080187874428154560e-01	5.504531650883649485e-01	6.080187874428154560e-01	6.080187874428154560e-01	6.080187874428154560e-01	6.080187874428154560e-01	6.080187874428154560e-01	6.080187874428154560e-01	6.080187874428154560e-01	6.080187874428154560e-01	6.080187874428154560e-01	6.080187874428154560e-01	6.080187874428154560e-01	6.082407516871249920e-01	6.080187874428154560e-01	6.080187874428154560e-01	5.998532950329059643e-01	6.080187874428154560e-01	6.080187874428154560e-01	6.080187874428154560e-01	6.080187874428154560e-01
6.080187874428154560e-01	6.547904425165500530e-01	6.335512169296499962e-01	5.638978745282430260e-01	9.999999999999980016e-01	6.455097636538660311e-01	7.428006747392289499e-01	6.080187874428154560e-01	6.080187874428154560e-01	6.080187874428154560e-01	6.080187874428154560e-01	7.191989189554559569e-01	6.080187874428154560e-01	6.001520826156120370e-01	6.105001896486079715e-01	6.080187874428154560e-01	6.080187874428154560e-01	6.080187874428154560e-01	6.080187874428154560e-01	6.080187874428154560e-01	6.080187874428154560e-01	5.970012497972190246e-01	6.080187874428154560e-01	5.814542029238839449e-01	6.721265939363809672e-01	6.080187874428154560e-01	5.392376332094890312e-01	6.080187874428154560e-01	6.080187874428154560e-01	6.080187874428154560e-01	5.896806002055390294e-01	6.080187874428154560e-01	6.080187874428154560e-01	6.080187874428154560e-01	6.080187874428154560e-01	6.080187874428154560e-01	6.080187874428154560e-01	6.080187874428154560e-01	6.080187874428154560e-01	5.470456658795349592e-01	6.200372792611780204e-01	6.080187874428154560e-01	6.080187874428154560e-01	6.317583278081110310e-01	6.080187874428154560e-01	6.080187874428154560e-01	5.637902319906670234e-01	6.397668848460890123e-01	6.097962638725069606e-01	6.080187874428154560e-01	6.329572232906089946e-01	6.080187874428154560e-01	5.824566793531780196e-01	6.080187874428154560e-01	6.080187874428154560e-01	6.080187874428154560e-01	6.402006446161090381e-01	6.080187874428154560e-01	6.080187874428154560e-01	6.080187874428154560e-01	6.080187874428154560e-01	6.080187874428154560e-01	6.080187874428154560e-01	6.185629690614230514e-01	6.080187874428154560e-01	6.080187874428154560e-01	5.656817737163299942e-01	6.080187874428154560e-01	6.080187874428154560e-01	6.080187874428154560e-01	6.080187874428154560e-01	6.369260726780869852e-01	6.080187874428154560e-01	6.080187874428154560e-01	6.080187874428154560e-01	6.080187874428154560e-01	6.080187874428154560e-01	5.873996639681170473e-01	6.299138851037170417e-01	6.080187874428154560e-01	6.080187874428154560e-01	6.001925464834230173e-01	5.748034837182020018e-01	6.080187874428154560e-01	6.080187874428154560e-01	6.313959620459790312e-01	6.080187874428154560e-01	6.117751372215129990e-01	6.080187874428154560e-01	6.080187874428154560e-01	6.080187874428154560e-01	6.080187874428154560e-01	5.744223978898149729e-01	6.080187874428154560e-01	6.080187874428154560e-01	5.941560256216900093e-01	6.080187874428154560e-01	6.132776659527320318e-01	6.080187874428154560e-01	6.080187874428154560e-01	6.080187874428154560e-01	6.317174724325580470e-01	6.080187874428154560e-01	6.080187874428154560e-01	6.080187874428154560e-01	6.080187874428154560e-01	6.080187874428154560e-01	6.080187874428154560e-01	6.080187874428154560e-01	5.548598730678160340e-01	6.080187874428154560e-01	6.076111183449439679e-01	6.080187874428154560e-01	6.080187874428154560e-01	6.080187874428154560e-01	6.080187874428154560e-01	6.080187874428154560e-01	6.080187874428154560e-01	6.660916866233660416e-01	6.326902059076270346e-01	6.080187874428154560e-01	6.080187874428154560e-01	6.080187874428154560e-01	6.080187874428154560e-01
6.080187874428154560e-01	6.453817402049619734e-01	6.080187874428154560e-01	6.080187874428154560e-01	6.455097636538660311e-01	9.999999999999980016e-01	6.369307263196349878e-01	6.080187874428154560e-01	6.078623185606569779e-01	6.080187874428154560e-01	6.380298626453250188e-01	6.080187874428154560e-01	6.080187874428154560e-01	6.080187874428154560e-01	5.860095452832190244e-01	6.080187874428154560e-01	6.080187874428154560e-01	6.080187874428154560e-01	6.080187874428154560e-01	6.275617628550279603e-01	6.129350907179940133e-01	5.707074913929669480e-01	6.080187874428154560e-01	6.080187874428154560e-01	6.080187874428154560e-01	6.320701340404230040e-01	5.334356049087900509e-01	6.080187874428154560e-01	5.457109261255700394e-01	6.080187874428154560e-01	6.080187874428154560e-01	6.080187874428154560e-01	6.080187874428154560e-01	6.552065471150909648e-01	5.813074259077519734e-01	5.586161261581820137e-01	6.080187874428154560e-01	6.080187874428154560e-01	6.080187874428154560e-01	6.080187874428154560e-01	6.080187874428154560e-01	6.396690618799489858e-01	6.395627866962659835e-01	6.209658236465940284e-01	5.236297816609070122e-01	6.080187874428154560e-01	5.420876685317810306e-01	6.080187874428154560e-01	6.308132669354959976e-01	6.080187874428154560e-01	6.080187874428154560e-01	6.719050639491279675e-01	5.777781468483650373e-01	6.080187874428154560e-01	6.080187874428154560e-01	6.421667343373349546e-01	6.226085741640120519e-01	6.080187874428154560e-01	5.598207908737470317e-01	6.080187874428154560e-01	6.080187874428154560e-01	6.080187874428154560e-01	5.827528282547059790e-01	6.080187874428154560e-01	6.080187874428154560e-01	6.080187874428154560e-01	6.080187874428154560e-01	6.080187874428154560e-01	6.080187874428154560e-01	6.219842321798260132e-01	6.135803739828730174e-01	6.080187874428154560e-01	6.080187874428154560e-01	6.080187874428154560e-01	6.080187874428154560e-01	6.080187874428154560e-01	6.049972659471150038e-01	6.080187874428154560e-01	6.080187874428154560e-01	6.080187874428154560e-01	6.380211295153189743e-01	6.080187874428154560e-01	6.080187874428154560e-01	6.080187874428154560e-01	5.368457538236329762e-01	6.163563680180580429e-01	6.080187874428154560e-01	6.680345267597019854e-01	6.080187874428154560e-01	6.080187874428154560e-01	6.653494048881900547e-01	6.080187874428154560e-01	6.080187874428154560e-01	5.207014515538339605e-01	6.080187874428154560e-01	6.080187874428154560e-01	6.080187874428154560e-01	5.831562816582049891e-01	6.080187874428154560e-01	6.080187874428154560e-01	6.080187874428154560e-01	6.080187874428154560e-01	6.080187874428154560e-01	5.367307494640619625e-01	6.080187874428154560e-01	6.080187874428154560e-01	6.688950567096589861e-01	6.080187874428154560e-01	5.329947526446100481e-01	6.080187874428154560e-01	6.080187874428154560e-01	6.080187874428154560e-01	6.080187874428154560e-01	6.080187874428154560e-01	6.080187874428154560e-01	6.080187874428154560e-01	6.074408208448079938e-01	6.557323979709489548e-01	6.080187874428154560e-01	6.010585321200250242e-01	6.606667648269299864e-01	6.314315662860240375e-01	6.080187874428154560e-01	6.080187874428154560e-01
6.080187874428154560e-01	6.080187874428154560e-01	6.080187874428154560e-01	6.080187874428154560e-01	7.428006747392289499e-01	6.369307263196349878e-01	9.999999999999990008e-01	6.080187874428154560e-01	6.907389186381499568e-01	6.465267613337200014e-01	6.080187874428154560e-01	7.083089120821139950e-01	6.080187874428154560e-01	6.080187874428154560e-01	6.080187874428154560e-01	6.080187874428154560e-01	6.080187874428154560e-01	5.503516817710309983e-01	6.080187874428154560e-01	6.080187874428154560e-01	5.859139881209990408e-01	5.799992985890309871e-01	6.080187874428154560e-01	6.080187874428154560e-01	6.813231552872029972e-01	6.080187874428154560e-01	6.080187874428154560e-01	6.080187874428154560e-01	6.080187874428154560e-01	6.080187874428154560e-01	6.080187874428154560e-01	5.534105444232120252e-01	5.176911170036559984e-01	6.080187874428154560e-01	6.080187874428154560e-01	6.080187874428154560e-01	6.080187874428154560e-01	5.615539569952390231e-01	6.080187874428154560e-01	6.080187874428154560e-01	6.080187874428154560e-01	7.126259211565949547e-01	6.080187874428154560e-01	6.080187874428154560e-01	6.080187874428154560e-01	6.080187874428154560e-01	6.080187874428154560e-01	6.080187874428154560e-01	6.080187874428154560e-01	6.080187874428154560e-01	6.196914881613250214e-01	6.080187874428154560e-01	5.696483606269090449e-01	6.021505049574360502e-01	6.206194133634159726e-01	6.080187874428154560e-01	6.080187874428154560e-01	6.080187874428154560e-01	5.677903239054240547e-01	6.080187874428154560e-01	6.080187874428154560e-01	5.707938730525690119e-01	6.080187874428154560e-01	6.113504758165519970e-01	5.333531610185080485e-01	6.414044313194720015e-01	5.639999203815959650e-01	6.080187874428154560e-01	5.917635090359439909e-01	6.297054878055919902e-01	6.080187874428154560e-01	6.080187874428154560e-01	6.080187874428154560e-01	6.080187874428154560e-01	5.838192222381689556e-01	6.259103291465569763e-01	6.080187874428154560e-01	6.080187874428154560e-01	6.410161860700249736e-01	5.795830046437250305e-01	7.098364957935979769e-01	6.080187874428154560e-01	6.080187874428154560e-01	6.080187874428154560e-01	6.080187874428154560e-01	6.080187874428154560e-01	6.080187874428154560e-01	6.080187874428154560e-01	6.080187874428154560e-01	6.080187874428154560e-01	6.080187874428154560e-01	6.080187874428154560e-01	6.080187874428154560e-01	5.337048260232259977e-01	6.080187874428154560e-01	6.080187874428154560e-01	6.080187874428154560e-01	5.952375391536059990e-01	6.080187874428154560e-01	6.080187874428154560e-01	6.735892368995359814e-01	6.080187874428154560e-01	6.080187874428154560e-01	6.080187874428154560e-01	6.183590397328080357e-01	6.080187874428154560e-01	6.080187874428154560e-01	6.080187874428154560e-01	5.553120798922329682e-01	5.442852726501570260e-01	6.080187874428154560e-01	5.966818370930510040e-01	6.080187874428154560e-01	6.080187874428154560e-01	6.080187874428154560e-01	6.600098174046059585e-01	6.023430303535990404e-01	6.080187874428154560e-01	6.080187874428154560e-01	6.216944437018110392e-01	6.080187874428154560e-01	6.587147221795930374e-01	6.080187874428154560e-01	6.080187874428154560e-01
6.905330336750610254e-01	6.653409028551660054e-01	6.080187874428154560e-01	5.582625743729500156e-01	6.080187874428154560e-01	6.080187874428154560e-01	6.080187874428154560e-01	1.000000000000000000e+00	6.080187874428154560e-01	6.080187874428154560e-01	6.376841640077780538e-01	6.080187874428154560e-01	6.080187874428154560e-01	5.434113839603770257e-01	6.080187874428154560e-01	6.080187874428154560e-01	6.080187874428154560e-01	5.414194731346050338e-01	6.080187874428154560e-01	6.080187874428154560e-01	5.671468306632210243e-01	6.080187874428154560e-01	6.080187874428154560e-01	6.080187874428154560e-01	6.080187874428154560e-01	6.080187874428154560e-01	6.080187874428154560e-01	7.177107005412339813e-01	5.909877217048560283e-01	6.080187874428154560e-01	6.080187874428154560e-01	6.080187874428154560e-01	6.080187874428154560e-01	6.080187874428154560e-01	6.080187874428154560e-01	5.685417601812879917e-01	6.080187874428154560e-01	6.080187874428154560e-01	6.080187874428154560e-01	6.080187874428154560e-01	6.080187874428154560e-01	6.080187874428154560e-01	6.080187874428154560e-01	6.080187874428154560e-01	6.080187874428154560e-01	6.080187874428154560e-01	6.080187874428154560e-01	6.080187874428154560e-01	6.127281964482309551e-01	6.080187874428154560e-01	6.080187874428154560e-01	5.673992882156000395e-01	6.080187874428154560e-01	6.080187874428154560e-01	6.080187874428154560e-01	5.804435374338320353e-01	6.080187874428154560e-01	5.720803735598589679e-01	6.080187874428154560e-01	6.080187874428154560e-01	6.080187874428154560e-01	5.723395804242269458e-01	6.779272084472970361e-01	5.902264380794469689e-01	5.575497052350409932e-01	6.080187874428154560e-01	6.080187874428154560e-01	6.080236101313679642e-01	6.080187874428154560e-01	6.080187874428154560e-01	6.080187874428154560e-01	6.080187874428154560e-01	5.899701633860180428e-01	6.080187874428154560e-01	6.080187874428154560e-01	6.080187874428154560e-01	6.080187874428154560e-01	5.662031832979700363e-01	5.962327681846020244e-01	6.080187874428154560e-01	6.080187874428154560e-01	6.033144096093620012e-01	5.800569433376929762e-01	6.689026735013019476e-01	6.080187874428154560e-01	6.080187874428154560e-01	6.080187874428154560e-01	6.080187874428154560e-01	7.016431154510039958e-01	5.837307128556930014e-01	6.080187874428154560e-01	6.080187874428154560e-01	6.080187874428154560e-01	5.397123386833799774e-01	6.080187874428154560e-01	6.080187874428154560e-01	5.899921800606050537e-01	6.080187874428154560e-01	6.080187874428154560e-01	6.016580505771109699e-01	6.080187874428154560e-01	6.080187874428154560e-01	6.080187874428154560e-01	6.080187874428154560e-01	6.080187874428154560e-01	6.080187874428154560e-01	6.080187874428154560e-01	6.080187874428154560e-01	6.080187874428154560e-01	6.080187874428154560e-01	6.080187874428154560e-01	6.434599819506650054e-01	6.088365891652219863e-01	6.080187874428154560e-01	6.080187874428154560e-01	6.716681564129439730e-01	6.080187874428154560e-01	6.080187874428154560e-01	6.722054441918270395e-01	6.080187874428154560e-01	6.080187874428154560e-01	6.566291145032699950e-01	6.080187874428154560e-01	6.787739895826929715e-01
6.080187874428154560e-01	6.080187874428154560e-01	6.080187874428154560e-01	6.080187874428154560e-01	6.080187874428154560e-01	6.078623185606569779e-01	6.907389186381499568e-01	6.080187874428154560e-01	1.000000000000000000e+00	6.080187874428154560e-01	6.080187874428154560e-01	6.533903113159650333e-01	6.107599308170029717e-01	5.371305521305239639e-01	6.080187874428154560e-01	6.348421091307500097e-01	5.833852705915230086e-01	6.080187874428154560e-01	6.080187874428154560e-01	6.080187874428154560e-01	6.080187874428154560e-01	6.140991017420680542e-01	6.080187874428154560e-01	6.413726384247000478e-01	6.080187874428154560e-01	6.080187874428154560e-01	6.080187874428154560e-01	6.080187874428154560e-01	6.080187874428154560e-01	6.080187874428154560e-01	6.080187874428154560e-01	5.645829367482959604e-01	6.080187874428154560e-01	6.080187874428154560e-01	6.080187874428154560e-01	6.080187874428154560e-01	6.285634129371240331e-01	6.330525418627319656e-01	6.080187874428154560e-01	6.080187874428154560e-01	6.080187874428154560e-01	6.605306227259419849e-01	6.080187874428154560e-01	5.857586798097239589e-01	6.080187874428154560e-01	6.080187874428154560e-01	5.847190596801939977e-01	5.961502549837760512e-01	6.080187874428154560e-01	6.080187874428154560e-01	6.080187874428154560e-01	6.080187874428154560e-01	6.080187874428154560e-01	6.080187874428154560e-01	6.040894581956309795e-01	6.080187874428154560e-01	6.110502963178919833e-01	6.080187874428154560e-01	6.080187874428154560e-01	6.080187874428154560e-01	6.080187874428154560e-01	6.080187874428154560e-01	6.080187874428154560e-01	6.080187874428154560e-01	6.080187874428154560e-01	6.080187874428154560e-01	6.080187874428154560e-01	6.080187874428154560e-01	6.080187874428154560e-01	6.080187874428154560e-01	6.080187874428154560e-01	6.080187874428154560e-01	6.080187874428154560e-01	6.080187874428154560e-01	6.080187874428154560e-01	6.080187874428154560e-01	6.080187874428154560e-01	6.080187874428154560e-01	6.080187874428154560e-01	6.080187874428154560e-01	6.080187874428154560e-01	5.999875082344590105e-01	6.080187874428154560e-01	6.080187874428154560e-01	6.080187874428154560e-01	6.080187874428154560e-01	6.080187874428154560e-01	6.080187874428154560e-01	6.080187874428154560e-01	6.080187874428154560e-01	6.080187874428154560e-01	5.705211180195840504e-01	6.080187874428154560e-01	6.080187874428154560e-01	6.080187874428154560e-01	5.585724774169680273e-01	6.080187874428154560e-01	6.080187874428154560e-01	6.080187874428154560e-01	6.080187874428154560e-01	5.826769248522749578e-01	6.080187874428154560e-01	6.080187874428154560e-01	6.080187874428154560e-01	5.714879112694729590e-01	6.080187874428154560e-01	5.789562871248059572e-01	6.080187874428154560e-01	5.961143125353539629e-01	6.080187874428154560e-01	6.393248648129179479e-01	6.080187874428154560e-01	6.080187874428154560e-01	6.080187874428154560e-01	6.080187874428154560e-01	6.646226568075970231e-01	6.080187874428154560e-01	6.080187874428154560e-01	6.080187874428154560e-01	6.080187874428154560e-01	6.080187874428154560e-01	6.480696001944300511e-01	6.080187874428154560e-01	6.724493199019909717e-01
6.080187874428154560e-01	6.080187874428154560e-01	6.080187874428154560e-01	6.080187874428154560e-01	6.080187874428154560e-01	6.080187874428154560e-01	6.465267613337200014e-01	6.080187874428154560e-01	6.080187874428154560e-01	1.000000000000000000e+00	6.080187874428154560e-01	6.080187874428154560e-01	6.080187874428154560e-01	5.438370291212529795e-01	6.396277695532189833e-01	6.080187874428154560e-01	6.080187874428154560e-01	5.418203000555460447e-01	6.080187874428154560e-01	6.608788199370130290e-01	5.660472045133919661e-01	6.080187874428154560e-01	6.080187874428154560e-01	6.080187874428154560e-01	6.080187874428154560e-01	6.080187874428154560e-01	6.080187874428154560e-01	6.953449770007069652e-01	6.080187874428154560e-01	6.080187874428154560e-01	6.080187874428154560e-01	5.787442776827980140e-01	6.080187874428154560e-01	6.080187874428154560e-01	6.080187874428154560e-01	6.080187874428154560e-01	6.255397968146160226e-01	6.449620685932599962e-01	6.080187874428154560e-01	6.080187874428154560e-01	6.080187874428154560e-01	6.080187874428154560e-01	6.080187874428154560e-01	6.080187874428154560e-01	5.427208416235349553e-01	6.080187874428154560e-01	5.736378844818560419e-01	6.080187874428154560e-01	6.284692825224570401e-01	6.080187874428154560e-01	6.080187874428154560e-01	5.695054134287550474e-01	6.080187874428154560e-01	6.080187874428154560e-01	6.080187874428154560e-01	6.080187874428154560e-01	6.080187874428154560e-01	5.860847216177610397e-01	6.080187874428154560e-01	6.080187874428154560e-01	6.080187874428154560e-01	6.080187874428154560e-01	6.080187874428154560e-01	5.898110571062400442e-01	6.080187874428154560e-01	6.080187874428154560e-01	6.080187874428154560e-01	6.080187874428154560e-01	6.080187874428154560e-01	6.080187874428154560e-01	5.701147244354229926e-01	6.080187874428154560e-01	6.080187874428154560e-01	6.080187874428154560e-01	6.080187874428154560e-01	6.080187874428154560e-01	6.865094784311720488e-01	6.080187874428154560e-01	6.080187874428154560e-01	6.080187874428154560e-01	6.456601569793549711e-01	6.019753939527759945e-01	6.080187874428154560e-01	6.080187874428154560e-01	6.080187874428154560e-01	6.080187874428154560e-01	6.080187874428154560e-01	6.080187874428154560e-01	6.080187874428154560e-01	6.080187874428154560e-01	6.080187874428154560e-01	6.080187874428154560e-01	6.080187874428154560e-01	6.080187874428154560e-01	6.080187874428154560e-01	6.080187874428154560e-01	6.080187874428154560e-01	6.080187874428154560e-01	6.080187874428154560e-01	6.080187874428154560e-01	5.742332067293689501e-01	6.080187874428154560e-01	6.080187874428154560e-01	6.080187874428154560e-01	6.080187874428154560e-01	5.569771549112390030e-01	6.080187874428154560e-01	6.080187874428154560e-01	6.080187874428154560e-01	6.080187874428154560e-01	6.342829393535840410e-01	6.080187874428154560e-01	6.080187874428154560e-01	6.080187874428154560e-01	6.245500319976909909e-01	6.080187874428154560e-01	6.481529432030429527e-01	6.682533508084560481e-01	6.080187874428154560e-01	6.080187874428154560e-01	5.593169704754880067e-01	6.080187874428154560e-01	6.080187874428154560e-01	6.080187874428154560e-01
6.080187874428154560e-01	6.080187874428154560e-01	6.080187874428154560e-01	5.627554692219109977e-01	6.080187874428154560e-01	6.380298626453250188e-01	6.080187874428154560e-01	6.376841640077780538e-01	6.080187874428154560e-01	6.080187874428154560e-01	1.000000000000000000e+00	6.080187874428154560e-01	6.080187874428154560e-01	6.080187874428154560e-01	6.080187874428154560e-01	6.080187874428154560e-01	5.862731401000680354e-01	6.080187874428154560e-01	6.080187874428154560e-01	6.691234725101220526e-01	6.080187874428154560e-01	5.971451623874100001e-01	6.080187874428154560e-01	6.080187874428154560e-01	6.367618610038410232e-01	6.080187874428154560e-01	6.080187874428154560e-01	6.327002841918220044e-01	6.080187874428154560e-01	6.080187874428154560e-01	6.080187874428154560e-01	6.080187874428154560e-01	6.080187874428154560e-01	6.451337446298690548e-01	5.636279886906889747e-01	5.801355147924079914e-01	5.981296591406689567e-01	6.080187874428154560e-01	6.055650366532610018e-01	5.650822460070650255e-01	5.932884673314480217e-01	6.090554912264970477e-01	6.397536678411339661e-01	6.301247108942860109e-01	6.080187874428154560e-01	6.080187874428154560e-01	6.080187874428154560e-01	6.080187874428154560e-01	6.433105470902029666e-01	6.157985824561279520e-01	6.080187874428154560e-01	6.080187874428154560e-01	6.080187874428154560e-01	6.080187874428154560e-01	6.080187874428154560e-01	5.911150354563170506e-01	6.080187874428154560e-01	6.080187874428154560e-01	6.080187874428154560e-01	5.812990467750399626e-01	6.080187874428154560e-01	6.080187874428154560e-01	6.080187874428154560e-01	6.080187874428154560e-01	6.080187874428154560e-01	6.080187874428154560e-01	6.080187874428154560e-01	6.080187874428154560e-01	6.080187874428154560e-01	6.080187874428154560e-01	6.080187874428154560e-01	6.080187874428154560e-01	6.080187874428154560e-01	6.080187874428154560e-01	6.080187874428154560e-01	6.301217922086419509e-01	6.551116153537199782e-01	5.608011301248480018e-01	6.080187874428154560e-01	6.080187874428154560e-01	6.080187874428154560e-01	6.080187874428154560e-01	6.080187874428154560e-01	6.080187874428154560e-01	6.080187874428154560e-01	6.080187874428154560e-01	6.080187874428154560e-01	6.080187874428154560e-01	6.080187874428154560e-01	6.080187874428154560e-01	6.080187874428154560e-01	6.080187874428154560e-01	6.080187874428154560e-01	6.080187874428154560e-01	5.517329321923439833e-01	6.080187874428154560e-01	6.104809405116690124e-01	6.066684330129540337e-01	6.080187874428154560e-01	6.080187874428154560e-01	6.080187874428154560e-01	6.080187874428154560e-01	6.080187874428154560e-01	6.080187874428154560e-01	6.023558943595289650e-01	5.931890014476780548e-01	5.962315829053500549e-01	6.080187874428154560e-01	5.706348813237720474e-01	6.080187874428154560e-01	6.080187874428154560e-01	6.080187874428154560e-01	6.080187874428154560e-01	6.080187874428154560e-01	5.986658588240250101e-01	6.080187874428154560e-01	6.133017829025360079e-01	6.080187874428154560e-01	6.730839449238139593e-01	6.080187874428154560e-01	6.080187874428154560e-01	6.559863365264020363e-01	6.294836764756459591e-01	6.512963234029289783e-01
6.080187874428154560e-01	6.080187874428154560e-01	6.080187874428154560e-01	5.558617071157869738e-01	7.191989189554559569e-01	6.080187874428154560e-01	7.083089120821139950e-01	6.080187874428154560e-01	6.533903113159650333e-01	6.080187874428154560e-01	6.080187874428154560e-01	1.000000000000000000e+00	6.080187874428154560e-01	6.080187874428154560e-01	6.101265024158809558e-01	6.080187874428154560e-01	6.080187874428154560e-01	6.080187874428154560e-01	6.080187874428154560e-01	6.080187874428154560e-01	6.080187874428154560e-01	6.080187874428154560e-01	6.080187874428154560e-01	5.778273570725209751e-01	6.080187874428154560e-01	6.080187874428154560e-01	5.387100646757749800e-01	6.247159789146740083e-01	6.080187874428154560e-01	6.080187874428154560e-01	6.080187874428154560e-01	6.080187874428154560e-01	6.080187874428154560e-01	6.080187874428154560e-01	6.080187874428154560e-01	6.080187874428154560e-01	5.796731948686559832e-01	6.080187874428154560e-01	5.755045893539699753e-01	6.080187874428154560e-01	6.080187874428154560e-01	6.080187874428154560e-01	6.080187874428154560e-01	6.394043998608469614e-01	6.080187874428154560e-01	6.028953515794109874e-01	6.080187874428154560e-01	6.343497458526280441e-01	6.036112403936509940e-01	6.080187874428154560e-01	6.080187874428154560e-01	6.080187874428154560e-01	6.080187874428154560e-01	6.080187874428154560e-01	6.080187874428154560e-01	6.080187874428154560e-01	6.417782024800759988e-01	6.080187874428154560e-01	6.080187874428154560e-01	6.080187874428154560e-01	6.080187874428154560e-01	5.790028647485729874e-01	6.870513425048679901e-01	6.205089207135809914e-01	6.080187874428154560e-01	6.080187874428154560e-01	5.560371793960839915e-01	6.247468146223269514e-01	5.912724042208450381e-01	6.080187874428154560e-01	6.080187874428154560e-01	6.080187874428154560e-01	6.080187874428154560e-01	6.080187874428154560e-01	6.080187874428154560e-01	6.080187874428154560e-01	6.080187874428154560e-01	6.080187874428154560e-01	6.356583591800050170e-01	6.080187874428154560e-01	7.233017763561969682e-01	6.080187874428154560e-01	6.080187874428154560e-01	6.080187874428154560e-01	5.692600911096780125e-01	6.080187874428154560e-01	6.080187874428154560e-01	6.080187874428154560e-01	6.080187874428154560e-01	6.093462811379020128e-01	6.735521203339179808e-01	6.219470462871230509e-01	6.080187874428154560e-01	6.080187874428154560e-01	6.172326893476890453e-01	6.080187874428154560e-01	6.507347823232969564e-01	6.080187874428154560e-01	6.080187874428154560e-01	6.080187874428154560e-01	6.080187874428154560e-01	6.363156957077600318e-01	6.199921059215679486e-01	5.262865800583289566e-01	6.080187874428154560e-01	6.080187874428154560e-01	6.080187874428154560e-01	6.080187874428154560e-01	5.455368054545589596e-01	5.397837795966610175e-01	5.733632790309769467e-01	6.080187874428154560e-01	6.053785949650739573e-01	6.080187874428154560e-01	6.080187874428154560e-01	6.080187874428154560e-01	6.080187874428154560e-01	6.647774978254600287e-01	6.080187874428154560e-01	6.377347091661119682e-01	6.891221223961609965e-01	6.080187874428154560e-01	6.663569507185259644e-01	6.970348733679849751e-01
