1.000000000000000000e+00	8.613367741172650582e-01	9.086581904565630419e-01	9.102467415460819833e-01	8.613367741172650582e-01	9.072868579518590382e-01	8.613367741172650582e-01	8.613367741172650582e-01	8.146500662925370007e-01	8.269026033841510026e-01	8.613367741172650582e-01	8.613367741172650582e-01	8.613367741172650582e-01	8.613367741172650582e-01	8.613367741172650582e-01	8.613367741172650582e-01	8.613367741172650582e-01	8.613367741172650582e-01	8.613367741172650582e-01	8.903498549922840288e-01	8.613367741172650582e-01	9.274578683428359449e-01	8.927158971997709580e-01	9.307052826896150544e-01	8.613367741172650582e-01	8.853704432507349953e-01	8.613367741172650582e-01	8.613367741172650582e-01	8.613367741172650582e-01	8.613367741172650582e-01	8.613367741172650582e-01	8.613367741172650582e-01	8.613367741172650582e-01	8.613367741172650582e-01	8.613367741172650582e-01	8.891056139253620261e-01	8.613367741172650582e-01	8.613367741172650582e-01	8.613367741172650582e-01	9.086018484577419452e-01	8.613367741172650582e-01	8.842758871411909860e-01	8.955878611535580403e-01	8.613367741172650582e-01	8.613367741172650582e-01	8.613367741172650582e-01	8.378761791253469537e-01	8.613367741172650582e-01	9.010187786432349855e-01	8.613367741172650582e-01	8.613367741172650582e-01	8.613367741172650582e-01	9.153105941387029709e-01	8.613367741172650582e-01	8.613367741172650582e-01	8.613367741172650582e-01	8.613367741172650582e-01	8.613367741172650582e-01	8.613367741172650582e-01	8.613367741172650582e-01	8.613367741172650582e-01	8.132089336022449988e-01	8.613367741172650582e-01	8.613367741172650582e-01	8.613367741172650582e-01	8.613367741172650582e-01	8.613367741172650582e-01	8.613367741172650582e-01	8.613367741172650582e-01	6.305204333546370332e-01	8.613367741172650582e-01	7.306313510032460545e-01	9.278336632297029540e-01	8.613367741172650582e-01	8.613367741172650582e-01	8.613367741172650582e-01	8.982476772377320229e-01	8.613367741172650582e-01	8.613367741172650582e-01	9.098420757844229989e-01	8.613367741172650582e-01	8.613367741172650582e-01	8.613367741172650582e-01	6.747548113590849939e-01	8.964070584662110486e-01	8.613367741172650582e-01	8.613367741172650582e-01	8.613367741172650582e-01	8.613367741172650582e-01	4.070383212234159886e-01	9.079981463894239990e-01	8.613367741172650582e-01	9.001323599740429504e-01	8.613367741172650582e-01	8.613367741172650582e-01	8.613367741172650582e-01	8.613367741172650582e-01	8.613367741172650582e-01	8.613367741172650582e-01	8.613367741172650582e-01	8.613367741172650582e-01	8.613367741172650582e-01	8.613367741172650582e-01	8.622473551949759729e-01	8.613367741172650582e-01	8.613367741172650582e-01	8.613367741172650582e-01	9.010178721834890547e-01	9.365268736480839573e-01	8.613367741172650582e-01	8.886097868996100102e-01	8.689215415151430033e-01	8.613367741172650582e-01	8.613367741172650582e-01	8.613367741172650582e-01	8.613367741172650582e-01	8.613367741172650582e-01	8.613367741172650582e-01	8.613367741172650582e-01	9.066135897158700274e-01	9.183901527043389912e-01	8.613367741172650582e-01	8.613367741172650582e-01	8.613367741172650582e-01
8.613367741172650582e-01	1.000000000000000000e+00	8.613367741172650582e-01	8.613367741172650582e-01	8.613367741172650582e-01	8.613367741172650582e-01	8.613367741172650582e-01	8.558665520012930239e-01	8.613367741172650582e-01	8.240280054538300369e-01	8.613367741172650582e-01	8.613367741172650582e-01	8.613367741172650582e-01	8.891602733017029969e-01	8.613367741172650582e-01	8.613367741172650582e-01	8.613367741172650582e-01	8.613367741172650582e-01	9.264593736359689746e-01	8.613367741172650582e-01	8.613367741172650582e-01	8.613367741172650582e-01	8.890338095406730146e-01	9.273524350044769493e-01	8.708599235028140484e-01	8.613367741172650582e-01	6.092436739098869847e-01	7.660630866511619619e-01	8.613367741172650582e-01	8.613367741172650582e-01	8.851266791848499960e-01	8.613367741172650582e-01	8.613367741172650582e-01	8.613367741172650582e-01	8.613367741172650582e-01	8.861116839392270128e-01	8.613367741172650582e-01	9.127946198382970167e-01	8.613367741172650582e-01	9.049800367512930155e-01	9.218650350107560065e-01	8.613367741172650582e-01	8.613367741172650582e-01	8.613367741172650582e-01	8.613367741172650582e-01	8.613367741172650582e-01	8.613367741172650582e-01	8.613367741172650582e-01	8.969185181613950064e-01	8.613367741172650582e-01	8.821692242902250403e-01	8.931185695911999511e-01	8.613367741172650582e-01	8.613367741172650582e-01	6.849734784659089470e-01	8.613367741172650582e-01	8.956029281023609734e-01	8.613367741172650582e-01	9.261021364289150348e-01	8.613367741172650582e-01	8.613367741172650582e-01	8.613367741172650582e-01	8.925988085173750530e-01	8.613367741172650582e-01	8.219204883754419599e-01	8.613367741172650582e-01	8.613367741172650582e-01	8.613367741172650582e-01	8.613367741172650582e-01	8.613367741172650582e-01	8.613367741172650582e-01	8.613367741172650582e-01	8.613367741172650582e-01	8.613367741172650582e-01	8.613367741172650582e-01	8.613367741172650582e-01	8.613367741172650582e-01	8.613367741172650582e-01	8.613367741172650582e-01	9.068831996145310104e-01	8.613367741172650582e-01	8.613367741172650582e-01	8.613367741172650582e-01	8.613367741172650582e-01	8.613367741172650582e-01	6.809552890619280374e-01	8.613367741172650582e-01	8.981271742382329615e-01	8.613367741172650582e-01	4.096584820167950003e-01	8.613367741172650582e-01	8.613367741172650582e-01	8.613367741172650582e-01	8.613367741172650582e-01	8.613367741172650582e-01	8.934421467033389908e-01	8.613367741172650582e-01	8.613367741172650582e-01	8.613367741172650582e-01	8.613367741172650582e-01	8.613367741172650582e-01	8.613367741172650582e-01	8.613367741172650582e-01	8.613367741172650582e-01	8.613367741172650582e-01	8.613367741172650582e-01	8.613367741172650582e-01	8.980901903172210377e-01	8.613367741172650582e-01	8.986506899013230187e-01	8.613367741172650582e-01	8.613367741172650582e-01	8.906391899821950453e-01	9.279907334335230074e-01	8.613367741172650582e-01	9.201754278126109687e-01	9.209645128360010036e-01	8.613367741172650582e-01	8.613367741172650582e-01	8.613367741172650582e-01	8.613367741172650582e-01	8.613367741172650582e-01	8.894839116370399923e-01	8.613367741172650582e-01
9.086581904565630419e-01	8.613367741172650582e-01	1.000000000000000000e+00	8.922080318773439878e-01	8.613367741172650582e-01	8.613367741172650582e-01	8.613367741172650582e-01	8.613367741172650582e-01	8.613367741172650582e-01	8.613367741172650582e-01	8.613367741172650582e-01	8.613367741172650582e-01	8.613367741172650582e-01	8.613367741172650582e-01	8.613367741172650582e-01	8.613367741172650582e-01	9.087341507653400319e-01	8.613367741172650582e-01	8.613367741172650582e-01	8.613367741172650582e-01	8.613367741172650582e-01	9.098583132297080045e-01	8.613367741172650582e-01	8.613367741172650582e-01	8.613367741172650582e-01	8.654774161210510020e-01	5.999883087037449769e-01	7.558553455245919928e-01	8.902893435221189700e-01	8.613367741172650582e-01	8.709203140541730281e-01	8.613367741172650582e-01	9.159186152504159573e-01	8.613367741172650582e-01	8.613367741172650582e-01	8.613367741172650582e-01	8.828605738364340150e-01	8.613367741172650582e-01	8.613367741172650582e-01	8.613367741172650582e-01	9.063727143110730244e-01	8.666623856589109609e-01	8.613367741172650582e-01	8.613367741172650582e-01	8.190758945702030225e-01	8.980202764891539458e-01	8.613367741172650582e-01	8.613367741172650582e-01	8.822205335152250028e-01	8.613367741172650582e-01	8.613367741172650582e-01	8.613367741172650582e-01	8.613367741172650582e-01	8.613367741172650582e-01	6.740943018772439510e-01	8.613367741172650582e-01	8.613367741172650582e-01	9.057506081559230093e-01	8.613367741172650582e-01	8.613367741172650582e-01	8.891766994528399470e-01	8.613367741172650582e-01	8.613367741172650582e-01	8.613367741172650582e-01	8.613367741172650582e-01	8.613367741172650582e-01	8.897728105426579992e-01	8.613367741172650582e-01	8.613367741172650582e-01	8.613367741172650582e-01	8.613367741172650582e-01	8.613367741172650582e-01	9.078475490529099856e-01	8.613367741172650582e-01	8.613367741172650582e-01	8.836777452753109552e-01	8.613367741172650582e-01	8.613367741172650582e-01	8.613367741172650582e-01	8.923600473815660461e-01	8.470465667640399987e-01	8.613367741172650582e-01	7.989798606234750356e-01	8.613367741172650582e-01	8.613367741172650582e-01	6.719301396795249737e-01	8.613367741172650582e-01	8.613367741172650582e-01	8.613367741172650582e-01	8.613367741172650582e-01	8.613367741172650582e-01	8.613367741172650582e-01	8.613367741172650582e-01	8.741896910695500234e-01	8.613367741172650582e-01	8.613367741172650582e-01	8.613367741172650582e-01	8.613367741172650582e-01	2.296995231527370063e-01	8.969307139944330265e-01	8.613367741172650582e-01	8.613367741172650582e-01	8.613367741172650582e-01	8.474046753236920138e-01	8.985785946908609878e-01	8.613367741172650582e-01	8.613367741172650582e-01	8.613367741172650582e-01	8.613367741172650582e-01	8.613367741172650582e-01	8.613367741172650582e-01	8.613367741172650582e-01	8.743734239153749810e-01	8.613367741172650582e-01	8.613367741172650582e-01	8.613367741172650582e-01	8.613367741172650582e-01	8.613367741172650582e-01	8.613367741172650582e-01	8.613367741172650582e-01	8.613367741172650582e-01	8.613367741172650582e-01	8.739147418938030265e-01	8.692364608766459666e-01
9.102467415460819833e-01	8.613367741172650582e-01	8.922080318773439878e-01	1.000000000000000000e+00	8.613367741172650582e-01	8.907195183720519882e-01	8.613367741172650582e-01	8.613367741172650582e-01	8.613367741172650582e-01	8.102205779823640208e-01	8.613367741172650582e-01	8.613367741172650582e-01	9.032199891562520122e-01	8.613367741172650582e-01	8.613367741172650582e-01	8.613367741172650582e-01	8.613367741172650582e-01	8.905853376878729577e-01	8.613367741172650582e-01	8.613367741172650582e-01	8.613367741172650582e-01	8.613367741172650582e-01	8.757296077897860354e-01	8.613367741172650582e-01	8.593319764395940252e-01	8.613367741172650582e-01	6.029878705105850001e-01	8.613367741172650582e-01	8.613367741172650582e-01	8.641687776759809925e-01	8.613367741172650582e-01	8.613367741172650582e-01	8.613367741172650582e-01	7.810222941533859764e-01	9.118298350214719683e-01	8.613367741172650582e-01	8.613367741172650582e-01	8.613367741172650582e-01	8.613367741172650582e-01	8.613367741172650582e-01	8.613367741172650582e-01	8.692244576840200132e-01	8.613367741172650582e-01	6.719555533949109760e-01	8.613367741172650582e-01	8.613367741172650582e-01	8.613367741172650582e-01	8.613367741172650582e-01	8.613367741172650582e-01	8.613367741172650582e-01	8.613367741172650582e-01	8.792188103964769796e-01	8.613367741172650582e-01	9.022159583721209852e-01	8.613367741172650582e-01	8.613367741172650582e-01	8.815951065385749796e-01	8.613367741172650582e-01	8.613367741172650582e-01	8.613367741172650582e-01	8.613367741172650582e-01	8.613367741172650582e-01	8.613367741172650582e-01	8.401528689244199821e-01	8.613367741172650582e-01	8.613367741172650582e-01	8.910638339738610192e-01	8.613367741172650582e-01	8.613367741172650582e-01	6.203293855035959536e-01	8.613367741172650582e-01	8.613367741172650582e-01	9.092640474213330437e-01	9.027743189038049954e-01	8.613367741172650582e-01	8.853662229625539615e-01	8.801630193997459495e-01	8.613367741172650582e-01	8.613367741172650582e-01	8.927075356495199898e-01	8.613367741172650582e-01	8.613367741172650582e-01	8.613367741172650582e-01	8.613367741172650582e-01	8.613367741172650582e-01	8.613367741172650582e-01	8.912779333459219799e-01	8.613367741172650582e-01	8.613367741172650582e-01	8.613367741172650582e-01	8.613367741172650582e-01	8.613367741172650582e-01	8.613367741172650582e-01	8.613367741172650582e-01	7.572787618399889897e-01	8.813209485463150417e-01	8.613367741172650582e-01	8.803714824610490153e-01	8.613367741172650582e-01	8.613367741172650582e-01	7.798096006359229726e-01	8.613367741172650582e-01	8.718783622243549969e-01	8.463983481134069731e-01	8.996624520684319837e-01	8.613367741172650582e-01	8.613367741172650582e-01	8.854209727136700403e-01	8.613367741172650582e-01	8.613367741172650582e-01	8.613367741172650582e-01	8.613367741172650582e-01	8.775479457301359476e-01	8.613367741172650582e-01	8.613367741172650582e-01	9.048060750958779597e-01	8.613367741172650582e-01	8.613367741172650582e-01	8.613367741172650582e-01	8.613367741172650582e-01	9.004419253271199741e-01	8.613367741172650582e-01	8.750741862359709966e-01	8.613367741172650582e-01
8.613367741172650582e-01	8.613367741172650582e-01	8.613367741172650582e-01	8.613367741172650582e-01	9.999999999999970024e-01	8.613367741172650582e-01	8.613367741172650582e-01	8.613367741172650582e-01	8.613367741172650582e-01	7.083487094393550176e-01	8.613367741172650582e-01	8.613367741172650582e-01	8.613367741172650582e-01	7.601146694906999457e-01	7.346760186495979728e-01	7.927499375306690244e-01	8.613367741172650582e-01	7.697945668145039777e-01	8.613367741172650582e-01	7.531039758079389745e-01	8.613367741172650582e-01	8.613367741172650582e-01	7.575204442370450097e-01	8.613367741172650582e-01	8.613367741172650582e-01	8.613367741172650582e-01	8.613367741172650582e-01	6.672364113696860333e-01	7.703160279416010336e-01	7.473072720980260542e-01	8.613367741172650582e-01	8.613367741172650582e-01	8.613367741172650582e-01	8.613367741172650582e-01	8.613367741172650582e-01	8.613367741172650582e-01	7.642136146001480279e-01	8.613367741172650582e-01	8.613367741172650582e-01	8.613367741172650582e-01	8.613367741172650582e-01	8.613367741172650582e-01	8.613367741172650582e-01	8.613367741172650582e-01	7.129517359978080338e-01	8.613367741172650582e-01	7.154223824427710099e-01	8.613367741172650582e-01	8.613367741172650582e-01	8.613367741172650582e-01	7.505159306656099538e-01	8.613367741172650582e-01	8.613367741172650582e-01	8.613367741172650582e-01	8.613367741172650582e-01	7.775223066602420241e-01	7.630335475793369460e-01	8.613367741172650582e-01	7.841328790831589846e-01	8.613367741172650582e-01	8.613367741172650582e-01	8.613367741172650582e-01	8.613367741172650582e-01	8.613367741172650582e-01	8.613367741172650582e-01	8.613367741172650582e-01	8.613367741172650582e-01	8.613367741172650582e-01	8.613367741172650582e-01	8.613367741172650582e-01	7.830460365099659592e-01	8.613367741172650582e-01	7.828914932372309510e-01	8.613367741172650582e-01	7.571043068291349876e-01	7.648664648186439541e-01	7.570794528560089720e-01	8.613367741172650582e-01	8.613367741172650582e-01	8.613367741172650582e-01	8.613367741172650582e-01	8.613367741172650582e-01	8.613367741172650582e-01	8.613367741172650582e-01	8.613367741172650582e-01	8.613367741172650582e-01	7.678241292827929776e-01	8.613367741172650582e-01	1.000000000000000021e-03	8.613367741172650582e-01	8.613367741172650582e-01	8.613367741172650582e-01	8.613367741172650582e-01	8.613367741172650582e-01	8.613367741172650582e-01	7.591657608069489749e-01	8.613367741172650582e-01	7.634044161947249885e-01	2.188024065499959980e-01	8.613367741172650582e-01	6.762385804102669651e-01	8.613367741172650582e-01	8.613367741172650582e-01	8.613367741172650582e-01	8.613367741172650582e-01	8.613367741172650582e-01	7.745869433963760153e-01	8.613367741172650582e-01	8.613367741172650582e-01	8.613367741172650582e-01	8.613367741172650582e-01	8.613367741172650582e-01	8.613367741172650582e-01	8.613367741172650582e-01	7.830784355454379897e-01	7.808206430753049654e-01	8.613367741172650582e-01	7.808239797139460148e-01	8.613367741172650582e-01	8.613367741172650582e-01	8.613367741172650582e-01	7.806537471235389658e-01	8.613367741172650582e-01	8.613367741172650582e-01
9.072868579518590382e-01	8.613367741172650582e-01	8.613367741172650582e-01	8.907195183720519882e-01	8.613367741172650582e-01	1.000000000000000000e+00	8.613367741172650582e-01	8.613367741172650582e-01	8.613367741172650582e-01	8.613367741172650582e-01	8.613367741172650582e-01	8.613367741172650582e-01	8.613367741172650582e-01	8.613367741172650582e-01	8.613367741172650582e-01	8.613367741172650582e-01	8.613367741172650582e-01	8.613367741172650582e-01	8.613367741172650582e-01	8.613367741172650582e-01	8.701048481403730328e-01	8.613367741172650582e-01	8.613367741172650582e-01	8.613367741172650582e-01	8.613367741172650582e-01	8.613367741172650582e-01	8.613367741172650582e-01	8.613367741172650582e-01	8.613367741172650582e-01	8.613367741172650582e-01	8.613367741172650582e-01	8.613367741172650582e-01	8.613367741172650582e-01	8.613367741172650582e-01	8.613367741172650582e-01	8.613367741172650582e-01	8.613367741172650582e-01	8.954519532369550339e-01	8.613367741172650582e-01	8.902229972995250318e-01	8.613367741172650582e-01	8.613367741172650582e-01	8.613367741172650582e-01	8.613367741172650582e-01	8.160545140908910255e-01	8.960626572388320499e-01	8.613367741172650582e-01	8.613367741172650582e-01	8.613367741172650582e-01	8.815258163675919745e-01	8.613367741172650582e-01	8.613367741172650582e-01	8.613367741172650582e-01	9.001781992933790555e-01	6.726086855720510016e-01	8.613367741172650582e-01	8.613367741172650582e-01	8.613367741172650582e-01	8.613367741172650582e-01	8.613367741172650582e-01	8.613367741172650582e-01	8.613367741172650582e-01	8.613367741172650582e-01	8.613367741172650582e-01	8.613367741172650582e-01	5.194390684323280105e-01	8.613367741172650582e-01	8.613367741172650582e-01	8.613367741172650582e-01	8.613367741172650582e-01	8.613367741172650582e-01	8.613367741172650582e-01	8.613367741172650582e-01	8.613367741172650582e-01	8.613367741172650582e-01	8.613367741172650582e-01	8.613367741172650582e-01	8.930366040836129615e-01	8.613367741172650582e-01	8.613367741172650582e-01	8.613367741172650582e-01	8.613367741172650582e-01	8.613367741172650582e-01	8.613367741172650582e-01	8.613367741172650582e-01	6.749346017597369629e-01	8.613367741172650582e-01	8.613367741172650582e-01	1.000000000000000021e-03	4.041607294259310090e-01	8.613367741172650582e-01	8.613367741172650582e-01	8.613367741172650582e-01	8.743159237710419474e-01	7.549577486636169787e-01	8.764609018636639881e-01	8.765529139827420435e-01	8.613367741172650582e-01	8.613367741172650582e-01	8.939762638453390142e-01	8.613367741172650582e-01	8.613367741172650582e-01	8.613367741172650582e-01	8.436198040954530075e-01	8.613367741172650582e-01	8.943793790344890526e-01	8.613367741172650582e-01	8.613367741172650582e-01	8.613367741172650582e-01	8.613367741172650582e-01	8.613367741172650582e-01	8.613367741172650582e-01	8.613367741172650582e-01	9.107874684073039573e-01	8.613367741172650582e-01	8.613367741172650582e-01	9.036718082282709785e-01	8.613367741172650582e-01	8.613367741172650582e-01	8.613367741172650582e-01	8.613367741172650582e-01	8.613367741172650582e-01	8.724846602309459520e-01	8.678988785084490454e-01
8.613367741172650582e-01	8.613367741172650582e-01	8.613367741172650582e-01	8.613367741172650582e-01	8.613367741172650582e-01	8.613367741172650582e-01	1.000000000000000000e+00	8.613367741172650582e-01	8.613367741172650582e-01	7.852560882053899460e-01	8.613367741172650582e-01	8.638303811337380012e-01	8.613367741172650582e-01	8.613367741172650582e-01	8.185188443307940265e-01	8.613367741172650582e-01	8.613367741172650582e-01	8.613367741172650582e-01	8.613367741172650582e-01	8.613367741172650582e-01	8.613367741172650582e-01	8.613367741172650582e-01	8.613367741172650582e-01	8.613367741172650582e-01	8.613367741172650582e-01	8.425731287657840518e-01	8.613367741172650582e-01	7.362681371620209969e-01	8.613367741172650582e-01	8.613367741172650582e-01	8.433664213414460153e-01	8.613367741172650582e-01	8.613367741172650582e-01	8.613367741172650582e-01	8.804833486938099529e-01	8.465199959745329794e-01	8.613367741172650582e-01	8.613367741172650582e-01	5.131455850286430476e-01	8.613367741172650582e-01	8.613367741172650582e-01	8.613367741172650582e-01	8.499245749399729766e-01	6.495613850615290508e-01	8.613367741172650582e-01	8.613367741172650582e-01	8.613367741172650582e-01	8.450858355107340181e-01	8.613367741172650582e-01	8.565767405428680314e-01	8.415057431598810256e-01	8.613367741172650582e-01	8.613367741172650582e-01	8.613367741172650582e-01	8.613367741172650582e-01	8.719224363017969992e-01	8.613367741172650582e-01	8.613367741172650582e-01	8.808480196694700171e-01	8.484903554362349665e-01	8.613367741172650582e-01	8.613367741172650582e-01	8.613367741172650582e-01	8.613367741172650582e-01	8.613367741172650582e-01	8.613367741172650582e-01	8.613367741172650582e-01	8.613367741172650582e-01	8.613367741172650582e-01	8.613367741172650582e-01	8.613367741172650582e-01	6.976538905597440277e-01	8.613367741172650582e-01	8.733513627802920176e-01	8.613367741172650582e-01	8.570370892696479448e-01	8.613367741172650582e-01	8.613367741172650582e-01	8.463049914220369674e-01	8.636018181822150419e-01	8.613367741172650582e-01	8.613367741172650582e-01	8.613367741172650582e-01	6.472682582543100027e-01	8.511578368290459995e-01	6.517754730870409796e-01	8.605859667601759577e-01	8.558417260005569682e-01	8.613367741172650582e-01	8.613367741172650582e-01	8.613367741172650582e-01	8.613367741172650582e-01	8.557958957904919783e-01	8.471069924664620387e-01	7.338238432625749930e-01	8.613367741172650582e-01	8.533433537184169637e-01	8.613367741172650582e-01	8.613367741172650582e-01	8.707643531407139870e-01	8.613367741172650582e-01	8.613367741172650582e-01	8.613367741172650582e-01	8.613367741172650582e-01	8.613367741172650582e-01	8.675787712363770554e-01	8.613367741172650582e-01	8.613367741172650582e-01	8.613367741172650582e-01	8.613367741172650582e-01	8.437163768635369543e-01	8.613367741172650582e-01	8.510766068562030107e-01	8.613367741172650582e-01	8.613367741172650582e-01	8.613367741172650582e-01	8.613367741172650582e-01	8.613367741172650582e-01	8.781633796129749703e-01	8.613367741172650582e-01	8.613367741172650582e-01	8.613367741172650582e-01	8.613367741172650582e-01	8.431617005559790545e-01
8.613367741172650582e-01	8.558665520012930239e-01	8.613367741172650582e-01	8.613367741172650582e-01	8.613367741172650582e-01	8.613367741172650582e-01	8.613367741172650582e-01	1.000000000000000000e+00	8.613367741172650582e-01	7.695866097052810328e-01	8.402818538536469539e-01	8.427659310522650493e-01	8.613367741172650582e-01	8.613367741172650582e-01	8.029243203967729725e-01	8.681262196780910045e-01	8.613367741172650582e-01	8.613367741172650582e-01	8.590848288043210212e-01	8.613367741172650582e-01	8.613367741172650582e-01	8.613367741172650582e-01	8.613367741172650582e-01	8.612096151790280540e-01	8.613367741172650582e-01	8.192722682923869737e-01	8.613367741172650582e-01	7.191156895620990364e-01	8.391962011226480334e-01	8.142640059061929669e-01	8.613367741172650582e-01	8.613367741172650582e-01	8.638065155410149520e-01	8.613367741172650582e-01	8.613367741172650582e-01	8.613367741172650582e-01	8.613367741172650582e-01	8.613367741172650582e-01	8.613367741172650582e-01	8.613367741172650582e-01	8.613367741172650582e-01	8.194038023259629933e-01	8.613367741172650582e-01	8.613367741172650582e-01	8.613367741172650582e-01	8.613367741172650582e-01	8.613367741172650582e-01	8.613367741172650582e-01	8.613367741172650582e-01	8.613367741172650582e-01	8.208880669759840432e-01	8.613367741172650582e-01	8.613367741172650582e-01	8.613367741172650582e-01	6.410395390958260053e-01	8.613367741172650582e-01	8.613367741172650582e-01	8.613367741172650582e-01	8.613367741172650582e-01	8.262133984518830188e-01	8.613367741172650582e-01	8.613367741172650582e-01	8.613367741172650582e-01	8.613367741172650582e-01	8.613367741172650582e-01	8.613367741172650582e-01	8.411441032319939559e-01	8.613367741172650582e-01	8.613367741172650582e-01	8.613367741172650582e-01	8.613367741172650582e-01	8.613367741172650582e-01	8.613367741172650582e-01	8.613367741172650582e-01	8.259037045346260264e-01	8.613367741172650582e-01	8.613367741172650582e-01	8.440694590037050027e-01	8.236674781080299823e-01	8.613367741172650582e-01	8.011927158854910136e-01	6.472963543242979956e-01	8.613367741172650582e-01	6.345609002528099785e-01	8.613367741172650582e-01	6.377487693322869688e-01	8.406714989761610024e-01	8.613367741172650582e-01	8.613367741172650582e-01	3.953992334944250175e-01	8.613367741172650582e-01	8.613367741172650582e-01	8.321851192631160021e-01	8.613367741172650582e-01	8.613367741172650582e-01	8.307373520227300245e-01	8.613367741172650582e-01	8.316604319251229560e-01	8.613367741172650582e-01	8.486479194767020395e-01	8.613367741172650582e-01	8.613367741172650582e-01	8.613367741172650582e-01	8.613367741172650582e-01	8.613367741172650582e-01	8.613367741172650582e-01	8.613367741172650582e-01	8.613367741172650582e-01	8.613367741172650582e-01	8.356423267839879765e-01	8.613367741172650582e-01	8.613367741172650582e-01	8.613367741172650582e-01	8.602060147113970157e-01	8.613367741172650582e-01	8.613367741172650582e-01	8.547123783155939902e-01	8.613367741172650582e-01	8.613367741172650582e-01	8.389447976878739999e-01	8.613367741172650582e-01	8.613367741172650582e-01	8.613367741172650582e-01	8.613367741172650582e-01
8.146500662925370007e-01	8.613367741172650582e-01	8.613367741172650582e-01	8.613367741172650582e-01	8.613367741172650582e-01	8.613367741172650582e-01	8.613367741172650582e-01	8.613367741172650582e-01	9.999999999999990008e-01	8.613367741172650582e-01	8.613367741172650582e-01	8.613367741172650582e-01	8.090861537090480171e-01	8.613367741172650582e-01	7.609135030549040168e-01	8.613367741172650582e-01	8.613367741172650582e-01	8.613367741172650582e-01	8.158886531933490227e-01	7.860436917968699477e-01	8.613367741172650582e-01	8.149813051315369927e-01	7.855245356255520228e-01	8.613367741172650582e-01	7.716738415314210453e-01	8.613367741172650582e-01	8.613367741172650582e-01	8.613367741172650582e-01	8.003274454910610514e-01	7.761297026165639990e-01	8.613367741172650582e-01	8.613367741172650582e-01	8.211865838850830324e-01	8.613367741172650582e-01	8.613367741172650582e-01	7.833330106076870081e-01	8.613367741172650582e-01	8.613367741172650582e-01	4.819413526220769906e-01	8.613367741172650582e-01	8.613367741172650582e-01	8.613367741172650582e-01	7.879059511258159620e-01	8.613367741172650582e-01	7.403235958342659906e-01	8.613367741172650582e-01	8.613367741172650582e-01	7.829881144607230281e-01	7.943383382059580056e-01	8.613367741172650582e-01	7.798711309409189774e-01	8.613367741172650582e-01	8.613367741172650582e-01	8.085721825114220440e-01	8.613367741172650582e-01	8.613367741172650582e-01	7.890662430682560124e-01	8.114195796890150136e-01	8.150156131502129808e-01	7.881205710227340289e-01	7.936835254506729997e-01	7.219553154209570334e-01	7.878982833973819933e-01	8.613367741172650582e-01	8.613367741172650582e-01	8.613367741172650582e-01	7.971792601251319610e-01	4.146844935039000202e-01	8.613367741172650582e-01	5.668460356964060143e-01	8.118802914272249538e-01	8.613367741172650582e-01	8.613367741172650582e-01	8.062390465491450220e-01	8.613367741172650582e-01	8.613367741172650582e-01	8.613367741172650582e-01	8.613367741172650582e-01	8.613367741172650582e-01	7.988213124566440060e-01	7.624482968510409853e-01	6.202822365499289781e-01	8.613367741172650582e-01	6.055315999296000395e-01	8.613367741172650582e-01	8.613367741172650582e-01	7.974629687484430240e-01	8.613367741172650582e-01	1.000000000000000021e-03	8.613367741172650582e-01	8.613367741172650582e-01	8.613367741172650582e-01	8.613367741172650582e-01	8.613367741172650582e-01	8.613367741172650582e-01	8.613367741172650582e-01	8.613367741172650582e-01	8.613367741172650582e-01	8.613367741172650582e-01	8.056779950496090192e-01	7.012606149528469723e-01	7.855556605372969736e-01	8.613367741172650582e-01	7.622247378585119693e-01	8.613367741172650582e-01	8.613367741172650582e-01	8.613367741172650582e-01	8.613367741172650582e-01	8.613367741172650582e-01	7.945808214805939462e-01	8.613367741172650582e-01	7.680343415709689481e-01	8.613367741172650582e-01	8.613367741172650582e-01	8.116233167788450276e-01	8.113047383197089513e-01	8.613367741172650582e-01	8.613367741172650582e-01	8.613367741172650582e-01	7.962772541624030254e-01	8.052655270610300509e-01	8.613367741172650582e-01	8.613367741172650582e-01	8.613367741172650582e-01
8.269026033841510026e-01	8.240280054538300369e-01	8.613367741172650582e-01	8.102205779823640208e-01	7.083487094393550176e-01	8.613367741172650582e-01	7.852560882053899460e-01	7.695866097052810328e-01	8.613367741172650582e-01	9.999999999999990008e-01	8.613367741172650582e-01	8.613367741172650582e-01	8.613367741172650582e-01	7.978993939768720400e-01	7.743223767500909682e-01	8.613367741172650582e-01	8.272536575200990505e-01	8.613367741172650582e-01	8.613367741172650582e-01	7.931616632741039785e-01	8.613367741172650582e-01	8.255735729257369648e-01	8.613367741172650582e-01	8.613367741172650582e-01	8.613367741172650582e-01	8.613367741172650582e-01	8.613367741172650582e-01	6.975364479638199722e-01	8.613367741172650582e-01	7.870410753557589567e-01	8.613367741172650582e-01	8.613367741172650582e-01	8.613367741172650582e-01	8.613367741172650582e-01	8.243435332422710538e-01	7.948250385537309892e-01	8.613367741172650582e-01	8.613367741172650582e-01	8.613367741172650582e-01	8.117882175055980420e-01	8.613367741172650582e-01	8.613367741172650582e-01	7.997400124844089575e-01	6.158638596127350429e-01	8.613367741172650582e-01	8.613367741172650582e-01	8.613367741172650582e-01	8.613367741172650582e-01	8.613367741172650582e-01	8.613367741172650582e-01	8.613367741172650582e-01	8.003768388480639873e-01	8.155966063746560302e-01	8.613367741172650582e-01	8.613367741172650582e-01	8.613367741172650582e-01	8.613367741172650582e-01	8.233310492756710230e-01	8.613367741172650582e-01	7.967298076014639463e-01	8.613367741172650582e-01	8.613367741172650582e-01	7.993202526491519633e-01	8.613367741172650582e-01	7.379268380999439714e-01	4.841758897341960077e-01	8.613367741172650582e-01	8.613367741172650582e-01	8.613367741172650582e-01	8.613367741172650582e-01	8.613367741172650582e-01	8.613367741172650582e-01	8.613367741172650582e-01	8.613367741172650582e-01	8.613367741172650582e-01	8.080814424739199975e-01	8.613367741172650582e-01	8.149935876857260508e-01	8.613367741172650582e-01	8.613367741172650582e-01	8.613367741172650582e-01	8.613367741172650582e-01	7.303403214879099492e-01	8.613367741172650582e-01	8.613367741172650582e-01	8.613367741172650582e-01	8.076169429459969518e-01	8.613367741172650582e-01	8.613367741172650582e-01	8.613367741172650582e-01	8.613367741172650582e-01	8.159769863936959799e-01	8.613367741172650582e-01	8.613367741172650582e-01	6.914031545166290371e-01	7.987106554543119685e-01	8.613367741172650582e-01	8.015786212645850117e-01	2.222958208045660022e-01	8.161494149306800505e-01	7.140473893811190020e-01	8.613367741172650582e-01	8.613367741172650582e-01	8.613367741172650582e-01	8.613367741172650582e-01	8.613367741172650582e-01	8.613367741172650582e-01	8.613367741172650582e-01	8.613367741172650582e-01	8.042521703133369559e-01	7.917824222866970407e-01	8.613367741172650582e-01	8.613367741172650582e-01	8.613367741172650582e-01	8.613367741172650582e-01	8.613367741172650582e-01	8.613367741172650582e-01	8.613367741172650582e-01	8.254211584778320399e-01	8.613367741172650582e-01	8.613367741172650582e-01	8.613367741172650582e-01	7.962354307125949493e-01	8.613367741172650582e-01
8.613367741172650582e-01	8.613367741172650582e-01	8.613367741172650582e-01	8.613367741172650582e-01	8.613367741172650582e-01	8.613367741172650582e-01	8.613367741172650582e-01	8.402818538536469539e-01	8.613367741172650582e-01	8.613367741172650582e-01	1.000000000000000000e+00	8.613367741172650582e-01	8.613367741172650582e-01	8.764611015742369560e-01	8.613367741172650582e-01	9.211419958565789656e-01	9.085853460969199880e-01	8.613367741172650582e-01	8.613367741172650582e-01	8.734942593592619486e-01	8.720185033768860228e-01	8.613367741172650582e-01	8.746145043399790042e-01	8.613367741172650582e-01	8.559323206715819810e-01	8.613367741172650582e-01	8.613367741172650582e-01	8.613367741172650582e-01	8.613367741172650582e-01	8.613367741172650582e-01	8.613367741172650582e-01	9.123295248583610517e-01	8.613367741172650582e-01	8.613367741172650582e-01	8.613367741172650582e-01	8.613367741172650582e-01	8.839569592840890166e-01	8.613367741172650582e-01	8.613367741172650582e-01	8.613367741172650582e-01	9.054900595444339562e-01	8.613367741172650582e-01	8.613367741172650582e-01	8.613367741172650582e-01	8.613367741172650582e-01	9.007506559237440369e-01	8.613367741172650582e-01	8.613367741172650582e-01	8.825077444640190283e-01	8.861156835623159589e-01	8.688460925602109475e-01	8.613367741172650582e-01	8.955393291615779683e-01	8.613367741172650582e-01	8.613367741172650582e-01	8.613367741172650582e-01	8.613367741172650582e-01	8.613367741172650582e-01	8.613367741172650582e-01	8.750899585723800334e-01	8.613367741172650582e-01	8.613367741172650582e-01	8.613367741172650582e-01	8.613367741172650582e-01	8.613367741172650582e-01	8.613367741172650582e-01	8.613367741172650582e-01	8.613367741172650582e-01	8.613367741172650582e-01	8.613367741172650582e-01	8.613367741172650582e-01	8.613367741172650582e-01	8.613367741172650582e-01	8.613367741172650582e-01	8.613367741172650582e-01	8.835323322682060443e-01	8.613367741172650582e-01	8.949134075350220208e-01	8.613367741172650582e-01	8.613367741172650582e-01	8.613367741172650582e-01	6.828352489597560027e-01	7.986407552234210394e-01	8.613367741172650582e-01	8.613367741172650582e-01	6.694586709256280521e-01	8.613367741172650582e-01	8.816078910493839738e-01	1.000000000000000021e-03	4.046053513483309771e-01	8.613367741172650582e-01	8.613367741172650582e-01	8.827174359885370247e-01	8.750490850797399967e-01	8.613367741172650582e-01	8.613367741172650582e-01	8.613367741172650582e-01	8.613367741172650582e-01	8.613367741172650582e-01	8.613367741172650582e-01	8.613367741172650582e-01	8.778304047115490505e-01	8.613367741172650582e-01	8.613367741172650582e-01	8.613367741172650582e-01	8.950532328510030222e-01	8.613367741172650582e-01	8.613367741172650582e-01	9.166652586132120195e-01	8.613367741172650582e-01	8.698594347944179628e-01	8.613367741172650582e-01	8.613367741172650582e-01	8.613367741172650582e-01	8.613367741172650582e-01	8.613367741172650582e-01	8.613367741172650582e-01	8.613367741172650582e-01	8.613367741172650582e-01	8.613367741172650582e-01	8.613367741172650582e-01	9.033468424399879737e-01	8.613367741172650582e-01	8.613367741172650582e-01
8.613367741172650582e-01	8.613367741172650582e-01	8.613367741172650582e-01	8.613367741172650582e-01	8.613367741172650582e-01	8.613367741172650582e-01	8.638303811337380012e-01	8.427659310522650493e-01	8.613367741172650582e-01	8.613367741172650582e-01	8.613367741172650582e-01	1.000000000000000000e+00	9.047472747550659999e-01	8.763895370291779896e-01	8.489296066267330021e-01	8.613367741172650582e-01	8.613367741172650582e-01	8.613367741172650582e-01	9.142659599699110018e-01	8.732613756388899473e-01	8.613367741172650582e-01	8.613367741172650582e-01	8.613367741172650582e-01	8.613367741172650582e-01	8.613367741172650582e-01	8.613367741172650582e-01	8.613367741172650582e-01	7.568242308517320049e-01	8.613367741172650582e-01	8.654079577241100552e-01	8.613367741172650582e-01	8.613367741172650582e-01	9.184987377160389599e-01	8.613367741172650582e-01	9.100534187452610224e-01	8.613367741172650582e-01	8.855357321067169885e-01	9.005010212585690121e-01	8.613367741172650582e-01	8.613367741172650582e-01	9.094938699851849995e-01	8.613367741172650582e-01	8.613367741172650582e-01	6.695430262161180535e-01	8.613367741172650582e-01	8.613367741172650582e-01	8.613367741172650582e-01	8.613367741172650582e-01	8.856519437109060533e-01	8.866082659970040414e-01	8.709377388075869586e-01	8.613367741172650582e-01	8.613367741172650582e-01	9.036004112908779806e-01	6.744459587079369989e-01	8.613367741172650582e-01	8.613367741172650582e-01	8.613367741172650582e-01	8.613367741172650582e-01	8.613367741172650582e-01	8.895274719628429860e-01	8.613367741172650582e-01	8.613367741172650582e-01	8.410940612332660216e-01	8.613367741172650582e-01	8.613367741172650582e-01	8.613367741172650582e-01	8.613367741172650582e-01	8.613367741172650582e-01	6.214339697928470407e-01	9.084911557936089510e-01	8.613367741172650582e-01	8.613367741172650582e-01	8.613367741172650582e-01	8.613367741172650582e-01	8.613367741172650582e-01	8.811273215476580489e-01	8.613367741172650582e-01	8.613367741172650582e-01	8.933836984991010421e-01	8.477010871065639996e-01	8.613367741172650582e-01	8.613367741172650582e-01	6.642702417393240300e-01	8.613367741172650582e-01	8.613367741172650582e-01	8.613367741172650582e-01	8.613367741172650582e-01	8.613367741172650582e-01	8.613367741172650582e-01	8.613367741172650582e-01	8.613367741172650582e-01	8.839992027927170426e-01	8.613367741172650582e-01	7.588523470410389882e-01	8.613367741172650582e-01	8.613367741172650582e-01	8.613367741172650582e-01	8.613367741172650582e-01	8.613367741172650582e-01	8.613367741172650582e-01	8.796662306032440037e-01	8.613367741172650582e-01	8.613367741172650582e-01	8.613367741172650582e-01	8.613367741172650582e-01	8.613367741172650582e-01	8.613367741172650582e-01	8.613367741172650582e-01	8.613367741172650582e-01	8.711103727686669851e-01	8.513275549199329495e-01	8.774315509397460078e-01	8.613367741172650582e-01	8.613367741172650582e-01	8.613367741172650582e-01	8.613367741172650582e-01	8.613367741172650582e-01	8.613367741172650582e-01	8.613367741172650582e-01	8.996065128600200245e-01	8.613367741172650582e-01	8.613367741172650582e-01	8.613367741172650582e-01
