1.000000000000000000e+00	2.834835251854309623e-01	2.292768959435630138e-01	2.893258426966289765e-01	2.834835251854309623e-01	3.236658932714620018e-01	2.834835251854309623e-01	2.600000000000000089e-01	2.894736842105259944e-01	2.834835251854309623e-01	2.834835251854309623e-01	2.834835251854309623e-01	2.977624784853700191e-01	4.184873949579829833e-01	1.160092807424590033e-01	2.318104906937389909e-01	2.834835251854309623e-01	3.674698795180719735e-01	2.807692307692309930e-01	2.834835251854309623e-01	3.366708385481850252e-01	3.503759398496240074e-01	2.834835251854309623e-01	2.834835251854309623e-01	2.768987341772150002e-01	2.988047808764939806e-01	1.919431279620849862e-01	3.256814921090390169e-01	2.834835251854309623e-01	2.834835251854309623e-01	2.456747404844289995e-01	9.951456310679610007e-02	3.053691275167790264e-01	2.834835251854309623e-01	2.834835251854309623e-01	3.047445255474450221e-01	2.437619961612280117e-01	2.393887945670629958e-01	2.834835251854309623e-01	3.312020460358059970e-01	3.125000000000000000e-01	2.834835251854309623e-01	1.773195876288659878e-01	2.834835251854309623e-01	3.371691599539700102e-01	2.834835251854309623e-01	2.834835251854309623e-01	2.516339869281050134e-01	3.084112149532710068e-01	2.834835251854309623e-01	2.834835251854309623e-01	2.834835251854309623e-01	1.028277634961440035e-01	2.834835251854309623e-01	2.336283185840709875e-01	2.834835251854309623e-01	2.834835251854309623e-01	1.605206073752709905e-01	2.834835251854309623e-01	2.140522875816990023e-01	1.024999999999999939e-01	2.834835251854309623e-01	2.834835251854309623e-01	2.944523470839259804e-01	2.834835251854309623e-01	3.151693667157580148e-01	2.750000000000000222e-01	1.400437636761490134e-01	3.505859375000000000e-01	1.674107142857139963e-01	2.560606060606059886e-01	3.416666666666670071e-01	3.095238095238099785e-01	2.834835251854309623e-01	2.356792144026189917e-01	3.389639639639639990e-01	2.834835251854309623e-01	2.834835251854309623e-01	2.834835251854309623e-01	2.834835251854309623e-01	3.428571428571430268e-01	2.834835251854309623e-01	2.834835251854309623e-01	3.105515587529980026e-01	2.834835251854309623e-01	1.197339246119730055e-01	5.020325203252029578e-01	2.834835251854309623e-01	2.834835251854309623e-01	2.848920863309349905e-01	2.286689419795220057e-01	2.369942196531789891e-01	2.834835251854309623e-01	2.699186991869920171e-01	1.385681293302540029e-01	2.834835251854309623e-01	2.834835251854309623e-01	2.404181184668990057e-01	1.954022988505750014e-01	3.079847908745250162e-01	2.834835251854309623e-01	2.234432234432230102e-01	2.834835251854309623e-01	2.834835251854309623e-01	2.639138240574510075e-01	2.298025134649910040e-01	2.834835251854309623e-01	2.750000000000000222e-01	2.834835251854309623e-01	2.787682333873580109e-01	2.165991902834009941e-01	2.657450076804919736e-01	3.028169014084510224e-01	2.834835251854309623e-01	2.834835251854309623e-01	2.822458270106220080e-01	2.834835251854309623e-01	2.834835251854309623e-01	2.834835251854309623e-01	2.834835251854309623e-01	2.404458598726109952e-01	2.364425162689799964e-01	2.834835251854309623e-01	2.834835251854309623e-01
2.834835251854309623e-01	1.000000000000000000e+00	2.834835251854309623e-01	5.180084745762709719e-01	3.315217391304349781e-01	6.967213114754100545e-01	2.834835251854309623e-01	3.593582887700529915e-01	3.484358144552319736e-01	3.989304812834220115e-01	2.834835251854309623e-01	4.507936507936510240e-01	3.778501628664500123e-01	2.834835251854309623e-01	2.834835251854309623e-01	2.834835251854309623e-01	2.834835251854309623e-01	2.834835251854309623e-01	2.850924918389550200e-01	3.326110509209099786e-01	6.153061224489799752e-01	2.834835251854309623e-01	4.059511158342190007e-01	4.227902023429179756e-01	2.834835251854309623e-01	2.834835251854309623e-01	2.834835251854309623e-01	2.834835251854309623e-01	3.108695652173910084e-01	2.834835251854309623e-01	2.834835251854309623e-01	1.050228310502279994e-01	2.834835251854309623e-01	3.453159041394340267e-01	2.834835251854309623e-01	3.254310344827590074e-01	2.682660850599780100e-01	2.834835251854309623e-01	2.834835251854309623e-01	5.877551020408160465e-01	2.834835251854309623e-01	5.395152792413070442e-01	2.120535714285710083e-01	2.844243792325060194e-01	2.834835251854309623e-01	2.834835251854309623e-01	3.081967213114750193e-01	2.834835251854309623e-01	2.834835251854309623e-01	4.838709677419349986e-01	4.133476856835309743e-01	4.536842105263160230e-01	2.834835251854309623e-01	3.989189189189190077e-01	3.304061470911089926e-01	2.834835251854309623e-01	2.834835251854309623e-01	2.834835251854309623e-01	1.973684210526319982e-01	2.834835251854309623e-01	7.657657657657659933e-02	2.524698133918770182e-01	2.834835251854309623e-01	2.834835251854309623e-01	2.834835251854309623e-01	2.834835251854309623e-01	2.834835251854309623e-01	2.834835251854309623e-01	8.535156250000000000e-01	2.834835251854309623e-01	4.358974358974360142e-01	7.994011976047900037e-01	2.834835251854309623e-01	2.834835251854309623e-01	2.834835251854309623e-01	2.834835251854309623e-01	3.700107874865160018e-01	2.834835251854309623e-01	2.834835251854309623e-01	4.282678002125400174e-01	2.834835251854309623e-01	6.864988558352399725e-03	2.834835251854309623e-01	2.834835251854309623e-01	4.431578947368419730e-01	1.564625850340140012e-01	2.834835251854309623e-01	6.802443991853359684e-01	2.834835251854309623e-01	2.834835251854309623e-01	3.322545846817689941e-01	2.834835251854309623e-01	9.458874458874459989e-01	3.980582524271840117e-01	1.313131313131309930e-01	4.600000000000000200e-01	1.577181208053690109e-01	2.834835251854309623e-01	2.516483516483519756e-01	6.114583333333329929e-01	3.347732181425490117e-01	2.834835251854309623e-01	3.192640692640689726e-01	2.834835251854309623e-01	2.834835251854309623e-01	2.834835251854309623e-01	2.834835251854309623e-01	3.243534482758619886e-01	4.358430540827150090e-01	2.834835251854309623e-01	2.834835251854309623e-01	2.834835251854309623e-01	5.031315240083510387e-01	2.834835251854309623e-01	2.834835251854309623e-01	2.834835251854309623e-01	3.888888888888890061e-01	2.800000000000000266e-01	2.834835251854309623e-01	2.834835251854309623e-01	3.899033297529539976e-01	2.834835251854309623e-01	2.834835251854309623e-01	2.434210526315790102e-01
2.292768959435630138e-01	2.834835251854309623e-01	1.000000000000000000e+00	5.359589041095890183e-01	2.834835251854309623e-01	2.834835251854309623e-01	2.091097308488610029e-01	2.962962962962960023e-01	2.864864864864870020e-01	2.834835251854309623e-01	3.135725429017159893e-01	2.670713201820940075e-01	2.834835251854309623e-01	2.981072555205049879e-01	2.834835251854309623e-01	2.834835251854309623e-01	2.990797546012269881e-01	2.834835251854309623e-01	2.239089184060719939e-01	2.641165755919849811e-01	3.286802030456850154e-01	2.834835251854309623e-01	2.834835251854309623e-01	2.834835251854309623e-01	2.596153846153850253e-01	2.834835251854309623e-01	2.834835251854309623e-01	3.144104803493449896e-01	2.430426716141000087e-01	3.012618296529970263e-01	2.834835251854309623e-01	2.834835251854309623e-01	2.834835251854309623e-01	2.834835251854309623e-01	2.834835251854309623e-01	2.664233576642339729e-01	2.127659574468090120e-01	2.834835251854309623e-01	2.834835251854309623e-01	2.834835251854309623e-01	2.834835251854309623e-01	2.834835251854309623e-01	2.834835251854309623e-01	2.834835251854309623e-01	3.392018779342719781e-01	2.569558101473000122e-01	2.834835251854309623e-01	2.605752961082909991e-01	2.834835251854309623e-01	3.283582089552239958e-01	2.834835251854309623e-01	2.834835251854309623e-01	1.208791208791210048e-01	3.091537132987909886e-01	2.778827977315689868e-01	1.960784313725489891e-01	2.836767036450080215e-01	2.834835251854309623e-01	1.880341880341880045e-01	2.834835251854309623e-01	2.834835251854309623e-01	2.296747967479670083e-01	2.834835251854309623e-01	2.772988505747129850e-01	2.834835251854309623e-01	2.834835251854309623e-01	2.834835251854309623e-01	2.834835251854309623e-01	2.834835251854309623e-01	2.834835251854309623e-01	2.834835251854309623e-01	2.834835251854309623e-01	2.834835251854309623e-01	2.834835251854309623e-01	2.809773123909249937e-01	3.394495412844040216e-01	3.225225225225230030e-01	2.588996763754050079e-01	2.834835251854309623e-01	3.011272141706919925e-01	3.294930875576039808e-01	8.797653958944280650e-03	2.834835251854309623e-01	3.153374233128830029e-01	3.087774294670849740e-01	2.834835251854309623e-01	2.834835251854309623e-01	3.199052132701419859e-01	2.834835251854309623e-01	2.937685459940649890e-01	2.135416666666669905e-01	2.345924453280320010e-01	3.326293558606119860e-01	3.380281690140850004e-01	1.859296482412060025e-01	2.834835251854309623e-01	2.664974619289339763e-01	2.834835251854309623e-01	2.834835251854309623e-01	2.834835251854309623e-01	2.773722627737230106e-01	2.834835251854309623e-01	2.834835251854309623e-01	3.081967213114750193e-01	2.578268876611419791e-01	2.834835251854309623e-01	2.834835251854309623e-01	2.834835251854309623e-01	2.721617418351480189e-01	2.652388797364089723e-01	2.834835251854309623e-01	2.930756843800320088e-01	2.834835251854309623e-01	3.074581430745810251e-01	2.834835251854309623e-01	2.834835251854309623e-01	2.861952861952860028e-01	2.461538461538460010e-01	2.834835251854309623e-01	2.807971014492749995e-01	2.847457627118640255e-01	2.119205298013250027e-01	2.834835251854309623e-01	2.860215053763440207e-01
2.893258426966289765e-01	5.180084745762709719e-01	5.359589041095890183e-01	1.000000000000000000e+00	2.834835251854309623e-01	2.834835251854309623e-01	2.834835251854309623e-01	3.541076487252119986e-01	3.150492264416320243e-01	2.834835251854309623e-01	2.834835251854309623e-01	2.834835251854309623e-01	2.834835251854309623e-01	3.920000000000000151e-01	2.834835251854309623e-01	2.979020979020979842e-01	2.834835251854309623e-01	2.805232558139529875e-01	2.834835251854309623e-01	3.184438040345820009e-01	2.834835251854309623e-01	2.834835251854309623e-01	2.834835251854309623e-01	2.834835251854309623e-01	3.498659517426270238e-01	4.489544895448949746e-01	2.834835251854309623e-01	2.834835251854309623e-01	2.834835251854309623e-01	2.834835251854309623e-01	3.124108416547790035e-01	1.067796610169489957e-01	2.834835251854309623e-01	3.161659513590839854e-01	3.523391812865500072e-01	2.834835251854309623e-01	2.834835251854309623e-01	3.117066290550070118e-01	2.834835251854309623e-01	2.834835251854309623e-01	2.834835251854309623e-01	2.834835251854309623e-01	2.834835251854309623e-01	2.834835251854309623e-01	4.820457018498370272e-01	3.437500000000000000e-01	2.834835251854309623e-01	3.287482806052269835e-01	2.834835251854309623e-01	4.098984771573599972e-01	3.578231292517010109e-01	3.701799485861180239e-01	2.834835251854309623e-01	3.788732394366199907e-01	2.943722943722940077e-01	2.087912087912089931e-01	2.834835251854309623e-01	2.834835251854309623e-01	2.834835251854309623e-01	3.413940256045520094e-01	2.834835251854309623e-01	2.515151515151520245e-01	3.337988826815639909e-01	3.805970149253730117e-01	3.252148997134670094e-01	3.800505050505050275e-01	3.219178082191779811e-01	1.742671009771989965e-01	2.834835251854309623e-01	1.970198675496689922e-01	2.834835251854309623e-01	5.230296827021490014e-01	3.338192419825070090e-01	2.834835251854309623e-01	2.834835251854309623e-01	5.081433224755700362e-01	3.642857142857139907e-01	3.591836734693880095e-01	2.359050445103859917e-01	2.834835251854309623e-01	4.769065520945219849e-01	8.928571428571429811e-03	2.834835251854309623e-01	4.577226606538900011e-01	3.858267716535430103e-01	2.834835251854309623e-01	2.834835251854309623e-01	2.834835251854309623e-01	1.732026143790849904e-01	2.834835251854309623e-01	2.707182320441989809e-01	2.834835251854309623e-01	2.834835251854309623e-01	2.834835251854309623e-01	2.834835251854309623e-01	3.725992317541609866e-01	2.203389830508470093e-01	3.392070484581499734e-01	2.261904761904759975e-01	4.226327944572749740e-01	2.834835251854309623e-01	2.834835251854309623e-01	3.101449275362320179e-01	3.751686909581650187e-01	3.101449275362320179e-01	2.834835251854309623e-01	3.692893401015229782e-01	2.819074333800840049e-01	2.834835251854309623e-01	3.328840970350400164e-01	2.834835251854309623e-01	3.837837837837840271e-01	4.062500000000000000e-01	2.834835251854309623e-01	3.033873343151690105e-01	2.834835251854309623e-01	3.346883468834689901e-01	2.834835251854309623e-01	3.319386331938630197e-01	2.834835251854309623e-01	3.711484593837540147e-01	2.145110410094639986e-01	3.819163292847500002e-01	2.678018575851390248e-01
2.834835251854309623e-01	3.315217391304349781e-01	2.834835251854309623e-01	2.834835251854309623e-01	1.000000000000000000e+00	2.834835251854309623e-01	2.085020242914980004e-01	2.466666666666670060e-01	2.665505226480839873e-01	2.834835251854309623e-01	2.834835251854309623e-01	2.834835251854309623e-01	2.558922558922560042e-01	2.834835251854309623e-01	1.342925659472420097e-01	9.512195121951220189e-01	2.835820895522390139e-01	2.060931899641580134e-01	2.834835251854309623e-01	2.295652173913040051e-01	2.834835251854309623e-01	2.834835251854309623e-01	2.841091492776889882e-01	2.783018867924529904e-01	2.834835251854309623e-01	3.055181695827730026e-01	2.834835251854309623e-01	2.834835251854309623e-01	2.306306306306309950e-01	2.834835251854309623e-01	2.834835251854309623e-01	1.042183622828779938e-01	2.643678160919539777e-01	2.318339100346019921e-01	3.228782287822880015e-01	2.834835251854309623e-01	2.834835251854309623e-01	2.834835251854309623e-01	3.066298342541439736e-01	2.834835251854309623e-01	2.834835251854309623e-01	2.831737346101230179e-01	2.834835251854309623e-01	2.834835251854309623e-01	3.264367816091949814e-01	2.637540453074430080e-01	2.716981132075469985e-01	2.834835251854309623e-01	2.834835251854309623e-01	2.834835251854309623e-01	2.660256410256410242e-01	2.786885245901640218e-01	1.286863270777479917e-01	2.957983193277309852e-01	2.834835251854309623e-01	1.856540084388189904e-01	2.779503105590059864e-01	2.834835251854309623e-01	1.780538302277429874e-01	2.585616438356159730e-01	8.521303258145360160e-02	2.834835251854309623e-01	2.429284525790350036e-01	2.704225352112680225e-01	2.319587628865980022e-01	2.789017341040460063e-01	2.409836065573769948e-01	2.834835251854309623e-01	2.834835251854309623e-01	2.834835251854309623e-01	2.929133858267720103e-01	3.291796469366560229e-01	2.834835251854309623e-01	2.330827067669170027e-01	2.533557046979870164e-01	2.834835251854309623e-01	2.834835251854309623e-01	2.834835251854309623e-01	1.950286806883370083e-01	2.788161993769470159e-01	2.834835251854309623e-01	2.834835251854309623e-01	2.834835251854309623e-01	2.834835251854309623e-01	2.834835251854309623e-01	2.834835251854309623e-01	2.327150084317030077e-01	2.834835251854309623e-01	2.834835251854309623e-01	2.834835251854309623e-01	2.318339100346019921e-01	2.834835251854309623e-01	2.834835251854309623e-01	2.630718954248369990e-01	2.834835251854309623e-01	2.834835251854309623e-01	2.427184466019420006e-01	2.416225749559079983e-01	2.102161100196459909e-01	3.178893178893180127e-01	2.834835251854309623e-01	2.834835251854309623e-01	2.834835251854309623e-01	2.834835251854309623e-01	2.834835251854309623e-01	2.242314647377940118e-01	2.834835251854309623e-01	2.364273204903679926e-01	2.834835251854309623e-01	2.834835251854309623e-01	2.834835251854309623e-01	2.870662460567819929e-01	2.834835251854309623e-01	2.834835251854309623e-01	2.834835251854309623e-01	2.834835251854309623e-01	2.552504038772209771e-01	2.332089552238809926e-01	2.306425041186160041e-01	2.834835251854309623e-01	3.045685279187819727e-01	1.708333333333330040e-01	2.834835251854309623e-01	2.269076305220880108e-01
3.236658932714620018e-01	6.967213114754100545e-01	2.834835251854309623e-01	2.834835251854309623e-01	2.834835251854309623e-01	1.000000000000000000e+00	2.834835251854309623e-01	2.834835251854309623e-01	3.465116279069769822e-01	2.834835251854309623e-01	2.834835251854309623e-01	2.834835251854309623e-01	3.436073059360730264e-01	2.834835251854309623e-01	2.834835251854309623e-01	2.834835251854309623e-01	4.376391982182630258e-01	2.942555685814770006e-01	2.841981132075470096e-01	3.232558139534880137e-01	2.834835251854309623e-01	4.580573951434879776e-01	2.834835251854309623e-01	2.834835251854309623e-01	2.834835251854309623e-01	5.178764897074760176e-01	1.432098765432099907e-01	4.933481152993349772e-01	3.075117370892019864e-01	4.404086265607259909e-01	2.834835251854309623e-01	2.834835251854309623e-01	3.772935779816509738e-01	3.399765533411490126e-01	3.585798816568049885e-01	2.834835251854309623e-01	2.482517482517480056e-01	2.834835251854309623e-01	5.065645514223190427e-01	5.591054313099039774e-01	2.834835251854309623e-01	5.279017857142860315e-01	2.107186358099880086e-01	2.725060827250609941e-01	6.323377960865089742e-01	3.851428571428570091e-01	2.834835251854309623e-01	3.745664739884390082e-01	2.834835251854309623e-01	2.834835251854309623e-01	2.834835251854309623e-01	2.834835251854309623e-01	7.984790874524720639e-02	2.834835251854309623e-01	3.008130081300809944e-01	2.834835251854309623e-01	2.834835251854309623e-01	2.834835251854309623e-01	1.976047904191620130e-01	2.834835251854309623e-01	7.462686567164179829e-02	2.834835251854309623e-01	3.401592718998859843e-01	5.481997677119629930e-01	2.834835251854309623e-01	4.509371554575519747e-01	2.834835251854309623e-01	2.834835251854309623e-01	7.636718750000000000e-01	2.834835251854309623e-01	2.834835251854309623e-01	2.834835251854309623e-01	3.095512082853860147e-01	2.955899880810490266e-01	3.891509433962260234e-01	6.516393442622949728e-01	3.571428571428569843e-01	2.834835251854309623e-01	2.601431980906919739e-01	2.834835251854309623e-01	2.834835251854309623e-01	7.672634271099740104e-03	2.834835251854309623e-01	8.287092882991560217e-01	4.600456621004569979e-01	2.834835251854309623e-01	3.371691599539700102e-01	2.834835251854309623e-01	2.834835251854309623e-01	4.525386313465780130e-01	3.137931034482759896e-01	2.648456057007130271e-01	2.834835251854309623e-01	2.834835251854309623e-01	2.834835251854309623e-01	4.485458612975389836e-01	2.834835251854309623e-01	2.834835251854309623e-01	2.538922155688619897e-01	2.834835251854309623e-01	2.834835251854309623e-01	2.834835251854309623e-01	3.227699530516430215e-01	2.834835251854309623e-01	2.834835251854309623e-01	2.834835251854309623e-01	4.434589800443459739e-01	2.834835251854309623e-01	2.834835251854309623e-01	2.834835251854309623e-01	2.307692307692310041e-01	4.267734553775739959e-01	4.764512595837899767e-01	4.240437158469950174e-01	3.035294117647059919e-01	4.360135900339749959e-01	2.834835251854309623e-01	2.862190812720850075e-01	3.665893271461719838e-01	2.834835251854309623e-01	2.834835251854309623e-01	2.080291970802919943e-01	3.809523809523809867e-01	2.660996354799510244e-01
2.834835251854309623e-01	2.834835251854309623e-01	2.091097308488610029e-01	2.834835251854309623e-01	2.085020242914980004e-01	2.834835251854309623e-01	1.000000000000000000e+00	2.834835251854309623e-01	1.938579654510559913e-01	2.834835251854309623e-01	2.834835251854309623e-01	2.140522875816990023e-01	1.958955223880599894e-01	2.834835251854309623e-01	1.393188854489159911e-01	2.834835251854309623e-01	2.296416938110749928e-01	1.833333333333329873e-01	2.834835251854309623e-01	2.235772357723579962e-01	2.834835251854309623e-01	2.834835251854309623e-01	2.257495590828919874e-01	2.834835251854309623e-01	2.326820603907640006e-01	2.834835251854309623e-01	2.834835251854309623e-01	2.834835251854309623e-01	2.834835251854309623e-01	1.938110749185670001e-01	2.019801980198019931e-01	2.834835251854309623e-01	2.003610108303250092e-01	2.834835251854309623e-01	2.834835251854309623e-01	2.834835251854309623e-01	1.888888888888889950e-01	2.834835251854309623e-01	2.834835251854309623e-01	2.083333333333330095e-01	2.260273972602739878e-01	2.834835251854309623e-01	1.896103896103900066e-01	2.834835251854309623e-01	2.834835251854309623e-01	1.922398589065260066e-01	1.978947368421050124e-01	2.070240295748609904e-01	2.016528925619829882e-01	2.834835251854309623e-01	2.834835251854309623e-01	2.164781906300480008e-01	2.834835251854309623e-01	2.834835251854309623e-01	1.894093686354380024e-01	2.284946236559139976e-01	2.834835251854309623e-01	2.559523809523809867e-01	1.234866828087169965e-01	2.834835251854309623e-01	2.834835251854309623e-01	1.712328767123290074e-01	2.834835251854309623e-01	3.022875816993459974e-01	2.834835251854309623e-01	2.074303405572759940e-01	2.118959107806689945e-01	1.333333333333329984e-01	2.402343750000000000e-01	2.834835251854309623e-01	2.323580034423410046e-01	2.566844919786099855e-01	2.834835251854309623e-01	1.900647948164150003e-01	3.209876543209880251e-01	2.367816091954020041e-01	2.022471910112360050e-01	2.834835251854309623e-01	2.834835251854309623e-01	2.834835251854309623e-01	2.627824019024970204e-01	8.000000000000000167e-03	1.861702127659569939e-01	2.834835251854309623e-01	2.220394736842110084e-01	2.834835251854309623e-01	2.834835251854309623e-01	2.357920193470370018e-01	1.876832844574780057e-01	2.149532710280369907e-01	1.832358674463940018e-01	1.499999999999999944e-01	2.513368983957219860e-01	2.101449275362320124e-01	1.275964391691389865e-01	2.834835251854309623e-01	1.695402298850569867e-01	1.768172888015719924e-01	1.883720930232559987e-01	3.035460992907800248e-01	2.834835251854309623e-01	1.858974358974359864e-01	1.939393939393939947e-01	2.130584192439859970e-01	2.834835251854309623e-01	1.991614255765200014e-01	2.006269592476490060e-01	2.290388548057259999e-01	2.834835251854309623e-01	2.834835251854309623e-01	2.834835251854309623e-01	2.834835251854309623e-01	2.303030303030300097e-01	2.116903633491309944e-01	1.991614255765200014e-01	2.406779661016950067e-01	1.914893617021279915e-01	1.440329218106999876e-01	2.113207547169810019e-01	2.834835251854309623e-01	2.834835251854309623e-01	1.598984771573599972e-01	2.834835251854309623e-01	1.712962962962960023e-01
2.600000000000000089e-01	3.593582887700529915e-01	2.962962962962960023e-01	3.541076487252119986e-01	2.466666666666670060e-01	2.834835251854309623e-01	2.834835251854309623e-01	1.000000000000000000e+00	2.672131147540979801e-01	3.468395461912480160e-01	3.589743589743589758e-01	3.127753303964759812e-01	2.753623188405799893e-01	2.834835251854309623e-01	1.533333333333329884e-01	2.557377049180329931e-01	2.834835251854309623e-01	2.504347826086960049e-01	2.438162544169610035e-01	2.834835251854309623e-01	3.894472361809049876e-01	2.834835251854309623e-01	2.834835251854309623e-01	3.094512195121950082e-01	2.834835251854309623e-01	2.834835251854309623e-01	1.461864406779659897e-01	3.723252496433669956e-01	2.834835251854309623e-01	2.834835251854309623e-01	3.091537132987909886e-01	8.388520971302429463e-02	2.834835251854309623e-01	2.834835251854309623e-01	2.834835251854309623e-01	2.834835251854309623e-01	2.834835251854309623e-01	2.834835251854309623e-01	2.834835251854309623e-01	2.834835251854309623e-01	3.479381443298970034e-01	2.834835251854309623e-01	2.834835251854309623e-01	1.888489208633090111e-01	3.777267508610789859e-01	2.742681047765789804e-01	2.743362831858410233e-01	2.946859903381640056e-01	2.836257309941520033e-01	2.834835251854309623e-01	3.001555209953339909e-01	3.313696612665680274e-01	2.834835251854309623e-01	2.834835251854309623e-01	2.834835251854309623e-01	2.834835251854309623e-01	2.834835251854309623e-01	1.346534653465349951e-01	2.834835251854309623e-01	2.803278688524589723e-01	7.882882882882880082e-02	2.094717668488159934e-01	2.873376623376620032e-01	2.834835251854309623e-01	2.834835251854309623e-01	2.834835251854309623e-01	2.834835251854309623e-01	1.893617021276599865e-01	3.876953125000000000e-01	2.834835251854309623e-01	2.834835251854309623e-01	3.670103092783499887e-01	2.529118136439270081e-01	2.402826855123670058e-01	2.834835251854309623e-01	2.834835251854309623e-01	3.085808580858089845e-01	2.586466165413530138e-01	2.090090090090090114e-01	3.156297420333840087e-01	2.834835251854309623e-01	2.834835251854309623e-01	2.834835251854309623e-01	3.512544802867380023e-01	3.323397913561850214e-01	1.336116910229639965e-01	2.834835251854309623e-01	2.834835251854309623e-01	2.834835251854309623e-01	2.834835251854309623e-01	2.834835251854309623e-01	2.363636363636359983e-01	3.674948240165630264e-01	2.834835251854309623e-01	1.644736842105259944e-01	2.834835251854309623e-01	2.104121475054230028e-01	2.834835251854309623e-01	2.420262664165100108e-01	3.275434243176180149e-01	2.834835251854309623e-01	2.834835251854309623e-01	2.834835251854309623e-01	3.124042879019909846e-01	3.226381461675579820e-01	2.834835251854309623e-01	3.232323232323229822e-01	2.491694352159470049e-01	3.128742514970059840e-01	2.834835251854309623e-01	1.988742964352719911e-01	2.834835251854309623e-01	2.834835251854309623e-01	2.834835251854309623e-01	2.834835251854309623e-01	2.834835251854309623e-01	3.022151898734179998e-01	2.338568935427569884e-01	2.728731942215090189e-01	2.766666666666670049e-01	2.834835251854309623e-01	2.208835341365459892e-01	2.834835251854309623e-01	2.834835251854309623e-01
2.894736842105259944e-01	3.484358144552319736e-01	2.864864864864870020e-01	3.150492264416320243e-01	2.665505226480839873e-01	3.465116279069769822e-01	1.938579654510559913e-01	2.672131147540979801e-01	1.000000000000000000e+00	2.834835251854309623e-01	2.834835251854309623e-01	3.049327354260090162e-01	2.936241610738249963e-01	2.834835251854309623e-01	2.834835251854309623e-01	2.834835251854309623e-01	3.169642857142859760e-01	2.834835251854309623e-01	2.834835251854309623e-01	2.834835251854309623e-01	3.345633456334560218e-01	3.455882352941179736e-01	3.012618296529970263e-01	3.603896103896099823e-01	2.834835251854309623e-01	3.284379172229640043e-01	1.659192825112109915e-01	2.834835251854309623e-01	2.834835251854309623e-01	2.834835251854309623e-01	2.834835251854309623e-01	9.557109557109559617e-02	2.864077669902910239e-01	2.706896551724140010e-01	2.834835251854309623e-01	3.094812164579610059e-01	2.429906542056070040e-01	2.834835251854309623e-01	3.448753462603880160e-01	2.834835251854309623e-01	3.242894056847550055e-01	2.834835251854309623e-01	2.834835251854309623e-01	2.098298676748580061e-01	3.567318757192169953e-01	3.021001615508889793e-01	2.825688073394500011e-01	2.834835251854309623e-01	2.834835251854309623e-01	3.468795355587809826e-01	2.977707006369429976e-01	3.139880952380950108e-01	2.834835251854309623e-01	2.834835251854309623e-01	2.834835251854309623e-01	2.834835251854309623e-01	2.986217457886680138e-01	1.476091476091480059e-01	1.739130434782610035e-01	2.834835251854309623e-01	2.834835251854309623e-01	2.247619047619049959e-01	2.781456953642379992e-01	2.834835251854309623e-01	2.428810720268010093e-01	2.834835251854309623e-01	2.834835251854309623e-01	2.834835251854309623e-01	3.671875000000000000e-01	2.834835251854309623e-01	2.834835251854309623e-01	2.834835251854309623e-01	2.448979591836729919e-01	2.634508348794060151e-01	2.253968253968250124e-01	3.611738148984199870e-01	2.866666666666670138e-01	2.834835251854309623e-01	2.596899224806200057e-01	2.995391705069119781e-01	3.514739229024940181e-01	7.915567282321900322e-03	2.834835251854309623e-01	3.487241798298910123e-01	2.834835251854309623e-01	1.472527472527470072e-01	3.170731707317069881e-01	2.834835251854309623e-01	1.706783369803059891e-01	3.304093567251459862e-01	2.534013605442180239e-01	2.576335877862599988e-01	2.834835251854309623e-01	2.834835251854309623e-01	2.834835251854309623e-01	3.408748114630469894e-01	2.013422818791950064e-01	2.722513089005240139e-01	2.718253968253970254e-01	3.363057324840760254e-01	2.924693520140109748e-01	2.851782363977489743e-01	2.834835251854309623e-01	3.397435897435899799e-01	2.834835251854309623e-01	2.834835251854309623e-01	2.834835251854309623e-01	2.834835251854309623e-01	3.630573248407639730e-01	2.834835251854309623e-01	2.638036809815950123e-01	3.161189358372459846e-01	2.834835251854309623e-01	2.834835251854309623e-01	2.833638025594150123e-01	2.834835251854309623e-01	2.834835251854309623e-01	2.834835251854309623e-01	2.834835251854309623e-01	2.867012089810019870e-01	2.834835251854309623e-01	2.834835251854309623e-01	2.978395061728389970e-01	2.848484848484850174e-01
2.834835251854309623e-01	3.989304812834220115e-01	2.834835251854309623e-01	2.834835251854309623e-01	2.834835251854309623e-01	2.834835251854309623e-01	2.834835251854309623e-01	3.468395461912480160e-01	2.834835251854309623e-01	1.000000000000000000e+00	3.574529667149060064e-01	2.834835251854309623e-01	2.834835251854309623e-01	2.834835251854309623e-01	2.834835251854309623e-01	2.834835251854309623e-01	3.991097922848659829e-01	2.834835251854309623e-01	2.753872633390709868e-01	3.166666666666669849e-01	2.834835251854309623e-01	3.476454293628810088e-01	3.358547655068079840e-01	2.834835251854309623e-01	3.590138674884439940e-01	2.834835251854309623e-01	2.834835251854309623e-01	2.834835251854309623e-01	2.703150912106139780e-01	2.834835251854309623e-01	2.834835251854309623e-01	8.196721311475410610e-02	3.022900763358780107e-01	2.834835251854309623e-01	2.924071082390949927e-01	2.834835251854309623e-01	2.834835251854309623e-01	2.834835251854309623e-01	2.834835251854309623e-01	2.834835251854309623e-01	3.796178343949039857e-01	3.346405228758170258e-01	2.029795158286779866e-01	2.834835251854309623e-01	4.137142857142859786e-01	3.231240428790200236e-01	2.834835251854309623e-01	2.834835251854309623e-01	3.052781740370900110e-01	3.581267217630850208e-01	3.127819548872179944e-01	2.834835251854309623e-01	2.834835251854309623e-01	3.138461538461539968e-01	2.834835251854309623e-01	1.748633879781419931e-01	2.834835251854309623e-01	2.834835251854309623e-01	2.834835251854309623e-01	2.623456790123460114e-01	2.834835251854309623e-01	2.149046793760830132e-01	3.195548489666140135e-01	2.834835251854309623e-01	2.834835251854309623e-01	2.834835251854309623e-01	2.834835251854309623e-01	2.834835251854309623e-01	4.238281250000000000e-01	2.080808080808080052e-01	2.834835251854309623e-01	2.834835251854309623e-01	2.834835251854309623e-01	2.337228714524209883e-01	2.351190476190480050e-01	4.202247191011240224e-01	2.834835251854309623e-01	2.834835251854309623e-01	2.399299474605950111e-01	2.834835251854309623e-01	2.834835251854309623e-01	2.834835251854309623e-01	2.076190476190480083e-01	3.613053613053610058e-01	2.834835251854309623e-01	2.834835251854309623e-01	2.834835251854309623e-01	3.860252004581899987e-01	2.834835251854309623e-01	3.672316384180789872e-01	2.441314553990610037e-01	2.834835251854309623e-01	2.834835251854309623e-01	2.776119402985069984e-01	2.834835251854309623e-01	2.834835251854309623e-01	1.782178217821779875e-01	2.734627831715210067e-01	2.306338028169009902e-01	3.401937046004839815e-01	2.476489028213169907e-01	3.197158081705149812e-01	2.834835251854309623e-01	3.363228699551569778e-01	2.834835251854309623e-01	2.520593080724879975e-01	3.746397694524499777e-01	2.834835251854309623e-01	2.834835251854309623e-01	2.834835251854309623e-01	1.985815602836880078e-01	3.104956268221569782e-01	3.568521031207599892e-01	2.834835251854309623e-01	2.834835251854309623e-01	3.589364844903989993e-01	2.834835251854309623e-01	2.834835251854309623e-01	2.808641975308640015e-01	2.930756843800320088e-01	2.834835251854309623e-01	2.500000000000000000e-01	3.580060422960730238e-01	2.834835251854309623e-01
2.834835251854309623e-01	2.834835251854309623e-01	3.135725429017159893e-01	2.834835251854309623e-01	2.834835251854309623e-01	2.834835251854309623e-01	2.834835251854309623e-01	3.589743589743589758e-01	2.834835251854309623e-01	3.574529667149060064e-01	1.000000000000000000e+00	2.834835251854309623e-01	2.824536376604849797e-01	3.364864864864859917e-01	1.361161524500910103e-01	2.834835251854309623e-01	3.953168044077129961e-01	2.834835251854309623e-01	3.449419568822549853e-01	2.834835251854309623e-01	2.834835251854309623e-01	3.851261620185920109e-01	2.834835251854309623e-01	2.834835251854309623e-01	2.834835251854309623e-01	4.125786163522009997e-01	1.955719557195569891e-01	4.010484927916119768e-01	2.685887708649469796e-01	2.834835251854309623e-01	3.452566096423019815e-01	9.926470588235289383e-02	3.166904422253919993e-01	2.872023809523809867e-01	2.834835251854309623e-01	2.834835251854309623e-01	2.790322580645159811e-01	2.811127379209369948e-01	2.834835251854309623e-01	2.834835251854309623e-01	2.834835251854309623e-01	3.637500000000000178e-01	1.680261011419250106e-01	2.834835251854309623e-01	4.554565701559020185e-01	3.400286944045909920e-01	2.834835251854309623e-01	3.222060957910010126e-01	2.834835251854309623e-01	4.308943089430889994e-01	3.263009845288329935e-01	2.834835251854309623e-01	8.301886792452829733e-02	2.834835251854309623e-01	2.834835251854309623e-01	2.016806722689080122e-01	2.834835251854309623e-01	2.834835251854309623e-01	2.834835251854309623e-01	2.834835251854309623e-01	2.834835251854309623e-01	2.536585365853660234e-01	4.240506329113920003e-01	3.577863577863579780e-01	2.834835251854309623e-01	2.834835251854309623e-01	3.421828908554570003e-01	2.834835251854309623e-01	4.921875000000000000e-01	2.834835251854309623e-01	2.834835251854309623e-01	4.773195876288660044e-01	3.395638629283490029e-01	2.834835251854309623e-01	2.834835251854309623e-01	2.834835251854309623e-01	3.412816691505219935e-01	3.352192362093350253e-01	2.834835251854309623e-01	3.546592489568849982e-01	2.834835251854309623e-01	2.834835251854309623e-01	1.617161716171620078e-01	4.246260069044879848e-01	3.787878787878790066e-01	1.403508771929820043e-01	2.942898975109810022e-01	2.834835251854309623e-01	2.834835251854309623e-01	5.355029585798819491e-01	2.627737226277370164e-01	2.834835251854309623e-01	2.834835251854309623e-01	3.498542274052480194e-01	2.834835251854309623e-01	3.416886543535619936e-01	1.917562724014340025e-01	2.834835251854309623e-01	2.834835251854309623e-01	2.834835251854309623e-01	2.834835251854309623e-01	2.834835251854309623e-01	2.834835251854309623e-01	2.834835251854309623e-01	3.433544303797469999e-01	2.834835251854309623e-01	2.834835251854309623e-01	2.834835251854309623e-01	3.190348525469169916e-01	2.834835251854309623e-01	2.371475953565509998e-01	3.365517241379309965e-01	3.986928104575159781e-01	3.964577656675750128e-01	2.834835251854309623e-01	3.884992987377279827e-01	3.818722139673110250e-01	2.834835251854309623e-01	2.834835251854309623e-01	3.227272727272729735e-01	3.294964028776979914e-01	2.057335581787519962e-01	2.834835251854309623e-01	2.834835251854309623e-01
2.834835251854309623e-01	4.507936507936510240e-01	2.670713201820940075e-01	2.834835251854309623e-01	2.834835251854309623e-01	2.834835251854309623e-01	2.140522875816990023e-01	3.127753303964759812e-01	3.049327354260090162e-01	2.834835251854309623e-01	2.834835251854309623e-01	1.000000000000000000e+00	2.834835251854309623e-01	2.834835251854309623e-01	1.275045537340619983e-01	2.834835251854309623e-01	2.834835251854309623e-01	3.360522022838500211e-01	2.863999999999999879e-01	2.834835251854309623e-01	4.171562867215040105e-01	4.695035460992910137e-01	4.098360655737710023e-01	3.938953488372090028e-01	2.834835251854309623e-01	3.950000000000000178e-01	2.834835251854309623e-01	2.834835251854309623e-01	2.834835251854309623e-01	3.424283765347890252e-01	2.834835251854309623e-01	2.834835251854309623e-01	2.834835251854309623e-01	2.834835251854309623e-01	2.834835251854309623e-01	4.556313993174059829e-01	2.697899838449109855e-01	2.878338278931750205e-01	4.368421052631579760e-01	4.221954161640529835e-01	2.834835251854309623e-01	3.601003764115430217e-01	2.834835251854309623e-01	2.834835251854309623e-01	2.834835251854309623e-01	3.318965517241380114e-01	2.913385826771650033e-01	2.834835251854309623e-01	3.434065934065930192e-01	3.949468085106380144e-01	3.183098591549299861e-01	2.834835251854309623e-01	8.000000000000000167e-02	2.834835251854309623e-01	2.537537537537539745e-01	2.834835251854309623e-01	3.647887323943659887e-01	1.445578231292519999e-01	2.118644067796610075e-01	2.694524495677230180e-01	2.834835251854309623e-01	2.834835251854309623e-01	3.550834597875570098e-01	3.522580645161290103e-01	2.834835251854309623e-01	3.876177658142659910e-01	2.834835251854309623e-01	2.834835251854309623e-01	4.853515625000000000e-01	2.834835251854309623e-01	3.102981029810299995e-01	2.834835251854309623e-01	2.834835251854309623e-01	2.834835251854309623e-01	2.834835251854309623e-01	4.943693693693689828e-01	2.834835251854309623e-01	2.834835251854309623e-01	2.336000000000000021e-01	3.356353591160219918e-01	4.556541019955649974e-01	2.834835251854309623e-01	2.834835251854309623e-01	2.834835251854309623e-01	3.710344827586209981e-01	2.834835251854309623e-01	3.724569640062599940e-01	4.615384615384620082e-01	1.798561151079139941e-01	3.477124183006540248e-01	2.834835251854309623e-01	2.834835251854309623e-01	4.544524053224159865e-01	3.035460992907800248e-01	2.834835251854309623e-01	4.066852367688020276e-01	2.834835251854309623e-01	2.834835251854309623e-01	2.231139646869980120e-01	2.834835251854309623e-01	2.834835251854309623e-01	2.834835251854309623e-01	2.834835251854309623e-01	2.834835251854309623e-01	2.815829528158300121e-01	2.759689922480619839e-01	2.834835251854309623e-01	3.007633587786259777e-01	2.834835251854309623e-01	2.834835251854309623e-01	2.834835251854309623e-01	3.160054719562240266e-01	3.716129032258059794e-01	2.834835251854309623e-01	2.661538461538460187e-01	2.834835251854309623e-01	2.834835251854309623e-01	2.834835251854309623e-01	3.093841642228740141e-01	3.061840120663649745e-01	2.834835251854309623e-01	2.834835251854309623e-01	3.762517882689560000e-01	2.834835251854309623e-01
