1.000000000000000000e+00	7.702821398194510394e-01	5.275902896042401480e-01	5.275902896042401480e-01	5.275902896042401480e-01	5.275902896042401480e-01	5.275902896042401480e-01	5.275902896042401480e-01	5.275902896042401480e-01	5.275902896042401480e-01	5.275902896042401480e-01	5.275902896042401480e-01	5.275902896042401480e-01	5.275902896042401480e-01	5.275902896042401480e-01	5.275902896042401480e-01	5.275902896042401480e-01	5.275902896042401480e-01	5.275902896042401480e-01	5.275902896042401480e-01	5.275902896042401480e-01	5.275902896042401480e-01	5.275902896042401480e-01	7.826637591530459792e-01	6.320570650614529828e-01	6.600401295458100392e-01	5.275902896042401480e-01	5.275902896042401480e-01	5.275902896042401480e-01	5.275902896042401480e-01	6.700253456698129773e-01	7.892715564744060552e-01	5.275902896042401480e-01	5.275902896042401480e-01	7.733932809009650411e-01	5.275902896042401480e-01	5.275902896042401480e-01	5.275902896042401480e-01	5.275902896042401480e-01	5.275902896042401480e-01	7.686390364260450303e-01	5.275902896042401480e-01	5.275902896042401480e-01	2.710278914776019787e-01	5.275902896042401480e-01	5.275902896042401480e-01	5.275902896042401480e-01	5.275902896042401480e-01	5.275902896042401480e-01	5.275902896042401480e-01	5.275902896042401480e-01	5.275902896042401480e-01	5.275902896042401480e-01	5.275902896042401480e-01	5.275902896042401480e-01	7.466131098307869918e-01	6.980268740117280268e-01	5.275902896042401480e-01	5.275902896042401480e-01	5.275902896042401480e-01	5.275902896042401480e-01	5.275902896042401480e-01	6.851046853613079746e-01	5.952961800309970464e-01	5.275902896042401480e-01	5.275902896042401480e-01	5.275902896042401480e-01	5.275902896042401480e-01	5.275902896042401480e-01	5.275902896042401480e-01	5.275902896042401480e-01	5.275902896042401480e-01	5.275902896042401480e-01	7.567174118060729926e-01	6.826812756494650136e-01	5.275902896042401480e-01	5.275902896042401480e-01	5.275902896042401480e-01	6.783786780744850420e-01	5.275902896042401480e-01	5.275902896042401480e-01	5.275902896042401480e-01	5.275902896042401480e-01	2.612045643459440236e-01	5.275902896042401480e-01	5.275902896042401480e-01	5.275902896042401480e-01	6.986689760132609450e-01	5.275902896042401480e-01	5.275902896042401480e-01	5.275902896042401480e-01	5.275902896042401480e-01	5.275902896042401480e-01	5.275902896042401480e-01	5.275902896042401480e-01	6.899224762390580024e-01	5.275902896042401480e-01	5.275902896042401480e-01	5.275902896042401480e-01	7.413175822693740535e-01	4.528755948231770190e-01	5.275902896042401480e-01	5.275902896042401480e-01	5.275902896042401480e-01	7.490024299042320477e-01	7.390689982537830272e-01	5.275902896042401480e-01	5.275902896042401480e-01	5.275902896042401480e-01	7.092676712011629636e-01	5.275902896042401480e-01	6.191250025464020146e-01	5.275902896042401480e-01	5.275902896042401480e-01	5.275902896042401480e-01	7.619648536881860057e-01	7.703551928981110519e-01	5.275902896042401480e-01	7.678977100194389616e-01	5.275902896042401480e-01	5.275902896042401480e-01	5.275902896042401480e-01	5.275902896042401480e-01	5.275902896042401480e-01
7.702821398194510394e-01	1.000000000000000000e+00	5.275902896042401480e-01	7.175132848387799633e-01	5.275902896042401480e-01	5.275902896042401480e-01	5.275902896042401480e-01	5.275902896042401480e-01	5.275902896042401480e-01	5.275902896042401480e-01	5.275902896042401480e-01	7.187865417608020335e-01	5.275902896042401480e-01	5.275902896042401480e-01	5.275902896042401480e-01	5.275902896042401480e-01	5.275902896042401480e-01	5.275902896042401480e-01	5.275902896042401480e-01	5.275902896042401480e-01	5.275902896042401480e-01	5.275902896042401480e-01	6.694060328827470263e-01	5.275902896042401480e-01	5.275902896042401480e-01	5.275902896042401480e-01	5.275902896042401480e-01	5.275902896042401480e-01	5.275902896042401480e-01	5.275902896042401480e-01	5.275902896042401480e-01	7.768975288603140461e-01	5.275902896042401480e-01	5.275902896042401480e-01	7.630820099136710333e-01	6.619276896899829454e-01	6.905800583784910129e-01	7.324496266901260322e-01	5.275902896042401480e-01	7.112719435338720197e-01	7.575851603801120326e-01	5.275902896042401480e-01	5.275902896042401480e-01	2.683757821394069931e-01	5.275902896042401480e-01	5.275902896042401480e-01	5.275902896042401480e-01	6.649538068507560018e-01	5.275902896042401480e-01	5.275902896042401480e-01	5.275902896042401480e-01	5.275902896042401480e-01	5.275902896042401480e-01	7.390498320332500315e-01	5.275902896042401480e-01	7.357631087023740468e-01	5.275902896042401480e-01	7.561096817712099627e-01	5.275902896042401480e-01	6.709607038666159928e-01	5.275902896042401480e-01	5.275902896042401480e-01	6.786102729968489511e-01	5.275902896042401480e-01	5.121140838228519510e-01	5.275902896042401480e-01	5.275902896042401480e-01	6.419641848905449644e-02	5.275902896042401480e-01	5.275902896042401480e-01	7.560782567493929962e-01	5.275902896042401480e-01	5.275902896042401480e-01	5.275902896042401480e-01	6.728520611567679888e-01	6.949744146055060190e-01	5.275902896042401480e-01	7.253794832573829954e-01	5.275902896042401480e-01	5.275902896042401480e-01	5.275902896042401480e-01	2.858936423650100256e-01	5.275902896042401480e-01	2.598503971888729835e-01	5.275902896042401480e-01	5.275902896042401480e-01	7.076981173076329901e-01	5.275902896042401480e-01	5.275902896042401480e-01	5.275902896042401480e-01	5.275902896042401480e-01	7.393946275371300336e-01	5.275902896042401480e-01	5.275902896042401480e-01	5.275902896042401480e-01	5.275902896042401480e-01	6.815450880159810154e-01	6.843530845518149830e-01	6.871244143032140261e-03	7.303531263597470291e-01	4.504112199709690012e-01	5.275902896042401480e-01	5.275902896042401480e-01	5.275902896042401480e-01	5.275902896042401480e-01	7.246712689573829858e-01	5.275902896042401480e-01	5.275902896042401480e-01	5.275902896042401480e-01	5.275902896042401480e-01	5.275902896042401480e-01	5.275902896042401480e-01	5.275902896042401480e-01	5.275902896042401480e-01	5.275902896042401480e-01	7.528574894654179728e-01	5.275902896042401480e-01	7.537753847322700151e-01	7.577612576955810031e-01	5.275902896042401480e-01	5.275902896042401480e-01	5.275902896042401480e-01	5.275902896042401480e-01	6.633013771116610391e-01
5.275902896042401480e-01	5.275902896042401480e-01	1.000000000000000000e+00	5.275902896042401480e-01	5.275902896042401480e-01	6.690794332888649887e-01	5.275902896042401480e-01	5.275902896042401480e-01	5.275902896042401480e-01	4.905891070089329897e-01	5.275902896042401480e-01	5.275902896042401480e-01	5.275902896042401480e-01	5.275902896042401480e-01	5.275902896042401480e-01	5.275902896042401480e-01	5.275902896042401480e-01	5.275902896042401480e-01	7.284911180288700105e-01	5.275902896042401480e-01	5.275902896042401480e-01	5.275902896042401480e-01	5.275902896042401480e-01	7.324135130312080522e-01	5.892050722143939989e-01	5.275902896042401480e-01	5.275902896042401480e-01	3.847568015339289937e-01	6.726374809536309618e-01	5.275902896042401480e-01	6.239983063351800530e-01	5.275902896042401480e-01	7.410390656815030175e-01	4.229973910132879822e-01	7.205241361425199775e-01	6.289693426392040099e-01	5.275902896042401480e-01	5.275902896042401480e-01	5.275902896042401480e-01	5.275902896042401480e-01	7.150140052435790539e-01	5.275902896042401480e-01	6.417275244188329619e-01	5.275902896042401480e-01	5.275902896042401480e-01	5.275902896042401480e-01	5.275902896042401480e-01	5.275902896042401480e-01	6.520613480199890510e-01	5.275902896042401480e-01	6.168275836602510331e-01	5.275902896042401480e-01	6.870046113454659764e-01	5.275902896042401480e-01	5.275902896042401480e-01	5.275902896042401480e-01	5.275902896042401480e-01	5.275902896042401480e-01	5.275902896042401480e-01	6.346830053091260249e-01	6.697732431504600514e-01	4.642366022828159910e-01	6.418655846541519994e-01	5.275902896042401480e-01	5.275902896042401480e-01	5.275902896042401480e-01	6.713067149291359614e-01	6.113756868373920045e-02	6.783281203060219644e-01	1.936690708919679982e-01	7.108840612498019684e-01	3.254492742305800101e-01	7.189919706166280067e-01	5.275902896042401480e-01	6.359239757461649933e-01	5.275902896042401480e-01	6.408657334016459872e-01	5.275902896042401480e-01	5.275902896042401480e-01	6.779910524689910511e-01	5.675342610075799765e-01	2.739893048991369762e-01	4.649593417007830132e-01	5.275902896042401480e-01	5.275902896042401480e-01	5.275902896042401480e-01	6.698105930611280012e-01	5.275902896042401480e-01	5.275902896042401480e-01	5.275902896042401480e-01	5.275902896042401480e-01	5.275902896042401480e-01	5.275902896042401480e-01	6.320278931171540160e-01	5.275902896042401480e-01	6.455017915091300074e-01	5.275902896042401480e-01	5.275902896042401480e-01	5.275902896042401480e-01	6.899145151588199631e-01	5.275902896042401480e-01	6.390440427004110413e-01	5.275902896042401480e-01	5.683534397294780494e-01	5.275902896042401480e-01	5.275902896042401480e-01	5.275902896042401480e-01	5.275902896042401480e-01	5.275902896042401480e-01	5.275902896042401480e-01	5.275902896042401480e-01	5.727758638992710427e-01	6.324812969335550372e-01	7.269875936050409493e-01	5.275902896042401480e-01	5.275902896042401480e-01	5.275902896042401480e-01	7.144369306699329680e-01	5.275902896042401480e-01	5.275902896042401480e-01	5.275902896042401480e-01	5.275902896042401480e-01	5.275902896042401480e-01	5.275902896042401480e-01
5.275902896042401480e-01	7.175132848387799633e-01	5.275902896042401480e-01	1.000000000000000000e+00	4.136119415015029888e-01	6.737471812719330044e-01	5.275902896042401480e-01	5.275902896042401480e-01	4.678323308259410007e-01	5.275902896042401480e-01	5.275902896042401480e-01	5.275902896042401480e-01	7.065626067936200405e-01	5.275902896042401480e-01	5.275902896042401480e-01	7.581793082292950237e-01	5.275902896042401480e-01	6.734009033609750228e-01	7.335585176992970302e-01	6.278754886728780127e-01	5.275902896042401480e-01	7.232896123448909753e-01	5.275902896042401480e-01	7.323424661669239999e-01	5.961177493950140516e-01	5.275902896042401480e-01	5.275902896042401480e-01	3.934888933612299966e-01	6.755098071898300027e-01	6.076452010410929860e-01	6.296116294949920533e-01	5.275902896042401480e-01	7.443704105300119611e-01	5.275902896042401480e-01	5.275902896042401480e-01	5.275902896042401480e-01	5.275902896042401480e-01	5.275902896042401480e-01	5.275902896042401480e-01	5.275902896042401480e-01	5.275902896042401480e-01	5.275902896042401480e-01	5.275902896042401480e-01	5.275902896042401480e-01	5.275902896042401480e-01	5.275902896042401480e-01	5.275902896042401480e-01	5.275902896042401480e-01	5.275902896042401480e-01	5.275902896042401480e-01	6.208115190257840199e-01	6.445216061134909635e-01	5.275902896042401480e-01	7.038860315779550403e-01	5.275902896042401480e-01	5.275902896042401480e-01	6.504852826881579730e-01	5.275902896042401480e-01	5.275902896042401480e-01	6.374584376017430332e-01	5.275902896042401480e-01	5.275902896042401480e-01	5.275902896042401480e-01	5.275902896042401480e-01	5.275902896042401480e-01	5.275902896042401480e-01	5.275902896042401480e-01	6.159465045766159691e-02	5.275902896042401480e-01	1.960415583892670122e-01	5.275902896042401480e-01	5.275902896042401480e-01	5.275902896042401480e-01	5.275902896042401480e-01	6.397561097017370191e-01	6.600293935423859892e-01	5.275902896042401480e-01	5.275902896042401480e-01	5.275902896042401480e-01	5.275902896042401480e-01	5.275902896042401480e-01	5.275902896042401480e-01	5.275902896042401480e-01	5.275902896042401480e-01	5.275902896042401480e-01	2.585407548521910237e-01	5.275902896042401480e-01	5.275902896042401480e-01	5.275902896042401480e-01	5.275902896042401480e-01	6.682414212785090513e-01	5.275902896042401480e-01	6.534648687561449565e-01	6.320959878395759901e-01	3.872349282651589841e-01	6.497952589783879684e-01	5.275902896042401480e-01	5.275902896042401480e-01	6.867193077526790278e-03	5.275902896042401480e-01	4.279802320577190122e-01	5.275902896042401480e-01	5.275902896042401480e-01	5.275902896042401480e-01	6.971111248387760195e-01	5.275902896042401480e-01	5.275902896042401480e-01	5.275902896042401480e-01	5.275902896042401480e-01	5.275902896042401480e-01	5.275902896042401480e-01	5.782356836000449585e-01	5.275902896042401480e-01	5.275902896042401480e-01	5.275902896042401480e-01	5.275902896042401480e-01	7.146428547080609928e-01	7.149291748286310533e-01	7.203626642334129970e-01	5.275902896042401480e-01	6.991742955136039939e-01	5.275902896042401480e-01	6.342127031656019653e-01	5.275902896042401480e-01
5.275902896042401480e-01	5.275902896042401480e-01	5.275902896042401480e-01	4.136119415015029888e-01	9.999999999999900080e-01	5.275902896042401480e-01	3.696893308798789857e-01	5.275902896042401480e-01	5.275902896042401480e-01	3.083087458167099726e-01	5.275902896042401480e-01	5.275902896042401480e-01	5.275902896042401480e-01	5.275902896042401480e-01	5.275902896042401480e-01	5.275902896042401480e-01	5.275902896042401480e-01	5.275902896042401480e-01	5.275902896042401480e-01	3.799985594120040000e-01	3.825555383183609770e-01	5.275902896042401480e-01	5.275902896042401480e-01	5.275902896042401480e-01	5.275902896042401480e-01	3.807313800959130079e-01	5.275902896042401480e-01	5.275902896042401480e-01	5.275902896042401480e-01	3.701100765013080052e-01	5.275902896042401480e-01	4.440445060498329766e-01	5.275902896042401480e-01	5.275902896042401480e-01	5.275902896042401480e-01	5.275902896042401480e-01	5.275902896042401480e-01	5.275902896042401480e-01	7.509821708335709389e-02	5.275902896042401480e-01	5.275902896042401480e-01	5.275902896042401480e-01	5.275902896042401480e-01	5.275902896042401480e-01	3.151990921806819834e-01	5.275902896042401480e-01	5.275902896042401480e-01	5.275902896042401480e-01	3.981639605519090019e-01	5.275902896042401480e-01	3.755608836969689945e-01	5.275902896042401480e-01	4.188214774617379788e-01	4.242835938665269757e-01	1.708365617327619879e-01	4.237117080613009845e-01	5.275902896042401480e-01	5.275902896042401480e-01	5.275902896042401480e-01	3.838780361331600166e-01	5.275902896042401480e-01	2.924996766164499884e-01	3.906866035789500202e-01	5.275902896042401480e-01	5.275902896042401480e-01	7.438307828690819690e-02	5.275902896042401480e-01	5.275902896042401480e-01	5.275902896042401480e-01	1.288164266461170049e-01	5.275902896042401480e-01	5.275902896042401480e-01	5.275902896042401480e-01	5.275902896042401480e-01	5.275902896042401480e-01	5.275902896042401480e-01	5.275902896042401480e-01	5.275902896042401480e-01	5.275902896042401480e-01	5.275902896042401480e-01	5.275902896042401480e-01	5.275902896042401480e-01	5.275902896042401480e-01	5.275902896042401480e-01	5.275902896042401480e-01	5.275902896042401480e-01	5.275902896042401480e-01	3.957803256860810137e-01	5.275902896042401480e-01	3.654365420637369771e-02	5.275902896042401480e-01	5.275902896042401480e-01	5.275902896042401480e-01	5.275902896042401480e-01	2.458100063565019922e-01	5.275902896042401480e-01	3.905676536861160120e-01	3.980284153759829913e-01	5.597644305106889984e-03	4.191377676888520254e-01	5.275902896042401480e-01	5.275902896042401480e-01	5.275902896042401480e-01	5.275902896042401480e-01	5.275902896042401480e-01	5.275902896042401480e-01	4.182779720612440078e-01	5.275902896042401480e-01	5.275902896042401480e-01	5.275902896042401480e-01	5.275902896042401480e-01	5.275902896042401480e-01	5.275902896042401480e-01	5.275902896042401480e-01	4.341331407620260263e-01	5.275902896042401480e-01	4.356234371810839834e-01	5.275902896042401480e-01	4.306953260675610018e-01	4.007422400498569792e-01	5.275902896042401480e-01	5.275902896042401480e-01	5.275902896042401480e-01	3.758788038420929900e-01
5.275902896042401480e-01	5.275902896042401480e-01	6.690794332888649887e-01	6.737471812719330044e-01	5.275902896042401480e-01	1.000000000000000000e+00	5.987564051324769654e-01	5.275902896042401480e-01	5.275902896042401480e-01	5.275902896042401480e-01	5.275902896042401480e-01	6.713959968234759490e-01	7.005622396729630497e-01	5.275902896042401480e-01	5.275902896042401480e-01	5.275902896042401480e-01	5.275902896042401480e-01	6.664144123051970459e-01	5.275902896042401480e-01	6.228960694412669641e-01	5.275902896042401480e-01	5.275902896042401480e-01	5.275902896042401480e-01	5.275902896042401480e-01	5.275902896042401480e-01	6.099438359319959702e-01	5.275902896042401480e-01	3.865071889561559892e-01	5.275902896042401480e-01	5.275902896042401480e-01	5.275902896042401480e-01	7.300569969136410098e-01	5.275902896042401480e-01	4.207925723560519971e-01	5.275902896042401480e-01	6.170374574440510296e-01	6.469738341505379964e-01	5.275902896042401480e-01	5.275902896042401480e-01	5.275902896042401480e-01	7.094494424678889910e-01	5.275902896042401480e-01	5.275902896042401480e-01	5.275902896042401480e-01	5.275902896042401480e-01	5.275902896042401480e-01	5.275902896042401480e-01	5.275902896042401480e-01	6.488103556505939729e-01	6.503108385123770319e-01	5.275902896042401480e-01	5.275902896042401480e-01	6.801010400625030483e-01	5.275902896042401480e-01	5.275902896042401480e-01	5.275902896042401480e-01	5.275902896042401480e-01	5.275902896042401480e-01	5.275902896042401480e-01	6.294650115854180106e-01	5.275902896042401480e-01	5.275902896042401480e-01	5.275902896042401480e-01	5.275902896042401480e-01	5.275902896042401480e-01	1.069781977531390066e-01	5.275902896042401480e-01	5.275902896042401480e-01	5.275902896042401480e-01	1.925592473042140040e-01	7.147325821167570536e-01	5.275902896042401480e-01	7.169632585678199499e-01	5.275902896042401480e-01	6.302854729118949617e-01	5.275902896042401480e-01	6.424283717665589810e-01	5.275902896042401480e-01	5.275902896042401480e-01	5.275902896042401480e-01	5.595707001117210533e-01	5.275902896042401480e-01	5.275902896042401480e-01	5.275902896042401480e-01	5.275902896042401480e-01	5.275902896042401480e-01	5.275902896042401480e-01	5.275902896042401480e-01	5.275902896042401480e-01	5.275902896042401480e-01	5.275902896042401480e-01	5.275902896042401480e-01	5.275902896042401480e-01	5.275902896042401480e-01	3.831998880558080134e-01	5.275902896042401480e-01	5.275902896042401480e-01	6.422108948596849665e-01	5.275902896042401480e-01	5.275902896042401480e-01	5.275902896042401480e-01	6.421828939599589781e-01	5.275902896042401480e-01	5.275902896042401480e-01	5.275902896042401480e-01	6.832407497421709719e-01	5.275902896042401480e-01	5.275902896042401480e-01	5.275902896042401480e-01	6.530288008832370039e-01	5.275902896042401480e-01	5.275902896042401480e-01	5.275902896042401480e-01	5.275902896042401480e-01	5.275902896042401480e-01	7.083304574950249899e-01	5.275902896042401480e-01	5.275902896042401480e-01	7.101666198653590056e-01	5.275902896042401480e-01	5.275902896042401480e-01	7.001070627429699655e-01	6.278312838016849584e-01	5.275902896042401480e-01
5.275902896042401480e-01	5.275902896042401480e-01	5.275902896042401480e-01	5.275902896042401480e-01	3.696893308798789857e-01	5.987564051324769654e-01	1.000000000000000000e+00	5.275902896042401480e-01	5.275902896042401480e-01	5.275902896042401480e-01	5.275902896042401480e-01	5.275902896042401480e-01	5.275902896042401480e-01	5.275902896042401480e-01	5.275902896042401480e-01	5.275902896042401480e-01	6.467920735495840123e-01	5.275902896042401480e-01	5.275902896042401480e-01	5.275902896042401480e-01	5.275902896042401480e-01	5.275902896042401480e-01	5.275902896042401480e-01	5.275902896042401480e-01	5.275902896042401480e-01	5.275902896042401480e-01	5.275902896042401480e-01	3.517839258200010089e-01	6.104334223010120519e-01	5.478264425749800326e-01	5.275902896042401480e-01	5.275902896042401480e-01	5.275902896042401480e-01	3.836430835404520123e-01	5.275902896042401480e-01	5.275902896042401480e-01	5.838293943154609922e-01	5.275902896042401480e-01	5.275902896042401480e-01	5.275902896042401480e-01	6.407065019606520417e-01	5.565194372705040138e-01	5.741414021934579948e-01	5.275902896042401480e-01	4.557097974349960112e-01	5.275902896042401480e-01	5.275902896042401480e-01	5.275902896042401480e-01	5.869417014874670491e-01	5.275902896042401480e-01	5.275902896042401480e-01	5.758667196642259789e-01	5.275902896042401480e-01	5.275902896042401480e-01	5.275902896042401480e-01	5.275902896042401480e-01	5.895947698803349901e-01	5.275902896042401480e-01	5.275902896042401480e-01	5.708420578132530343e-01	5.275902896042401480e-01	5.275902896042401480e-01	5.795915976662580071e-01	5.275902896042401480e-01	5.275902896042401480e-01	9.758558980258200122e-02	6.011910400806700361e-01	5.735915348036149664e-02	6.114953690987340318e-01	5.275902896042401480e-01	6.389610434716590515e-01	5.275902896042401480e-01	6.470671154006939485e-01	6.299620374351789787e-01	5.275902896042401480e-01	5.907028463066610335e-01	5.275902896042401480e-01	5.275902896042401480e-01	5.275902896042401480e-01	6.062858941050209838e-01	5.136489491801220497e-01	5.275902896042401480e-01	5.275902896042401480e-01	5.275902896042401480e-01	5.275902896042401480e-01	5.275902896042401480e-01	5.275902896042401480e-01	5.275902896042401480e-01	5.275902896042401480e-01	4.429731944381629788e-02	6.020433370964769493e-01	5.275902896042401480e-01	5.877887235125659471e-01	5.676724271345290340e-01	5.275902896042401480e-01	5.275902896042401480e-01	5.275902896042401480e-01	5.804078684705570312e-01	6.650392340364310283e-03	5.275902896042401480e-01	5.275902896042401480e-01	5.275902896042401480e-01	5.275902896042401480e-01	5.275902896042401480e-01	5.275902896042401480e-01	5.275902896042401480e-01	5.275902896042401480e-01	5.275902896042401480e-01	5.275902896042401480e-01	5.275902896042401480e-01	5.275902896042401480e-01	5.275902896042401480e-01	5.768013346881449843e-01	6.558905836127260081e-01	6.390652626731120334e-01	5.275902896042401480e-01	5.275902896042401480e-01	5.275902896042401480e-01	5.275902896042401480e-01	5.275902896042401480e-01	5.275902896042401480e-01	5.275902896042401480e-01	5.674178762064789883e-01	5.275902896042401480e-01
5.275902896042401480e-01	5.275902896042401480e-01	5.275902896042401480e-01	5.275902896042401480e-01	5.275902896042401480e-01	5.275902896042401480e-01	5.275902896042401480e-01	1.000000000000000000e+00	5.275902896042401480e-01	5.275902896042401480e-01	5.522161949035510053e-01	5.578067502417759504e-01	5.776171797392920526e-01	5.275902896042401480e-01	5.275902896042401480e-01	5.275902896042401480e-01	5.275902896042401480e-01	5.275902896042401480e-01	5.275902896042401480e-01	5.190012571817560483e-01	5.275902896042401480e-01	5.275902896042401480e-01	5.275902896042401480e-01	5.275902896042401480e-01	4.854575054920939881e-01	5.275902896042401480e-01	5.275902896042401480e-01	5.275902896042401480e-01	5.497853577383420287e-01	4.960173360516870189e-01	5.275902896042401480e-01	5.275902896042401480e-01	5.275902896042401480e-01	5.275902896042401480e-01	5.275902896042401480e-01	5.146007766585890542e-01	5.275902896042401480e-01	5.660412299066389652e-01	5.275902896042401480e-01	5.275902896042401480e-01	5.848089164585269506e-01	5.067829567768209476e-01	5.275902896042401480e-01	5.275902896042401480e-01	4.187231189446530277e-01	5.275902896042401480e-01	4.208709763002310145e-01	5.156933393222430384e-01	5.275902896042401480e-01	5.275902896042401480e-01	5.099223212402379524e-01	5.275902896042401480e-01	5.623681194999800015e-01	5.756044343742720004e-01	5.275902896042401480e-01	5.275902896042401480e-01	5.295578439208730170e-01	5.275902896042401480e-01	5.275902896042401480e-01	5.275902896042401480e-01	5.411422194455639545e-01	5.275902896042401480e-01	5.275902896042401480e-01	5.275902896042401480e-01	5.275902896042401480e-01	5.275902896042401480e-01	5.541522255049570189e-01	5.394869203077769931e-02	5.275902896042401480e-01	1.641330219649939914e-01	5.873495341151150351e-01	5.275902896042401480e-01	5.905218757135549668e-01	5.275902896042401480e-01	5.275902896042401480e-01	5.414804403106640018e-01	5.275902896042401480e-01	5.275902896042401480e-01	5.275902896042401480e-01	5.275902896042401480e-01	4.693683423740209748e-01	5.275902896042401480e-01	5.275902896042401480e-01	2.118182471991179872e-01	5.275902896042401480e-01	5.275902896042401480e-01	5.275902896042401480e-01	5.341678588331819633e-01	1.000000000000000021e-03	4.216305624675149855e-02	5.275902896042401480e-01	5.275902896042401480e-01	5.275902896042401480e-01	5.275902896042401480e-01	5.275902896042401480e-01	5.275902896042401480e-01	5.279183973627400439e-01	5.275902896042401480e-01	6.196822899642969763e-03	5.275902896042401480e-01	5.275902896042401480e-01	5.291221772620220420e-01	5.275902896042401480e-01	5.275902896042401480e-01	5.707320634310319996e-01	5.275902896042401480e-01	5.275902896042401480e-01	5.275902896042401480e-01	5.275902896042401480e-01	5.275902896042401480e-01	5.275902896042401480e-01	5.275902896042401480e-01	5.275902896042401480e-01	5.275902896042401480e-01	5.844809907488509593e-01	5.275902896042401480e-01	5.852531200513190202e-01	5.880137050333319459e-01	5.275902896042401480e-01	5.492235319894740453e-01	5.275902896042401480e-01	5.275902896042401480e-01	5.185260649920040432e-01	5.275902896042401480e-01
5.275902896042401480e-01	5.275902896042401480e-01	5.275902896042401480e-01	4.678323308259410007e-01	5.275902896042401480e-01	5.275902896042401480e-01	5.275902896042401480e-01	5.275902896042401480e-01	9.999999999999960032e-01	3.516964031844819760e-01	4.675474709784709915e-01	5.275902896042401480e-01	4.853365036524660003e-01	5.275902896042401480e-01	3.936140759867640115e-01	5.275902896042401480e-01	5.275902896042401480e-01	4.610556106030629930e-01	4.994026061801329908e-01	5.275902896042401480e-01	5.275902896042401480e-01	4.975099623778870273e-01	5.275902896042401480e-01	5.275902896042401480e-01	5.275902896042401480e-01	4.265787391322790056e-01	5.275902896042401480e-01	2.821941312925270173e-01	5.275902896042401480e-01	5.275902896042401480e-01	5.275902896042401480e-01	5.020368257733259787e-01	5.275902896042401480e-01	5.275902896042401480e-01	5.275902896042401480e-01	5.275902896042401480e-01	5.275902896042401480e-01	5.275902896042401480e-01	5.275902896042401480e-01	5.275902896042401480e-01	5.275902896042401480e-01	5.275902896042401480e-01	5.275902896042401480e-01	5.275902896042401480e-01	3.584400429891330120e-01	5.275902896042401480e-01	3.574049010905129831e-01	5.275902896042401480e-01	4.558065872892340109e-01	5.275902896042401480e-01	5.275902896042401480e-01	5.275902896042401480e-01	5.275902896042401480e-01	5.275902896042401480e-01	5.275902896042401480e-01	4.796569880323779955e-01	5.275902896042401480e-01	5.275902896042401480e-01	5.275902896042401480e-01	5.275902896042401480e-01	5.275902896042401480e-01	5.275902896042401480e-01	5.275902896042401480e-01	5.275902896042401480e-01	3.438283861247820039e-01	5.275902896042401480e-01	4.613934074989189948e-01	5.275902896042401480e-01	5.275902896042401480e-01	5.275902896042401480e-01	5.275902896042401480e-01	5.275902896042401480e-01	5.275902896042401480e-01	5.275902896042401480e-01	5.275902896042401480e-01	5.275902896042401480e-01	5.275902896042401480e-01	5.275902896042401480e-01	4.386308300353020106e-01	5.275902896042401480e-01	3.963298861132619755e-01	5.275902896042401480e-01	5.275902896042401480e-01	5.275902896042401480e-01	5.275902896042401480e-01	5.275902896042401480e-01	5.275902896042401480e-01	5.275902896042401480e-01	5.275902896042401480e-01	5.275902896042401480e-01	4.636832663574569913e-01	5.275902896042401480e-01	5.275902896042401480e-01	5.275902896042401480e-01	2.737855066352339883e-01	5.275902896042401480e-01	5.275902896042401480e-01	5.275902896042401480e-01	5.275902896042401480e-01	5.275902896042401480e-01	2.979076955654980097e-01	5.275902896042401480e-01	5.275902896042401480e-01	5.275902896042401480e-01	5.275902896042401480e-01	5.275902896042401480e-01	4.667843983795110230e-01	5.275902896042401480e-01	5.122885924410519598e-01	5.275902896042401480e-01	5.275902896042401480e-01	5.275902896042401480e-01	5.275902896042401480e-01	5.275902896042401480e-01	4.905496063578180244e-01	5.275902896042401480e-01	5.275902896042401480e-01	5.275902896042401480e-01	4.931037424174269934e-01	5.275902896042401480e-01	5.275902896042401480e-01	5.275902896042401480e-01	5.275902896042401480e-01	5.275902896042401480e-01
5.275902896042401480e-01	5.275902896042401480e-01	4.905891070089329897e-01	5.275902896042401480e-01	3.083087458167099726e-01	5.275902896042401480e-01	5.275902896042401480e-01	5.275902896042401480e-01	3.516964031844819760e-01	9.999999999999980016e-01	4.900840276683749996e-01	5.275902896042401480e-01	5.275902896042401480e-01	4.628172419180680008e-01	5.275902896042401480e-01	5.430085489038259938e-01	5.275902896042401480e-01	4.852376629888929815e-01	5.275902896042401480e-01	4.535066650626500273e-01	5.275902896042401480e-01	5.275902896042401480e-01	5.275902896042401480e-01	5.275902896042401480e-01	5.275902896042401480e-01	5.275902896042401480e-01	5.275902896042401480e-01	5.275902896042401480e-01	5.275902896042401480e-01	5.275902896042401480e-01	5.275902896042401480e-01	5.275902896042401480e-01	5.372237150867730238e-01	5.275902896042401480e-01	5.275902896042401480e-01	4.567602951835599834e-01	5.275902896042401480e-01	5.024312948300110326e-01	5.275902896042401480e-01	5.275902896042401480e-01	5.202638985240759517e-01	4.478193750264389816e-01	5.275902896042401480e-01	5.275902896042401480e-01	3.704574746090180115e-01	5.275902896042401480e-01	3.732288427355279770e-01	4.541416753972820075e-01	5.275902896042401480e-01	4.817660796869610018e-01	5.275902896042401480e-01	4.677393250358939936e-01	4.987928691340129950e-01	5.275902896042401480e-01	5.275902896042401480e-01	5.023210161946070063e-01	5.275902896042401480e-01	5.151193660685510212e-01	5.275902896042401480e-01	5.275902896042401480e-01	5.275902896042401480e-01	5.275902896042401480e-01	5.275902896042401480e-01	5.275902896042401480e-01	5.275902896042401480e-01	5.275902896042401480e-01	4.857860093050809791e-01	5.275902896042401480e-01	5.275902896042401480e-01	5.275902896042401480e-01	5.161221668622899550e-01	5.275902896042401480e-01	5.275902896042401480e-01	5.275902896042401480e-01	5.275902896042401480e-01	5.275902896042401480e-01	4.687569324009739913e-01	4.975355487332980275e-01	4.632384003253550153e-01	5.275902896042401480e-01	5.275902896042401480e-01	5.275902896042401480e-01	5.275902896042401480e-01	1.876921636053709985e-01	5.275902896042401480e-01	5.275902896042401480e-01	5.275902896042401480e-01	4.717936195558929957e-01	1.000000000000000021e-03	3.667728147191429838e-02	5.275902896042401480e-01	5.275902896042401480e-01	5.275902896042401480e-01	4.589061059081849803e-01	5.275902896042401480e-01	5.275902896042401480e-01	4.643905882335819801e-01	4.701402541090319853e-01	5.275902896042401480e-01	5.275902896042401480e-01	5.275902896042401480e-01	5.275902896042401480e-01	5.275902896042401480e-01	5.275902896042401480e-01	5.275902896042401480e-01	5.275902896042401480e-01	5.275902896042401480e-01	4.778831200763690168e-01	5.376490259192560073e-01	5.275902896042401480e-01	5.275902896042401480e-01	5.275902896042401480e-01	4.647739700431020027e-01	5.269665478641210044e-01	5.275902896042401480e-01	5.275902896042401480e-01	5.275902896042401480e-01	5.115103917580170467e-01	5.275902896042401480e-01	5.275902896042401480e-01	5.012516920402609877e-01	5.275902896042401480e-01	5.275902896042401480e-01	5.275902896042401480e-01
5.275902896042401480e-01	5.275902896042401480e-01	5.275902896042401480e-01	5.275902896042401480e-01	5.275902896042401480e-01	5.275902896042401480e-01	5.275902896042401480e-01	5.522161949035510053e-01	4.675474709784709915e-01	4.900840276683749996e-01	1.000000000000000000e+00	6.783910524216749671e-01	5.275902896042401480e-01	5.275902896042401480e-01	5.644906659621079514e-01	5.275902896042401480e-01	7.209878367545720090e-01	6.728263238490179710e-01	7.292457193751069600e-01	5.275902896042401480e-01	5.275902896042401480e-01	5.275902896042401480e-01	5.275902896042401480e-01	5.275902896042401480e-01	5.275902896042401480e-01	5.275902896042401480e-01	5.275902896042401480e-01	3.869711779956709896e-01	5.275902896042401480e-01	5.275902896042401480e-01	6.229376491878210187e-01	5.275902896042401480e-01	5.275902896042401480e-01	5.275902896042401480e-01	5.275902896042401480e-01	5.275902896042401480e-01	5.275902896042401480e-01	5.275902896042401480e-01	1.111241850953469945e-01	5.275902896042401480e-01	5.275902896042401480e-01	5.275902896042401480e-01	5.275902896042401480e-01	5.275902896042401480e-01	5.056774027167779684e-01	6.999926599096180091e-01	5.275902896042401480e-01	6.248329183448320112e-01	6.527860184306399915e-01	5.275902896042401480e-01	6.189415755600480296e-01	5.275902896042401480e-01	5.275902896042401480e-01	5.275902896042401480e-01	5.275902896042401480e-01	5.275902896042401480e-01	5.275902896042401480e-01	5.275902896042401480e-01	5.275902896042401480e-01	5.275902896042401480e-01	5.275902896042401480e-01	4.615533169382510237e-01	5.275902896042401480e-01	5.275902896042401480e-01	4.792810703010240148e-01	5.275902896042401480e-01	5.275902896042401480e-01	6.077415909996009696e-02	6.786925528369690541e-01	5.275902896042401480e-01	7.169091503502890150e-01	5.275902896042401480e-01	7.172724408835150500e-01	6.977387069817839738e-01	5.275902896042401480e-01	5.275902896042401480e-01	5.275902896042401480e-01	5.275902896042401480e-01	6.330808666621849934e-01	5.275902896042401480e-01	5.659892160460799904e-01	2.720336202600849851e-01	5.275902896042401480e-01	2.475003037117070037e-01	5.275902896042401480e-01	2.542745188945069734e-01	5.275902896042401480e-01	5.275902896042401480e-01	5.275902896042401480e-01	5.275902896042401480e-01	6.665915084135639601e-01	6.909728885167230050e-01	5.275902896042401480e-01	5.275902896042401480e-01	5.275902896042401480e-01	6.418667961647399611e-01	5.275902896042401480e-01	6.430848860990699967e-01	6.747591351319970343e-03	5.275902896042401480e-01	5.275902896042401480e-01	5.275902896042401480e-01	5.275902896042401480e-01	5.275902896042401480e-01	5.275902896042401480e-01	5.275902896042401480e-01	6.836909310701240194e-01	6.544654770000940536e-01	7.431024594678879991e-01	5.275902896042401480e-01	5.275902896042401480e-01	5.275902896042401480e-01	5.275902896042401480e-01	7.269543744655070361e-01	5.275902896042401480e-01	5.275902896042401480e-01	5.275902896042401480e-01	5.275902896042401480e-01	5.275902896042401480e-01	6.641357280428540344e-01	5.275902896042401480e-01	5.275902896042401480e-01	5.275902896042401480e-01	6.180369259781689495e-01
5.275902896042401480e-01	7.187865417608020335e-01	5.275902896042401480e-01	5.275902896042401480e-01	5.275902896042401480e-01	6.713959968234759490e-01	5.275902896042401480e-01	5.578067502417759504e-01	5.275902896042401480e-01	5.275902896042401480e-01	6.783910524216749671e-01	1.000000000000000000e+00	5.275902896042401480e-01	6.374716450125079703e-01	5.275902896042401480e-01	5.275902896042401480e-01	5.275902896042401480e-01	6.763225380765069961e-01	5.275902896042401480e-01	5.275902896042401480e-01	5.275902896042401480e-01	7.263736667447340256e-01	5.275902896042401480e-01	7.384553322231409700e-01	5.275902896042401480e-01	5.275902896042401480e-01	1.773201552549570070e-01	5.275902896042401480e-01	5.275902896042401480e-01	6.106236807583520498e-01	6.316748749697650434e-01	5.275902896042401480e-01	5.275902896042401480e-01	5.275902896042401480e-01	5.275902896042401480e-01	5.275902896042401480e-01	5.275902896042401480e-01	5.275902896042401480e-01	5.275902896042401480e-01	5.275902896042401480e-01	5.275902896042401480e-01	5.275902896042401480e-01	5.275902896042401480e-01	5.275902896042401480e-01	5.275902896042401480e-01	7.059829732700889648e-01	5.275902896042401480e-01	5.275902896042401480e-01	6.607565181794560205e-01	5.275902896042401480e-01	6.240409092997929452e-01	5.275902896042401480e-01	6.914592290853690537e-01	7.075786243647139706e-01	2.607968049059610216e-01	5.275902896042401480e-01	5.275902896042401480e-01	5.275902896042401480e-01	5.275902896042401480e-01	5.275902896042401480e-01	6.706752910935279699e-01	5.275902896042401480e-01	6.455019030051609707e-01	5.275902896042401480e-01	4.909648765332449982e-01	1.065665387937879960e-01	5.275902896042401480e-01	6.251065609763989395e-02	5.275902896042401480e-01	1.972353126051029915e-01	7.207328181829000258e-01	5.275902896042401480e-01	7.276228616802199456e-01	5.275902896042401480e-01	6.393047061912570106e-01	5.275902896042401480e-01	5.275902896042401480e-01	5.275902896042401480e-01	5.275902896042401480e-01	5.275902896042401480e-01	5.275902896042401480e-01	5.275902896042401480e-01	5.275902896042401480e-01	5.275902896042401480e-01	5.275902896042401480e-01	5.275902896042401480e-01	6.731418101122309539e-01	5.275902896042401480e-01	5.275902896042401480e-01	5.275902896042401480e-01	5.275902896042401480e-01	5.275902896042401480e-01	5.275902896042401480e-01	5.275902896042401480e-01	5.275902896042401480e-01	5.275902896042401480e-01	5.275902896042401480e-01	5.275902896042401480e-01	5.275902896042401480e-01	6.979773642012150336e-01	5.275902896042401480e-01	5.275902896042401480e-01	6.325203412534500247e-01	5.275902896042401480e-01	5.275902896042401480e-01	5.275902896042401480e-01	5.275902896042401480e-01	5.275902896042401480e-01	5.275902896042401480e-01	5.275902896042401480e-01	6.244631049239790510e-01	5.275902896042401480e-01	6.400617517200579698e-01	5.275902896042401480e-01	5.275902896042401480e-01	5.275902896042401480e-01	5.275902896042401480e-01	7.170653370211480526e-01	5.275902896042401480e-01	5.275902896042401480e-01	5.275902896042401480e-01	5.275902896042401480e-01	5.275902896042401480e-01	5.275902896042401480e-01
