1.000000000000220046e+00	6.017480327467846779e-01	6.017480327467846779e-01	6.017480327467846779e-01	6.836719606936899618e-01	7.182895091636369855e-01	7.160582492708049696e-01	6.017480327467846779e-01	6.017480327467846779e-01	6.017480327467846779e-01	6.017480327467846779e-01	6.117767707581980297e-01	6.017480327467846779e-01	6.017480327467846779e-01	6.017480327467846779e-01	6.017480327467846779e-01	6.056383798061669710e-01	6.804470654368279803e-01	6.017480327467846779e-01	6.392570715814209770e-01	6.868872948958689717e-01	6.017480327467846779e-01	6.417608965922479980e-01	6.017480327467846779e-01	6.426224676805689651e-01	6.017480327467846779e-01	6.017480327467846779e-01	6.017480327467846779e-01	6.017480327467846779e-01	6.017480327467846779e-01	6.017480327467846779e-01	6.017480327467846779e-01	7.258756849407940193e-01	6.017480327467846779e-01	6.023518359973929481e-01	7.122519562673299554e-01	6.017480327467846779e-01	7.242924103278920445e-01	5.931420920953069942e-01	6.538845323637719753e-01	6.017480327467846779e-01	6.017480327467846779e-01	6.826210867973270258e-01	5.753896988157980452e-01	6.017480327467846779e-01	6.017480327467846779e-01	5.824774939072759894e-01	6.017480327467846779e-01	6.017480327467846779e-01	6.658935594369630451e-01	6.017480327467846779e-01	6.216251196167179582e-01	6.017480327467846779e-01	6.017480327467846779e-01	6.017480327467846779e-01	7.346924048645080418e-01	5.057937856201679683e-01	6.017480327467846779e-01	6.017480327467846779e-01	6.017480327467846779e-01	6.686168100790730318e-01	6.017480327467846779e-01	6.017480327467846779e-01	5.820631267964949673e-01	5.448205791439539869e-01	6.017480327467846779e-01	6.549637603375080275e-01	6.279971643425249495e-01	6.017480327467846779e-01	5.227590365182029908e-01	5.841673803206040017e-01	5.696462841127030163e-01	6.800486265809729813e-01	6.017480327467846779e-01	6.933568587862759536e-01	6.017480327467846779e-01	6.017480327467846779e-01	7.164452301735070305e-01	6.930811154196260260e-01	6.913124407934430060e-01	6.017480327467846779e-01	6.017480327467846779e-01	5.570145071457760499e-01	6.770514420313360482e-01	5.723106148146519523e-01	5.644961984664790267e-01	6.017480327467846779e-01	7.446147305737179645e-01	6.017480327467846779e-01	6.490346155905899472e-01	6.017480327467846779e-01	6.854247792210930168e-01	5.617944060546230522e-01	5.442739870248309852e-01	5.248872541359640431e-01	7.030132323605049471e-01	7.149429060129299796e-01	5.157620818102479632e-01	6.017480327467846779e-01	6.017480327467846779e-01	7.106758495703420220e-01	5.617401270812150127e-01	6.017480327467846779e-01	6.017480327467846779e-01	6.017480327467846779e-01	6.017480327467846779e-01	7.000717835517059617e-01	6.554041147485130114e-01	6.017480327467846779e-01	6.017480327467846779e-01	6.017480327467846779e-01	6.955946469810410093e-01	6.017480327467846779e-01	6.017480327467846779e-01	7.204380032053859795e-01	8.108735452118129849e-01	6.017480327467846779e-01	6.017480327467846779e-01	6.017480327467846779e-01	6.513747605946660357e-01	6.017480327467846779e-01	7.094034668168049951e-01	7.451240886947000375e-01	6.017480327467846779e-01
6.017480327467846779e-01	1.000000000000049960e+00	7.768566693881420182e-01	6.017480327467846779e-01	6.017480327467846779e-01	6.017480327467846779e-01	6.649072484889539947e-01	6.246553562558589956e-01	6.404757611110399873e-01	6.180610342979929728e-01	6.017480327467846779e-01	6.017480327467846779e-01	6.397299166721439612e-01	5.549777834697280365e-01	1.000000000000000021e-03	6.017480327467846779e-01	5.166384437117990114e-01	6.017480327467846779e-01	6.017480327467846779e-01	6.179117953584110090e-01	6.006012507489869590e-01	6.017480327467846779e-01	6.017480327467846779e-01	6.151010236826469635e-01	6.017480327467846779e-01	6.669409087193189922e-01	6.566907812074850304e-01	6.200906085802799783e-01	6.017480327467846779e-01	5.376619550797979707e-01	6.468154217555800445e-01	6.017480327467846779e-01	6.358126945626879634e-01	6.017480327467846779e-01	6.017480327467846779e-01	6.017480327467846779e-01	6.017480327467846779e-01	6.703652178971519771e-01	6.017480327467846779e-01	6.150865222437780222e-01	4.931939450695759786e-01	6.017480327467846779e-01	6.017480327467846779e-01	6.017480327467846779e-01	6.379163511206570325e-01	6.017480327467846779e-01	5.089875109012099719e-01	5.462210872030529574e-01	6.333497017628240133e-01	6.017480327467846779e-01	6.017480327467846779e-01	5.778499379827150007e-01	6.017480327467846779e-01	6.017480327467846779e-01	5.490122507787880135e-01	6.365244187548270149e-01	6.017480327467846779e-01	5.224423834952099943e-01	5.473774892837699468e-01	4.621700252814719967e-01	6.017480327467846779e-01	6.017480327467846779e-01	6.967765741856120076e-01	6.017480327467846779e-01	4.681880462355729744e-01	6.306625231495169848e-01	5.828435092892579883e-01	6.017480327467846779e-01	6.017480327467846779e-01	4.490116494833549798e-01	5.341813296172049919e-01	6.017480327467846779e-01	6.182296834779670291e-01	6.645092301854369499e-01	6.180238058064030371e-01	6.017480327467846779e-01	6.017480327467846779e-01	6.591299837084090285e-01	6.017480327467846779e-01	6.288115508931449993e-01	6.585783308820519766e-01	6.017480327467846779e-01	6.017480327467846779e-01	5.885204045802160389e-01	6.017480327467846779e-01	4.910159203353030022e-01	6.017480327467846779e-01	6.853828070902540093e-01	8.254388379814360244e-01	6.017480327467846779e-01	6.017480327467846779e-01	6.014388450321700441e-01	6.017480327467846779e-01	6.017480327467846779e-01	4.824840350181670012e-01	6.017480327467846779e-01	6.797731302650410479e-01	4.845047204836669952e-01	5.648035158543970313e-01	6.331463055879720248e-01	6.420092999254279897e-01	6.017480327467846779e-01	4.707236191091739852e-01	4.929224711931239900e-01	6.017480327467846779e-01	5.386470197426550532e-01	6.581788390343580319e-01	5.833844071197969994e-01	6.017480327467846779e-01	6.017480327467846779e-01	6.017480327467846779e-01	6.198549606633200204e-01	5.902951493177960307e-01	6.543161197722839884e-01	6.523537897656029871e-01	7.444043151934219837e-01	7.871832125418150028e-01	6.017480327467846779e-01	7.517714009790169571e-01	6.017480327467846779e-01	6.017480327467846779e-01	6.017480327467846779e-01	6.017480327467846779e-01	6.591681341771640223e-01
6.017480327467846779e-01	7.768566693881420182e-01	1.000000000000069944e+00	6.017480327467846779e-01	6.017480327467846779e-01	6.017480327467846779e-01	6.017480327467846779e-01	6.748868575157069838e-01	7.291399085706280481e-01	6.088598477317560542e-01	6.282590334297200041e-01	5.660309450000009512e-01	6.017480327467846779e-01	6.232077793988970438e-01	6.017480327467846779e-01	6.634999491451399889e-01	6.508489458395609883e-01	6.017480327467846779e-01	6.174856016601549813e-01	6.017480327467846779e-01	6.905383456155510524e-01	6.017480327467846779e-01	6.017480327467846779e-01	6.036878439057510315e-01	6.017480327467846779e-01	6.017480327467846779e-01	6.017480327467846779e-01	6.222332251724229657e-01	3.720316275616020185e-01	6.187921195091440341e-01	6.017480327467846779e-01	6.910994368210580108e-01	7.275607326593169777e-01	6.017480327467846779e-01	6.017480327467846779e-01	6.017480327467846779e-01	6.017480327467846779e-01	6.017480327467846779e-01	6.017480327467846779e-01	6.017480327467846779e-01	6.017480327467846779e-01	6.017480327467846779e-01	6.017480327467846779e-01	5.578289786943879669e-01	6.017480327467846779e-01	6.132897649577200294e-01	6.017480327467846779e-01	6.360274163310839501e-01	6.160126318403089662e-01	6.301664787236519460e-01	6.017480327467846779e-01	5.715967400647069541e-01	6.017480327467846779e-01	6.017480327467846779e-01	6.035867124587309673e-01	6.017480327467846779e-01	4.578519850150549741e-01	6.017480327467846779e-01	6.017480327467846779e-01	4.719046215393359889e-01	6.096762680422940228e-01	6.017480327467846779e-01	7.303411915072529625e-01	6.017480327467846779e-01	6.017480327467846779e-01	6.160687330261409578e-01	6.017480327467846779e-01	6.086990972305059699e-01	6.017480327467846779e-01	5.419049432550510081e-01	5.459824088314060297e-01	5.682066637922980057e-01	6.017480327467846779e-01	6.017480327467846779e-01	6.796824313553530006e-01	4.468808510007309942e-01	7.268440451501340105e-01	6.017480327467846779e-01	6.776449314640570210e-01	6.750962963068000144e-01	7.149441287163339487e-01	6.017480327467846779e-01	6.017480327467846779e-01	6.017480327467846779e-01	6.017480327467846779e-01	5.881985945863199561e-01	6.017480327467846779e-01	6.017480327467846779e-01	6.017480327467846779e-01	6.017480327467846779e-01	6.289410212021220303e-01	6.710825992573510312e-01	5.549333482346460178e-01	5.244919203753509729e-01	6.017480327467846779e-01	7.175406931939539712e-01	6.017480327467846779e-01	6.017480327467846779e-01	5.820908263781510161e-01	6.190410029820260229e-01	6.017480327467846779e-01	6.017480327467846779e-01	6.017480327467846779e-01	4.312609409434079999e-01	6.017480327467846779e-01	6.017480327467846779e-01	6.463644386327099811e-01	6.752623602221079491e-01	6.017480327467846779e-01	5.830519231990319851e-01	6.017480327467846779e-01	6.931053308916950151e-01	6.017480327467846779e-01	6.017480327467846779e-01	6.978751633686800515e-01	7.985711234802990166e-01	8.070572084543530256e-01	6.017480327467846779e-01	6.017480327467846779e-01	6.017480327467846779e-01	6.017480327467846779e-01	6.990501725907930508e-01	6.017480327467846779e-01	6.017480327467846779e-01
6.017480327467846779e-01	6.017480327467846779e-01	6.017480327467846779e-01	9.999999999998909761e-01	6.534165407947160054e-01	6.017480327467846779e-01	6.608871909047500104e-01	6.017480327467846779e-01	6.325379571377960364e-01	6.017480327467846779e-01	6.542750421875660471e-01	6.006176010327189951e-01	6.017480327467846779e-01	6.275179800734159707e-01	6.017480327467846779e-01	6.017480327467846779e-01	6.017480327467846779e-01	6.996987659335159870e-01	6.017480327467846779e-01	6.017480327467846779e-01	6.504116146248439811e-01	6.070351357176979601e-01	6.444763375212629875e-01	6.017480327467846779e-01	6.617433922962070447e-01	6.639547656290289979e-01	6.017480327467846779e-01	6.625960506718250320e-01	6.017480327467846779e-01	5.919262078449509801e-01	6.017480327467846779e-01	6.230140216600990044e-01	6.017480327467846779e-01	6.017480327467846779e-01	5.571503376455729795e-01	6.017480327467846779e-01	6.017480327467846779e-01	7.124336610702189931e-01	5.790589459457049504e-01	6.017480327467846779e-01	4.709715007852530166e-01	6.610017447811840086e-01	6.017480327467846779e-01	5.494799578059520462e-01	6.017480327467846779e-01	5.846411224165829479e-01	5.300949690017020544e-01	5.541000272902439905e-01	6.017480327467846779e-01	6.017480327467846779e-01	6.017480327467846779e-01	6.017480327467846779e-01	6.017480327467846779e-01	6.017480327467846779e-01	6.017480327467846779e-01	6.576046828651149756e-01	5.486380197190959818e-01	6.017480327467846779e-01	5.836477208707959718e-01	5.057668983996630452e-01	7.018351192896129520e-01	6.045509166064499951e-01	6.017480327467846779e-01	5.393378969996980299e-01	4.808529083545630134e-01	6.017480327467846779e-01	6.631170246887020392e-01	6.495688861300960015e-01	6.017480327467846779e-01	6.017480327467846779e-01	5.786582068170440518e-01	6.017480327467846779e-01	6.586389836541199916e-01	7.214970471922129702e-01	6.017480327467846779e-01	6.017480327467846779e-01	6.017480327467846779e-01	6.017480327467846779e-01	6.017480327467846779e-01	6.017480327467846779e-01	6.017480327467846779e-01	5.424780423542170382e-01	6.017480327467846779e-01	5.698048753317770387e-01	4.979333145469749811e-01	4.840779900153789894e-01	6.017480327467846779e-01	7.016388427585159571e-01	6.017480327467846779e-01	6.762542395739069567e-01	6.017480327467846779e-01	6.017480327467846779e-01	6.017480327467846779e-01	6.017480327467846779e-01	5.280844110502029842e-01	6.017480327467846779e-01	6.017480327467846779e-01	5.288926255446420033e-01	6.017480327467846779e-01	6.706415596371360088e-01	6.442971557781439484e-01	4.922080039501259829e-01	4.959177672044419727e-01	6.017480327467846779e-01	6.017480327467846779e-01	6.017480327467846779e-01	6.017480327467846779e-01	6.017480327467846779e-01	6.017480327467846779e-01	6.017480327467846779e-01	6.017480327467846779e-01	6.017480327467846779e-01	6.017480327467846779e-01	6.899132249847299558e-01	6.017480327467846779e-01	6.766222267155620473e-01	6.898256001070880439e-01	6.749024366978689793e-01	6.017480327467846779e-01	6.040976107654619787e-01	6.017480327467846779e-01	6.017480327467846779e-01	6.418782015262169960e-01	6.017480327467846779e-01
6.836719606936899618e-01	6.017480327467846779e-01	6.017480327467846779e-01	6.534165407947160054e-01	9.999999999998619993e-01	6.017480327467846779e-01	7.250902678183199779e-01	6.017480327467846779e-01	6.630942825862550238e-01	6.971560632035790350e-01	6.017480327467846779e-01	6.017480327467846779e-01	6.451939633688930087e-01	5.442516544294020431e-01	1.000000000000000021e-03	6.456441486034739663e-01	6.017480327467846779e-01	6.017480327467846779e-01	5.964313368776690272e-01	6.017480327467846779e-01	5.598848764882440321e-01	5.579312709567679773e-01	6.017480327467846779e-01	6.241189597508429721e-01	6.819346747066989955e-01	7.462832419253659921e-01	6.017480327467846779e-01	6.800663656482830444e-01	4.964231048027170079e-01	6.017480327467846779e-01	6.017480327467846779e-01	5.981014352104190301e-01	6.017480327467846779e-01	6.017480327467846779e-01	6.017480327467846779e-01	6.490321299236280206e-01	6.017480327467846779e-01	6.017480327467846779e-01	6.017480327467846779e-01	6.334807291916410010e-01	4.540232463046560141e-01	6.017480327467846779e-01	5.941374890984669754e-01	5.255547535270710391e-01	6.017480327467846779e-01	5.460595799897870473e-01	4.899046473192190110e-01	5.226449067300049656e-01	6.017480327467846779e-01	6.107360567137130047e-01	6.399455151696979982e-01	5.931873759407899627e-01	6.017480327467846779e-01	4.633928741745509949e-01	5.480560539271970288e-01	6.015800757108269448e-01	6.017480327467846779e-01	5.664500605744839934e-01	6.017480327467846779e-01	4.763342641292390156e-01	6.693501577678210301e-01	6.017480327467846779e-01	6.017480327467846779e-01	6.017480327467846779e-01	4.325569929641169820e-01	6.017480327467846779e-01	5.672217042086710181e-01	5.604424822889909619e-01	5.707745005966889940e-01	6.017480327467846779e-01	6.017480327467846779e-01	4.922931745084149768e-01	6.136884187478820474e-01	6.017480327467846779e-01	6.017480327467846779e-01	5.502448618424530258e-01	6.017480327467846779e-01	6.547726641212679999e-01	6.017480327467846779e-01	6.017480327467846779e-01	7.098458088071040173e-01	5.184044311950160022e-01	6.017480327467846779e-01	6.017480327467846779e-01	4.601787300923469992e-01	6.017480327467846779e-01	5.703923662444370102e-01	6.017480327467846779e-01	6.017480327467846779e-01	6.017480327467846779e-01	6.017480327467846779e-01	5.903686067251929792e-01	4.574467990752559832e-01	4.789120689223380078e-01	5.123741541856080550e-01	6.017480327467846779e-01	6.672563441113229521e-01	5.042613214355879947e-01	5.844637259081839620e-01	6.017480327467846779e-01	6.707168480365359731e-01	4.646510550540089990e-01	6.017480327467846779e-01	5.468566548860650522e-01	4.332749435136710181e-01	6.017480327467846779e-01	6.721015074225790142e-01	6.017480327467846779e-01	6.017480327467846779e-01	6.017480327467846779e-01	6.017480327467846779e-01	5.872577721406240236e-01	6.017480327467846779e-01	6.672565713314829727e-01	6.508648901553230059e-01	6.791380556282320402e-01	6.017480327467846779e-01	6.880473552224030120e-01	6.887228014905409923e-01	6.777915836038550523e-01	7.345589319924810123e-01	6.017480327467846779e-01	6.540526284814079938e-01	6.925332355602540346e-01
7.182895091636369855e-01	6.017480327467846779e-01	6.017480327467846779e-01	6.017480327467846779e-01	6.017480327467846779e-01	1.000000000000029976e+00	6.858354896413679791e-01	6.327438481567170259e-01	6.017480327467846779e-01	6.017480327467846779e-01	6.017480327467846779e-01	6.017480327467846779e-01	6.673456968430230285e-01	6.017480327467846779e-01	1.000000000000000021e-03	5.928441976526750423e-01	6.017480327467846779e-01	6.017480327467846779e-01	6.017480327467846779e-01	6.017480327467846779e-01	6.733826127729479749e-01	6.017480327467846779e-01	5.557005429235349903e-01	6.017480327467846779e-01	6.017480327467846779e-01	6.590209140827409939e-01	6.017480327467846779e-01	6.017480327467846779e-01	6.017480327467846779e-01	6.017480327467846779e-01	6.017480327467846779e-01	6.660445410841779879e-01	6.017480327467846779e-01	6.017480327467846779e-01	5.680520797202790462e-01	6.017480327467846779e-01	6.017480327467846779e-01	6.017480327467846779e-01	6.017480327467846779e-01	6.017480327467846779e-01	6.017480327467846779e-01	6.017480327467846779e-01	6.618108956265780218e-01	5.286990578350030390e-01	6.017480327467846779e-01	5.975198479453519562e-01	6.017480327467846779e-01	6.017480327467846779e-01	5.989265040987350464e-01	5.733551180571370143e-01	6.017480327467846779e-01	6.017480327467846779e-01	6.017480327467846779e-01	5.030311525203879919e-01	6.017480327467846779e-01	6.017480327467846779e-01	6.017480327467846779e-01	4.431008477673830104e-01	5.757233540716349962e-01	4.457169501586670246e-01	5.678564096904179515e-01	6.017480327467846779e-01	6.708588857787749493e-01	6.017480327467846779e-01	5.179740391485060380e-01	6.017480327467846779e-01	6.017480327467846779e-01	5.871736451921469868e-01	5.307187742819150511e-01	6.017480327467846779e-01	6.017480327467846779e-01	6.017480327467846779e-01	6.017480327467846779e-01	6.670543700427989942e-01	6.787953349074929976e-01	6.017480327467846779e-01	6.017480327467846779e-01	6.436467039564499615e-01	6.157732382684200090e-01	6.508038472644610550e-01	6.017480327467846779e-01	6.017480327467846779e-01	6.017480327467846779e-01	6.736766652575979508e-01	5.442153537338200175e-01	6.017480327467846779e-01	5.741005178006409748e-01	6.590984232218629613e-01	7.026895759709299583e-01	5.531735146802260195e-01	6.017480327467846779e-01	6.642827327304090534e-01	5.414537618595980373e-01	4.860772649545280211e-01	6.017480327467846779e-01	6.017480327467846779e-01	6.521563353061260448e-01	6.017480327467846779e-01	6.017480327467846779e-01	6.017480327467846779e-01	6.539334045400659878e-01	6.017480327467846779e-01	4.870014503216940072e-01	6.017480327467846779e-01	6.017480327467846779e-01	6.017480327467846779e-01	6.017480327467846779e-01	6.448980266001940187e-01	5.266083881302030534e-01	5.600362963622810275e-01	6.130614776480050043e-01	6.017480327467846779e-01	6.017480327467846779e-01	6.017480327467846779e-01	6.634523015492009845e-01	7.027315018127570090e-01	7.081600313920729528e-01	7.117496748791910521e-01	6.017480327467846779e-01	6.076412476941870366e-01	6.703837716408590497e-01	6.412414075533160451e-01	6.017480327467846779e-01	6.614168202772490179e-01
7.160582492708049696e-01	6.649072484889539947e-01	6.017480327467846779e-01	6.608871909047500104e-01	7.250902678183199779e-01	6.858354896413679791e-01	1.000000000000039968e+00	7.725660219394779871e-01	6.017480327467846779e-01	6.651798349568289748e-01	6.017480327467846779e-01	6.017480327467846779e-01	6.017480327467846779e-01	6.017480327467846779e-01	1.000000000000000021e-03	6.017480327467846779e-01	5.646993231435529781e-01	6.468997200890740373e-01	6.017480327467846779e-01	6.017480327467846779e-01	6.249655063566650348e-01	5.157829847506839593e-01	7.165426702159719552e-01	6.128078204973369525e-01	6.863409365529630213e-01	6.017480327467846779e-01	6.468675233191549800e-01	7.303101080712259829e-01	4.372013257911789852e-01	6.017480327467846779e-01	6.580419911263110100e-01	6.017480327467846779e-01	6.537481419006440087e-01	7.176451990050629615e-01	6.017480327467846779e-01	6.017480327467846779e-01	6.017480327467846779e-01	6.742156860144820074e-01	6.017480327467846779e-01	6.269910172638949453e-01	6.017480327467846779e-01	6.017480327467846779e-01	6.017480327467846779e-01	5.471862864191759934e-01	6.017480327467846779e-01	5.992396380310209825e-01	5.277997147991240201e-01	6.017480327467846779e-01	6.017480327467846779e-01	6.208273051539510146e-01	6.017480327467846779e-01	6.017480327467846779e-01	5.838040838882460060e-01	5.024481156895550527e-01	6.017480327467846779e-01	6.639905235205959544e-01	6.017480327467846779e-01	6.017480327467846779e-01	6.017480327467846779e-01	4.799550047540470099e-01	6.017480327467846779e-01	6.017480327467846779e-01	7.236540486849839526e-01	6.017480327467846779e-01	6.017480327467846779e-01	6.017480327467846779e-01	6.017480327467846779e-01	6.017480327467846779e-01	6.017480327467846779e-01	4.764386984473020226e-01	5.459734516165239970e-01	5.357601631502370010e-01	6.423587130032519799e-01	6.682198625205529874e-01	6.017480327467846779e-01	6.017480327467846779e-01	6.017480327467846779e-01	6.017480327467846779e-01	6.017480327467846779e-01	6.438879680405199535e-01	6.017480327467846779e-01	5.331578336933520124e-01	5.062057297513969933e-01	6.017480327467846779e-01	5.137481133604440142e-01	6.017480327467846779e-01	5.971850537947359649e-01	6.926549041132930018e-01	7.177277802575720012e-01	5.928137589879159952e-01	6.017480327467846779e-01	6.405694621676359946e-01	6.017480327467846779e-01	5.023617202433849904e-01	5.084590660272939600e-01	6.657213943781310483e-01	6.751492483199580397e-01	6.017480327467846779e-01	6.105293947842840296e-01	6.170858173247180112e-01	6.936597373309809633e-01	5.151144062199709550e-01	4.954126614225879965e-01	6.017480327467846779e-01	4.814700267793809996e-01	6.017480327467846779e-01	6.790278657710959731e-01	6.030855177876509599e-01	6.017480327467846779e-01	5.457387060550219493e-01	6.017480327467846779e-01	6.017480327467846779e-01	6.174323439895500476e-01	6.736008294509140404e-01	6.017480327467846779e-01	7.132127862399290086e-01	6.017480327467846779e-01	6.017480327467846779e-01	7.224973777241370243e-01	6.017480327467846779e-01	7.213391123880119604e-01	7.049344031769579910e-01	6.891766486133089620e-01	6.017480327467846779e-01
6.017480327467846779e-01	6.246553562558589956e-01	6.748868575157069838e-01	6.017480327467846779e-01	6.017480327467846779e-01	6.327438481567170259e-01	7.725660219394779871e-01	9.999999999999440448e-01	7.728098601508019971e-01	6.017480327467846779e-01	6.325772569065190032e-01	6.017480327467846779e-01	6.017480327467846779e-01	6.017480327467846779e-01	6.017480327467846779e-01	6.211888705548479495e-01	6.017480327467846779e-01	6.251081798187330119e-01	6.017480327467846779e-01	6.221267442047000440e-01	6.017480327467846779e-01	6.017480327467846779e-01	6.017480327467846779e-01	6.017480327467846779e-01	6.946323776145070239e-01	6.017480327467846779e-01	6.003562113099309983e-01	7.227256822033929495e-01	6.017480327467846779e-01	5.549695109924990266e-01	6.257932249115090162e-01	6.017480327467846779e-01	6.017480327467846779e-01	6.432875646737910014e-01	6.017480327467846779e-01	6.189687915034209897e-01	6.017480327467846779e-01	6.017480327467846779e-01	5.311828762408340454e-01	6.017480327467846779e-01	4.974268800476530084e-01	6.978532339347309765e-01	6.453155016575340408e-01	6.017480327467846779e-01	6.411111486155589567e-01	5.787198431937380372e-01	4.879962844987040249e-01	6.017480327467846779e-01	5.839932091002899561e-01	5.745618111573880249e-01	6.017480327467846779e-01	6.017480327467846779e-01	6.017480327467846779e-01	4.696118109986259781e-01	5.320839030270519965e-01	6.358153098244240242e-01	4.244068774022299873e-01	6.017480327467846779e-01	5.219850665597930428e-01	6.017480327467846779e-01	6.017480327467846779e-01	5.424318438181080504e-01	6.924337612690200094e-01	4.978703500617390199e-01	6.017480327467846779e-01	5.689212204955440555e-01	5.810064590758380332e-01	5.548464068831610030e-01	6.017480327467846779e-01	4.561818832235159937e-01	6.017480327467846779e-01	6.017480327467846779e-01	5.912523712325370440e-01	6.017480327467846779e-01	6.098217700151099541e-01	4.388906314711850110e-01	6.893932862501940262e-01	6.017480327467846779e-01	5.888833805492580398e-01	5.928067446194750234e-01	6.017480327467846779e-01	4.875577261177819755e-01	6.017480327467846779e-01	6.017480327467846779e-01	4.873707065867159960e-01	6.017480327467846779e-01	6.017480327467846779e-01	6.017480327467846779e-01	6.673936616865610016e-01	6.017480327467846779e-01	6.017480327467846779e-01	5.960048991057640411e-01	4.679739449336040025e-01	4.583759064145370155e-01	6.017480327467846779e-01	6.017480327467846779e-01	6.438042813768849459e-01	6.017480327467846779e-01	5.458691665662219750e-01	6.017480327467846779e-01	6.971573742629929571e-01	6.017480327467846779e-01	6.017480327467846779e-01	6.017480327467846779e-01	4.575165364457279837e-01	6.017480327467846779e-01	6.017480327467846779e-01	6.017480327467846779e-01	6.017480327467846779e-01	6.017480327467846779e-01	6.217701506174010406e-01	6.017480327467846779e-01	6.017480327467846779e-01	6.017480327467846779e-01	6.325292931069790292e-01	6.017480327467846779e-01	6.017480327467846779e-01	6.017480327467846779e-01	6.017480327467846779e-01	6.017480327467846779e-01	6.017480327467846779e-01	6.802342190555500379e-01	6.485316002800739499e-01	6.017480327467846779e-01
6.017480327467846779e-01	6.404757611110399873e-01	7.291399085706280481e-01	6.325379571377960364e-01	6.630942825862550238e-01	6.017480327467846779e-01	6.017480327467846779e-01	7.728098601508019971e-01	1.000000000000190070e+00	6.017480327467846779e-01	6.017480327467846779e-01	6.017480327467846779e-01	6.017480327467846779e-01	6.017480327467846779e-01	1.000000000000000021e-03	6.017480327467846779e-01	6.495675037971949672e-01	6.836050204885829595e-01	5.825594474275379575e-01	6.017480327467846779e-01	6.949407295801930395e-01	6.017480327467846779e-01	6.533035608031290131e-01	6.017480327467846779e-01	6.017480327467846779e-01	6.990064168649939846e-01	6.017480327467846779e-01	6.017480327467846779e-01	6.017480327467846779e-01	6.017480327467846779e-01	6.017480327467846779e-01	6.348034190633610185e-01	6.854071311297470492e-01	6.017480327467846779e-01	5.725247643347759485e-01	6.321128422109949518e-01	6.161455839445979521e-01	6.273978097144540245e-01	6.017480327467846779e-01	6.017480327467846779e-01	5.745139275925430500e-01	6.845522689223629831e-01	6.017480327467846779e-01	6.017480327467846779e-01	6.933941940898940004e-01	6.017480327467846779e-01	5.454031831006630471e-01	6.088142589599819798e-01	5.923929084664929512e-01	6.017480327467846779e-01	7.111554267712459909e-01	5.521364324343099872e-01	6.017480327467846779e-01	5.212065784607089469e-01	5.769997250116030152e-01	6.017480327467846779e-01	4.341186173712029972e-01	6.017480327467846779e-01	6.017480327467846779e-01	6.017480327467846779e-01	6.017480327467846779e-01	5.769885605194210454e-01	6.872307124895290498e-01	6.017480327467846779e-01	6.017480327467846779e-01	5.844334144907820106e-01	6.438700504636180044e-01	6.017480327467846779e-01	6.017480327467846779e-01	6.017480327467846779e-01	5.262346199468540542e-01	6.017480327467846779e-01	6.192064892310219504e-01	6.611094697250839980e-01	6.017480327467846779e-01	4.304655538398139969e-01	6.941500158009979993e-01	6.017480327467846779e-01	6.017480327467846779e-01	6.017480327467846779e-01	7.279731485675610125e-01	6.017480327467846779e-01	6.017480327467846779e-01	6.017480327467846779e-01	5.583538128105549614e-01	5.715425278693929689e-01	6.017480327467846779e-01	6.017480327467846779e-01	6.824968871513460433e-01	5.707003516408889476e-01	6.017480327467846779e-01	6.017480327467846779e-01	6.017480327467846779e-01	6.017480327467846779e-01	4.606113354633030177e-01	6.867969683525849689e-01	6.576172412406140477e-01	4.501711164778929852e-01	6.017480327467846779e-01	6.017480327467846779e-01	6.017480327467846779e-01	5.561368526297509884e-01	6.017480327467846779e-01	4.201495853884770204e-01	5.304111677412870485e-01	6.017480327467846779e-01	6.017480327467846779e-01	6.017480327467846779e-01	6.017480327467846779e-01	5.610018148050019970e-01	6.017480327467846779e-01	6.017480327467846779e-01	6.017480327467846779e-01	6.032793466674020166e-01	6.017480327467846779e-01	6.891395235677719722e-01	6.867010116752400029e-01	6.017480327467846779e-01	7.022435910216540123e-01	6.017480327467846779e-01	6.017480327467846779e-01	6.017480327467846779e-01	6.847648428563619660e-01	6.538854420159130321e-01
6.017480327467846779e-01	6.180610342979929728e-01	6.088598477317560542e-01	6.017480327467846779e-01	6.971560632035790350e-01	6.017480327467846779e-01	6.651798349568289748e-01	6.017480327467846779e-01	6.017480327467846779e-01	1.000000000000099920e+00	7.010459777437439977e-01	6.017480327467846779e-01	6.075614063743139948e-01	5.463350114056739759e-01	6.017480327467846779e-01	6.017480327467846779e-01	6.017480327467846779e-01	6.017480327467846779e-01	6.017480327467846779e-01	6.832942355961819647e-01	6.017480327467846779e-01	5.973420345259760067e-01	6.017480327467846779e-01	6.017480327467846779e-01	6.017480327467846779e-01	6.017480327467846779e-01	6.364359194061069980e-01	6.017480327467846779e-01	6.017480327467846779e-01	4.886474303025929999e-01	6.174425799511199520e-01	5.348582299691050368e-01	6.017480327467846779e-01	6.223703261489259564e-01	5.141892703694369571e-01	6.428216338282469744e-01	6.017480327467846779e-01	6.017480327467846779e-01	6.017480327467846779e-01	6.488371893967389559e-01	4.489064980325950249e-01	6.228664023053539500e-01	5.886582316990589536e-01	6.017480327467846779e-01	6.022822305591649661e-01	6.017480327467846779e-01	6.017480327467846779e-01	6.017480327467846779e-01	6.017480327467846779e-01	6.594551899725099586e-01	6.017480327467846779e-01	6.017480327467846779e-01	6.167468218825400417e-01	4.849287314737190102e-01	6.017480327467846779e-01	5.785609649348270045e-01	5.504921805556239889e-01	5.671195511885209761e-01	6.017480327467846779e-01	6.017480327467846779e-01	6.649661342762159810e-01	5.734179234919829504e-01	6.017480327467846779e-01	5.111219252067390473e-01	6.017480327467846779e-01	6.017480327467846779e-01	6.017480327467846779e-01	5.757130321390220296e-01	5.728708249120939566e-01	4.301900261178889795e-01	5.609037116237060028e-01	6.017480327467846779e-01	5.754423156986809840e-01	6.352214839705170313e-01	6.017480327467846779e-01	5.344766770263810196e-01	6.017480327467846779e-01	6.017480327467846779e-01	6.017480327467846779e-01	6.017480327467846779e-01	6.299189913076429503e-01	5.292691728459419931e-01	5.296913331405269654e-01	6.017480327467846779e-01	6.017480327467846779e-01	6.017480327467846779e-01	6.017480327467846779e-01	6.550394655894989926e-01	6.017480327467846779e-01	6.393829016191909798e-01	6.435516861264189981e-01	6.017480327467846779e-01	4.913943691108019762e-01	5.096195470290859619e-01	4.993198963869350249e-01	5.578986426646289631e-01	6.405247049988449515e-01	6.017480327467846779e-01	6.017480327467846779e-01	6.017480327467846779e-01	6.017480327467846779e-01	6.017480327467846779e-01	6.017480327467846779e-01	5.470967825049579680e-01	6.017480327467846779e-01	5.810170270059760167e-01	6.017480327467846779e-01	6.017480327467846779e-01	5.672293262376719714e-01	6.017480327467846779e-01	6.017480327467846779e-01	5.957382416346209686e-01	6.017480327467846779e-01	6.396832767578910506e-01	6.090068687534729852e-01	6.069621098003660231e-01	6.440957045661439562e-01	6.262703089017109814e-01	6.405065297110179579e-01	6.249647395393700400e-01	6.541819974282090389e-01	6.017480327467846779e-01	6.017480327467846779e-01	6.330142544706750529e-01
6.017480327467846779e-01	6.017480327467846779e-01	6.282590334297200041e-01	6.542750421875660471e-01	6.017480327467846779e-01	6.017480327467846779e-01	6.017480327467846779e-01	6.325772569065190032e-01	6.017480327467846779e-01	7.010459777437439977e-01	9.999999999999870104e-01	6.017480327467846779e-01	6.017480327467846779e-01	5.329979296372520103e-01	1.000000000000000021e-03	6.344442223506879808e-01	6.017480327467846779e-01	6.017480327467846779e-01	5.992294989466590005e-01	6.017480327467846779e-01	5.433345143848420378e-01	6.017480327467846779e-01	6.017480327467846779e-01	6.321817713006190331e-01	6.017480327467846779e-01	6.017480327467846779e-01	6.522428662374619712e-01	6.017480327467846779e-01	5.263950942630940544e-01	4.803248756019760091e-01	6.017480327467846779e-01	5.772358598426839960e-01	5.790070372362999818e-01	6.614635895315990055e-01	6.017480327467846779e-01	6.017480327467846779e-01	5.421919170119740006e-01	6.729636653927989487e-01	6.017480327467846779e-01	6.017480327467846779e-01	6.017480327467846779e-01	6.017480327467846779e-01	6.017480327467846779e-01	6.017480327467846779e-01	6.017480327467846779e-01	5.204570196922280179e-01	6.017480327467846779e-01	6.017480327467846779e-01	6.017480327467846779e-01	6.305741747468810443e-01	6.017480327467846779e-01	6.017480327467846779e-01	6.017480327467846779e-01	4.637509734861839927e-01	5.416424910647039681e-01	5.747714783892230450e-01	5.391648927678559522e-01	6.017480327467846779e-01	5.288366716643549958e-01	6.017480327467846779e-01	6.804774251556859888e-01	6.017480327467846779e-01	6.909032856575429982e-01	4.939001696041580014e-01	4.345384026786440201e-01	6.017480327467846779e-01	6.017480327467846779e-01	5.607627554866809749e-01	5.696905025024849856e-01	4.120266545913380263e-01	5.389219695823519451e-01	6.017480327467846779e-01	6.045965463883149482e-01	6.415488291478159688e-01	6.059873844938480358e-01	6.017480327467846779e-01	6.675610975102279632e-01	6.017480327467846779e-01	5.782335937115840041e-01	6.017480327467846779e-01	7.009220590554029462e-01	5.288742621883499861e-01	4.994984613518029803e-01	6.017480327467846779e-01	4.581468719007810164e-01	4.447504613059469758e-01	6.017480327467846779e-01	6.614721399125249590e-01	6.017480327467846779e-01	6.017480327467846779e-01	6.549733182349950500e-01	6.017480327467846779e-01	6.017480327467846779e-01	6.017480327467846779e-01	6.017480327467846779e-01	6.017480327467846779e-01	6.017480327467846779e-01	5.232759708775439611e-01	5.750859349876009663e-01	6.806738378843659731e-01	7.079366257806799512e-01	4.557869375353679753e-01	4.655796947922509754e-01	5.715611226925160215e-01	6.017480327467846779e-01	6.017480327467846779e-01	6.017480327467846779e-01	6.017480327467846779e-01	6.017480327467846779e-01	5.099799463936940391e-01	6.017480327467846779e-01	5.697422016568060021e-01	6.017480327467846779e-01	6.017480327467846779e-01	6.268223322061049485e-01	6.017480327467846779e-01	6.017480327467846779e-01	6.644527770308340520e-01	6.017480327467846779e-01	6.536032006194419930e-01	6.972737920860320182e-01	6.989526453030779907e-01	6.472334454218410249e-01	6.643602407639730423e-01
6.117767707581980297e-01	6.017480327467846779e-01	5.660309450000009512e-01	6.006176010327189951e-01	6.017480327467846779e-01	6.017480327467846779e-01	6.017480327467846779e-01	6.017480327467846779e-01	6.017480327467846779e-01	6.017480327467846779e-01	6.017480327467846779e-01	1.000000000000059952e+00	6.017480327467846779e-01	6.017480327467846779e-01	6.017480327467846779e-01	5.616186416333339704e-01	6.017480327467846779e-01	6.017480327467846779e-01	5.621299747583810014e-01	6.017480327467846779e-01	6.017480327467846779e-01	6.017480327467846779e-01	6.017480327467846779e-01	6.017480327467846779e-01	5.960946135906509680e-01	6.017480327467846779e-01	6.017480327467846779e-01	6.197311896196470160e-01	6.017480327467846779e-01	6.017480327467846779e-01	6.017480327467846779e-01	5.434159496924010346e-01	6.017480327467846779e-01	6.152124003940829811e-01	4.658273828439319919e-01	5.880583430234630482e-01	6.017480327467846779e-01	6.467544651150389790e-01	4.579176005164909968e-01	6.278227390438809730e-01	6.017480327467846779e-01	6.017480327467846779e-01	5.053624479876710485e-01	6.017480327467846779e-01	5.572029185368040372e-01	6.017480327467846779e-01	4.618349396851649802e-01	4.760301416662769958e-01	6.017480327467846779e-01	6.017480327467846779e-01	5.998176685173080003e-01	5.804478347363180024e-01	6.017480327467846779e-01	4.490609212291810093e-01	5.206998082666020045e-01	5.212196365041029678e-01	5.244306270000189674e-01	6.017480327467846779e-01	6.017480327467846779e-01	6.017480327467846779e-01	6.673184553318339818e-01	5.465324081161350156e-01	7.230385643509930071e-01	6.017480327467846779e-01	3.833067678491219876e-01	5.894488587201159868e-01	6.017480327467846779e-01	5.114155583653929860e-01	6.017480327467846779e-01	3.791664138850660004e-01	5.135421407734760413e-01	4.579308707529879952e-01	5.783344928834579513e-01	6.011868806355610273e-01	6.017480327467846779e-01	6.017480327467846779e-01	6.017480327467846779e-01	6.017480327467846779e-01	6.017480327467846779e-01	5.753981089160880025e-01	6.214243894383649769e-01	5.056541829513500064e-01	6.017480327467846779e-01	4.723613800060060264e-01	4.172792191790359873e-01	4.126688547788759931e-01	6.017480327467846779e-01	6.250855322364109457e-01	6.017480327467846779e-01	5.679730994686900125e-01	6.156026614223889526e-01	5.214167955355619721e-01	4.129501944061779728e-01	4.611378605542790221e-01	6.017480327467846779e-01	5.315163541661399593e-01	5.929691640189069801e-01	6.017480327467846779e-01	5.561283749737589988e-01	6.017480327467846779e-01	6.044204892349059888e-01	4.216178049084319812e-01	4.437936969668960230e-01	5.632494913935289782e-01	3.947423926369280078e-01	6.017480327467846779e-01	6.364879612431549871e-01	4.687432074153130013e-01	6.017480327467846779e-01	4.745610396158160271e-01	6.017480327467846779e-01	5.033275348764469914e-01	6.017480327467846779e-01	6.017480327467846779e-01	6.076071281455189821e-01	6.180594186430710124e-01	6.213238353040430040e-01	6.100221612644090019e-01	6.230986389978240281e-01	6.017480327467846779e-01	7.200136261615039945e-01	7.361537863981010288e-01	6.017480327467846779e-01	6.934899450831759626e-01
