1.000000000000150102e+00	7.037140466826918850e-01	9.182978493550190136e-01	7.037140466826918850e-01	7.037140466826918850e-01	7.037140466826918850e-01	7.933691797818660518e-01	7.037140466826918850e-01	7.037140466826918850e-01	7.037140466826918850e-01	7.516143267228260205e-01	7.037140466826918850e-01	7.839156119132190126e-01	7.037140466826918850e-01	1.000000000000000021e-03	7.037140466826918850e-01	7.037140466826918850e-01	7.037140466826918850e-01	7.037140466826918850e-01	7.037140466826918850e-01	7.037140466826918850e-01	7.037140466826918850e-01	7.037140466826918850e-01	7.037140466826918850e-01	7.037140466826918850e-01	7.037140466826918850e-01	7.037140466826918850e-01	7.037140466826918850e-01	5.554307778606349943e-01	7.125791454851929663e-01	7.784842168861919598e-01	7.037140466826918850e-01	7.037140466826918850e-01	7.037140466826918850e-01	7.037140466826918850e-01	7.904441236260929537e-01	7.037140466826918850e-01	7.037140466826918850e-01	7.037140466826918850e-01	7.037140466826918850e-01	7.037140466826918850e-01	7.201179888161060028e-01	7.675065548303440233e-01	7.037140466826918850e-01	7.037140466826918850e-01	7.037140466826918850e-01	7.037140466826918850e-01	7.037140466826918850e-01	7.037140466826918850e-01	7.037140466826918850e-01	8.029095538142260180e-01	7.037140466826918850e-01	7.037140466826918850e-01	7.037140466826918850e-01	7.037140466826918850e-01	7.037140466826918850e-01	7.037140466826918850e-01	7.037140466826918850e-01	7.148950799731199623e-01	7.037140466826918850e-01	7.037140466826918850e-01	7.342699868547789555e-01	7.037140466826918850e-01	7.037140466826918850e-01	7.037140466826918850e-01	7.427267292577039992e-01	7.458193538487459806e-01	7.037140466826918850e-01	7.037140466826918850e-01	7.037140466826918850e-01	6.889760115390990425e-01	7.037140466826918850e-01	7.655009165359469847e-01	7.037140466826918850e-01	7.037140466826918850e-01	6.200505088368699624e-01	7.037140466826918850e-01	7.037140466826918850e-01	7.756380314871750281e-01	7.037140466826918850e-01	7.037140466826918850e-01	7.037140466826918850e-01	7.037140466826918850e-01	7.037140466826918850e-01	7.037140466826918850e-01	7.037140466826918850e-01	7.037140466826918850e-01	8.151643662911359778e-01	7.037140466826918850e-01	7.037140466826918850e-01	7.037140466826918850e-01	7.037140466826918850e-01	7.037140466826918850e-01	7.037140466826918850e-01	7.037140466826918850e-01	7.833243167714799560e-01	7.037140466826918850e-01	7.037140466826918850e-01	7.037140466826918850e-01	7.037140466826918850e-01	7.037140466826918850e-01	7.037140466826918850e-01	7.037140466826918850e-01	7.037140466826918850e-01	7.037140466826918850e-01	7.037140466826918850e-01	7.037140466826918850e-01	7.037140466826918850e-01	7.037140466826918850e-01	6.934729773252820140e-01	7.903955447098279796e-01	7.037140466826918850e-01	7.037140466826918850e-01	7.037140466826918850e-01	7.037140466826918850e-01	8.647729233678690397e-01	7.037140466826918850e-01	9.084193006170380169e-01	7.037140466826918850e-01	7.037140466826918850e-01	7.037140466826918850e-01	7.037140466826918850e-01	7.037140466826918850e-01	7.037140466826918850e-01
7.037140466826918850e-01	1.000000000000039968e+00	7.037140466826918850e-01	7.037140466826918850e-01	7.037140466826918850e-01	7.037140466826918850e-01	7.536482156798800514e-01	7.217277002772409800e-01	7.037140466826918850e-01	7.037140466826918850e-01	7.037140466826918850e-01	7.037140466826918850e-01	7.337540184029219814e-01	7.037140466826918850e-01	1.000000000000000021e-03	7.037140466826918850e-01	6.327479093900070239e-01	7.076479031565540145e-01	7.037140466826918850e-01	7.037140466826918850e-01	7.023512051990590255e-01	6.493504876826400318e-01	7.037140466826918850e-01	7.140592345998739710e-01	7.037140466826918850e-01	7.037140466826918850e-01	7.037140466826918850e-01	7.180684839159799937e-01	5.696859287072060241e-01	7.037140466826918850e-01	7.037140466826918850e-01	7.037140466826918850e-01	7.306373463658589751e-01	7.037140466826918850e-01	7.037140466826918850e-01	7.566460162935190192e-01	6.744995616564369856e-01	7.037140466826918850e-01	7.037140466826918850e-01	7.037140466826918850e-01	6.127073266586899880e-01	7.037140466826918850e-01	7.037140466826918850e-01	7.037140466826918850e-01	7.037140466826918850e-01	7.037140466826918850e-01	6.262391107686620106e-01	6.576416556991460105e-01	7.286746893825080118e-01	7.037140466826918850e-01	7.577396195048480276e-01	7.037140466826918850e-01	6.963632868204180371e-01	7.037140466826918850e-01	7.037140466826918850e-01	7.037140466826918850e-01	6.064043430674700419e-01	6.376657116855519725e-01	6.586062367169019938e-01	7.037140466826918850e-01	7.037140466826918850e-01	6.882998502184239920e-01	7.037140466826918850e-01	7.037140466826918850e-01	7.037140466826918850e-01	7.037140466826918850e-01	7.037140466826918850e-01	7.037140466826918850e-01	6.557558572286059650e-01	7.037140466826918850e-01	7.037140466826918850e-01	6.179395644862120118e-01	7.037140466826918850e-01	7.037140466826918850e-01	7.037140466826918850e-01	6.122869373920759584e-01	7.037140466826918850e-01	7.491039795731999629e-01	7.037140466826918850e-01	7.250522767857709994e-01	7.037140466826918850e-01	6.319306080162500061e-01	6.314905143610100025e-01	7.037140466826918850e-01	7.037140466826918850e-01	6.108308507336229765e-01	7.009179415816559899e-01	7.037140466826918850e-01	7.037140466826918850e-01	7.037140466826918850e-01	7.472617138760679900e-01	7.037140466826918850e-01	7.037140466826918850e-01	6.113830392146829551e-01	6.034554443362539766e-01	7.037140466826918850e-01	7.037140466826918850e-01	7.037140466826918850e-01	7.037140466826918850e-01	7.037140466826918850e-01	7.037140466826918850e-01	7.037140466826918850e-01	7.037140466826918850e-01	6.124735774816439937e-01	5.871106185834720215e-01	7.037140466826918850e-01	7.037140466826918850e-01	7.037140466826918850e-01	7.037140466826918850e-01	7.037140466826918850e-01	7.037140466826918850e-01	7.037140466826918850e-01	7.037140466826918850e-01	7.037140466826918850e-01	7.037140466826918850e-01	7.037140466826918850e-01	7.037140466826918850e-01	7.037140466826918850e-01	7.037140466826918850e-01	7.037140466826918850e-01	7.037140466826918850e-01	7.037140466826918850e-01	7.616632835359370413e-01	7.491340276767020079e-01
9.182978493550190136e-01	7.037140466826918850e-01	1.000000000000049960e+00	7.037140466826918850e-01	7.379198200808559927e-01	8.020464947357589525e-01	7.777268175721000487e-01	7.037140466826918850e-01	8.033860014851900155e-01	7.090302181253169689e-01	7.037140466826918850e-01	6.740802842983280030e-01	7.037140466826918850e-01	7.205681778586839892e-01	7.037140466826918850e-01	7.037140466826918850e-01	7.425689570706209830e-01	7.037140466826918850e-01	7.159765398942370407e-01	7.045331586061700513e-01	7.736648048767640340e-01	7.037140466826918850e-01	7.148501550525040438e-01	7.048507191199320232e-01	7.037140466826918850e-01	7.037140466826918850e-01	7.496524319181320228e-01	7.037140466826918850e-01	7.037140466826918850e-01	7.170260735763770432e-01	7.037140466826918850e-01	7.037140466826918850e-01	7.037140466826918850e-01	7.865855499835510134e-01	7.037140466826918850e-01	7.706999394003849480e-01	7.037140466826918850e-01	7.037140466826918850e-01	7.037140466826918850e-01	7.037140466826918850e-01	7.037140466826918850e-01	7.037140466826918850e-01	7.037140466826918850e-01	7.037140466826918850e-01	7.037140466826918850e-01	7.037140466826918850e-01	6.816993652796410341e-01	7.037140466826918850e-01	7.037140466826918850e-01	7.261346361087910317e-01	7.037140466826918850e-01	6.786669334333039760e-01	7.065226684755420150e-01	6.529865639970979796e-01	7.047688854336060515e-01	7.037140466826918850e-01	5.819335729859029804e-01	5.929186568209410257e-01	7.006223490606320325e-01	7.037140466826918850e-01	7.096889700257069666e-01	7.037140466826918850e-01	8.043030640209819504e-01	7.037140466826918850e-01	7.037140466826918850e-01	7.148375899648109488e-01	7.037140466826918850e-01	7.037140466826918850e-01	7.037140466826918850e-01	7.037140466826918850e-01	6.574424906811889846e-01	7.037140466826918850e-01	7.037140466826918850e-01	7.037140466826918850e-01	7.652152204199129670e-01	5.722338118653269579e-01	8.016320419247020546e-01	7.691798503210379723e-01	7.037140466826918850e-01	7.037140466826918850e-01	7.037140466826918850e-01	6.536578673169950449e-01	7.037140466826918850e-01	7.905860073677060118e-01	7.037140466826918850e-01	7.037140466826918850e-01	7.037140466826918850e-01	7.037140466826918850e-01	7.037140466826918850e-01	7.037140466826918850e-01	7.037140466826918850e-01	7.584921942167710540e-01	6.648934348635110458e-01	7.037140466826918850e-01	7.037140466826918850e-01	7.037140466826918850e-01	7.722889158607459947e-01	7.037140466826918850e-01	7.037140466826918850e-01	7.037140466826918850e-01	7.037140466826918850e-01	7.037140466826918850e-01	7.037140466826918850e-01	5.582967887208000191e-01	7.037140466826918850e-01	7.037140466826918850e-01	7.037140466826918850e-01	7.037140466826918850e-01	6.454635360246010478e-01	7.037140466826918850e-01	7.037140466826918850e-01	7.756568123547590288e-01	7.037140466826918850e-01	7.037140466826918850e-01	7.037140466826918850e-01	8.556589773292549994e-01	7.037140466826918850e-01	7.037140466826918850e-01	7.037140466826918850e-01	7.037140466826918850e-01	7.887965836265039554e-01	7.037140466826918850e-01	7.037140466826918850e-01	7.037140466826918850e-01
7.037140466826918850e-01	7.037140466826918850e-01	7.037140466826918850e-01	9.999999999999239497e-01	7.037140466826918850e-01	7.037140466826918850e-01	7.037140466826918850e-01	7.037140466826918850e-01	7.280273306376749964e-01	7.037140466826918850e-01	7.452757556154859797e-01	7.037140466826918850e-01	7.037140466826918850e-01	7.037140466826918850e-01	7.037140466826918850e-01	7.708721225608220484e-01	7.037140466826918850e-01	7.807630397813940526e-01	7.662793653229149626e-01	7.250100634356250184e-01	7.422231277022039997e-01	7.075569162643370325e-01	7.375225905197410059e-01	7.037140466826918850e-01	7.037140466826918850e-01	7.528998560963729991e-01	7.925564497384219864e-01	7.037140466826918850e-01	7.037140466826918850e-01	7.037140466826918850e-01	7.938564783533389457e-01	7.204129134166760151e-01	7.596743307134860013e-01	7.037140466826918850e-01	6.667331853500589878e-01	7.896155863862930335e-01	7.303305984710170007e-01	7.905838688382640367e-01	7.037140466826918850e-01	7.037140466826918850e-01	5.934396006384360378e-01	7.037140466826918850e-01	7.037140466826918850e-01	7.037140466826918850e-01	7.911701392792089838e-01	7.037140466826918850e-01	7.037140466826918850e-01	6.642013271648250505e-01	7.037140466826918850e-01	7.037140466826918850e-01	7.037140466826918850e-01	7.646056004653589699e-01	7.276199753555000482e-01	7.037140466826918850e-01	7.037140466826918850e-01	7.037140466826918850e-01	6.596569612534169957e-01	7.037140466826918850e-01	7.037140466826918850e-01	7.037140466826918850e-01	7.037140466826918850e-01	7.055489303918880406e-01	7.037140466826918850e-01	7.037140466826918850e-01	6.020408706199319449e-01	7.926283921056349602e-01	7.037140466826918850e-01	7.037140466826918850e-01	7.542767642931319516e-01	7.037140466826918850e-01	6.844664528831689854e-01	7.037140466826918850e-01	7.487172100413079789e-01	7.975405139110860464e-01	7.037140466826918850e-01	6.985675835494710162e-01	7.361568661345290199e-01	7.037140466826918850e-01	7.315448351457940479e-01	7.037140466826918850e-01	7.401606222941450319e-01	7.037140466826918850e-01	7.037140466826918850e-01	6.771917997590000127e-01	7.037140466826918850e-01	6.048363638703260214e-01	7.247339822781739826e-01	7.037140466826918850e-01	7.037140466826918850e-01	7.037140466826918850e-01	7.037140466826918850e-01	7.037140466826918850e-01	6.255648415439869492e-01	7.037140466826918850e-01	7.037140466826918850e-01	7.037140466826918850e-01	7.037140466826918850e-01	7.037140466826918850e-01	7.037140466826918850e-01	7.037140466826918850e-01	7.037140466826918850e-01	7.037140466826918850e-01	7.037140466826918850e-01	7.037140466826918850e-01	5.820784190023460258e-01	7.037140466826918850e-01	7.037140466826918850e-01	7.244020726531269494e-01	7.513587715322369576e-01	6.715693910340470030e-01	7.037140466826918850e-01	7.037140466826918850e-01	7.412035829830030398e-01	7.731793607557370107e-01	7.037140466826918850e-01	7.037140466826918850e-01	7.037140466826918850e-01	7.614816447992069914e-01	7.037140466826918850e-01	7.037140466826918850e-01	7.037140466826918850e-01	7.284865372881420553e-01	7.354607771269500160e-01	7.037140466826918850e-01
7.037140466826918850e-01	7.037140466826918850e-01	7.379198200808559927e-01	7.037140466826918850e-01	9.999999999999039657e-01	7.037140466826918850e-01	8.002910712797880466e-01	7.037140466826918850e-01	7.037140466826918850e-01	7.037140466826918850e-01	7.037140466826918850e-01	7.037140466826918850e-01	7.037140466826918850e-01	6.559974631533099787e-01	7.037140466826918850e-01	7.384485036537290492e-01	6.121424203546750320e-01	7.037140466826918850e-01	7.037140466826918850e-01	7.037140466826918850e-01	7.037140466826918850e-01	7.037140466826918850e-01	7.586454553841429638e-01	7.212981380228380424e-01	7.037140466826918850e-01	7.037140466826918850e-01	7.388648905585170068e-01	7.037140466826918850e-01	6.154847332107370450e-01	7.037140466826918850e-01	7.037140466826918850e-01	7.037140466826918850e-01	7.037140466826918850e-01	7.658178617623050410e-01	6.206239883430909599e-01	7.037140466826918850e-01	7.037140466826918850e-01	7.037140466826918850e-01	7.037140466826918850e-01	7.037140466826918850e-01	5.785567122111839877e-01	7.037140466826918850e-01	6.971040535251820103e-01	7.037140466826918850e-01	7.306759045206180359e-01	6.575068890292390389e-01	7.037140466826918850e-01	6.378370102375809925e-01	7.382274103956939504e-01	7.037140466826918850e-01	7.339253853697209617e-01	7.037140466826918850e-01	7.037140466826918850e-01	7.037140466826918850e-01	7.037140466826918850e-01	7.031442807714539667e-01	6.250486253664260250e-01	7.037140466826918850e-01	7.037140466826918850e-01	7.037140466826918850e-01	7.571346438040930105e-01	6.660971453180379864e-01	7.943925000827950500e-01	6.098233223499389677e-01	7.037140466826918850e-01	7.037140466826918850e-01	6.750627225994639824e-01	7.037140466826918850e-01	7.037140466826918850e-01	7.037140466826918850e-01	7.037140466826918850e-01	6.119315774226790072e-01	7.037140466826918850e-01	7.037140466826918850e-01	7.037140466826918850e-01	7.037140466826918850e-01	7.799358296349390152e-01	7.037140466826918850e-01	7.037140466826918850e-01	7.037140466826918850e-01	7.037140466826918850e-01	6.342460551037339966e-01	7.037140466826918850e-01	7.037140466826918850e-01	5.839814741477670212e-01	7.037140466826918850e-01	7.037140466826918850e-01	7.528571146729959862e-01	7.037140466826918850e-01	7.037140466826918850e-01	7.037140466826918850e-01	7.037140466826918850e-01	7.037140466826918850e-01	7.037140466826918850e-01	7.037140466826918850e-01	7.105953086949789999e-01	7.554924797671880299e-01	7.037140466826918850e-01	7.037140466826918850e-01	7.037140466826918850e-01	7.037140466826918850e-01	7.037140466826918850e-01	7.037140466826918850e-01	6.581718745187770114e-01	7.037140466826918850e-01	7.037140466826918850e-01	7.037140466826918850e-01	7.037140466826918850e-01	7.037140466826918850e-01	6.283638506037140248e-01	7.037140466826918850e-01	7.037140466826918850e-01	6.801212126255520296e-01	7.037140466826918850e-01	7.037140466826918850e-01	7.647904251016459654e-01	7.037140466826918850e-01	7.037140466826918850e-01	7.037140466826918850e-01	7.637392768507229590e-01	7.037140466826918850e-01	7.037140466826918850e-01	7.037140466826918850e-01	7.037140466826918850e-01
7.037140466826918850e-01	7.037140466826918850e-01	8.020464947357589525e-01	7.037140466826918850e-01	7.037140466826918850e-01	1.000000000000019984e+00	7.700094309093700184e-01	7.281915509258010122e-01	7.037140466826918850e-01	6.545437816633390415e-01	7.037140466826918850e-01	7.037140466826918850e-01	7.037140466826918850e-01	7.037140466826918850e-01	7.037140466826918850e-01	6.960520861310269813e-01	7.037140466826918850e-01	7.465139266551550357e-01	7.037140466826918850e-01	7.037140466826918850e-01	7.602928361378430422e-01	7.037140466826918850e-01	7.037140466826918850e-01	7.037140466826918850e-01	7.037140466826918850e-01	7.037140466826918850e-01	7.182252335284230460e-01	7.037140466826918850e-01	7.037140466826918850e-01	7.037140466826918850e-01	7.037140466826918850e-01	7.545413481595120153e-01	7.037140466826918850e-01	7.037140466826918850e-01	6.757474509297709542e-01	7.037140466826918850e-01	7.090224275359969797e-01	7.037140466826918850e-01	7.037140466826918850e-01	7.037140466826918850e-01	7.037140466826918850e-01	7.037140466826918850e-01	7.037140466826918850e-01	7.037140466826918850e-01	7.736267268067129610e-01	6.998519580382009941e-01	7.037140466826918850e-01	7.037140466826918850e-01	7.037140466826918850e-01	7.037140466826918850e-01	7.037140466826918850e-01	7.037140466826918850e-01	7.037140466826918850e-01	7.037140466826918850e-01	7.037140466826918850e-01	7.037140466826918850e-01	5.543831071294269552e-01	7.037140466826918850e-01	6.820587379142679652e-01	7.037140466826918850e-01	7.037140466826918850e-01	7.037140466826918850e-01	7.583169516835169821e-01	7.037140466826918850e-01	7.037140466826918850e-01	7.037140466826918850e-01	7.474832537971799473e-01	7.037140466826918850e-01	7.037140466826918850e-01	7.037140466826918850e-01	7.037140466826918850e-01	6.554345913587750205e-01	7.037140466826918850e-01	7.037140466826918850e-01	7.037140466826918850e-01	7.037140466826918850e-01	7.037140466826918850e-01	7.037140466826918850e-01	7.037140466826918850e-01	7.037140466826918850e-01	7.037140466826918850e-01	7.037140466826918850e-01	7.037140466826918850e-01	7.037140466826918850e-01	7.037140466826918850e-01	6.659469559282350515e-01	6.807257668206130319e-01	7.490791214733739656e-01	7.037140466826918850e-01	7.037140466826918850e-01	7.037140466826918850e-01	7.037140466826918850e-01	7.037140466826918850e-01	6.065664598337210389e-01	7.037140466826918850e-01	7.037140466826918850e-01	7.436023792358510409e-01	5.604041490586130214e-01	7.037140466826918850e-01	7.037140466826918850e-01	7.450060393206270337e-01	7.037140466826918850e-01	7.037140466826918850e-01	5.449830625114540084e-01	6.215108432305700426e-01	6.142278582920770447e-01	7.037140466826918850e-01	7.378569911669540238e-01	6.411853204952630003e-01	7.037140466826918850e-01	7.037140466826918850e-01	7.037140466826918850e-01	7.037140466826918850e-01	7.037140466826918850e-01	7.037140466826918850e-01	7.037140466826918850e-01	7.872942079035589735e-01	7.900577729827860107e-01	7.037140466826918850e-01	7.080464514288370426e-01	7.037140466826918850e-01	7.037140466826918850e-01	7.037140466826918850e-01	7.037140466826918850e-01
7.933691797818660518e-01	7.536482156798800514e-01	7.777268175721000487e-01	7.037140466826918850e-01	8.002910712797880466e-01	7.700094309093700184e-01	1.000000000000029976e+00	7.037140466826918850e-01	7.037140466826918850e-01	7.037140466826918850e-01	7.535142710660649445e-01	7.037140466826918850e-01	7.037140466826918850e-01	6.961572725293370123e-01	1.000000000000000021e-03	7.294996252225219857e-01	7.037140466826918850e-01	7.037140466826918850e-01	7.049388304259589511e-01	7.638694715089879850e-01	7.037140466826918850e-01	6.320216301520460433e-01	7.937411043021169732e-01	7.037140466826918850e-01	7.037140466826918850e-01	7.037140466826918850e-01	7.037140466826918850e-01	7.037140466826918850e-01	7.037140466826918850e-01	7.037140466826918850e-01	7.037140466826918850e-01	7.037140466826918850e-01	7.448597599731969776e-01	7.037140466826918850e-01	7.037140466826918850e-01	7.506605786146169912e-01	6.939045876103070443e-01	7.609445692183729459e-01	6.690217020381179491e-01	7.037140466826918850e-01	6.306563881094939816e-01	7.037140466826918850e-01	7.037140466826918850e-01	6.584467932982880356e-01	7.037140466826918850e-01	7.037140466826918850e-01	6.421902277830230377e-01	7.037140466826918850e-01	7.037140466826918850e-01	7.037140466826918850e-01	7.037140466826918850e-01	7.005965951108410472e-01	7.037140466826918850e-01	7.037140466826918850e-01	7.037140466826918850e-01	7.037140466826918850e-01	7.037140466826918850e-01	7.037140466826918850e-01	6.754047195501250433e-01	6.012615466993740387e-01	7.037140466826918850e-01	7.037140466826918850e-01	7.037140466826918850e-01	7.037140466826918850e-01	7.037140466826918850e-01	7.037140466826918850e-01	7.037140466826918850e-01	7.037140466826918850e-01	6.838509629484750274e-01	5.982052939661239854e-01	7.037140466826918850e-01	7.037140466826918850e-01	7.358422913885810379e-01	7.037140466826918850e-01	7.037140466826918850e-01	7.037140466826918850e-01	7.991121203492690395e-01	7.037140466826918850e-01	7.037140466826918850e-01	7.370558995758980103e-01	7.037140466826918850e-01	7.037140466826918850e-01	7.037140466826918850e-01	7.037140466826918850e-01	7.037140466826918850e-01	6.381384440192350294e-01	7.037140466826918850e-01	7.753074405019140247e-01	7.037140466826918850e-01	7.037140466826918850e-01	7.037140466826918850e-01	7.037140466826918850e-01	7.037140466826918850e-01	7.037140466826918850e-01	6.257884476757019643e-01	7.037140466826918850e-01	7.037140466826918850e-01	7.037140466826918850e-01	7.037140466826918850e-01	7.037140466826918850e-01	7.037140466826918850e-01	7.037140466826918850e-01	7.037140466826918850e-01	7.037140466826918850e-01	7.037140466826918850e-01	7.037140466826918850e-01	7.037140466826918850e-01	7.043632658886209708e-01	7.037140466826918850e-01	7.037140466826918850e-01	7.510815606961379620e-01	7.037140466826918850e-01	7.037140466826918850e-01	7.604635761669350513e-01	7.666307554644640199e-01	7.911829530751940398e-01	7.924616663518569970e-01	7.037140466826918850e-01	7.983066737033429616e-01	7.037140466826918850e-01	7.037140466826918850e-01	7.037140466826918850e-01	7.037140466826918850e-01	7.037140466826918850e-01
7.037140466826918850e-01	7.217277002772409800e-01	7.037140466826918850e-01	7.037140466826918850e-01	7.037140466826918850e-01	7.281915509258010122e-01	7.037140466826918850e-01	9.999999999999610312e-01	8.364333748233809818e-01	7.037140466826918850e-01	7.037140466826918850e-01	7.037140466826918850e-01	7.037140466826918850e-01	7.037140466826918850e-01	7.037140466826918850e-01	7.037140466826918850e-01	6.710550096394599651e-01	7.037140466826918850e-01	7.037140466826918850e-01	7.037140466826918850e-01	7.093566344199879747e-01	7.037140466826918850e-01	7.037140466826918850e-01	7.037140466826918850e-01	7.037140466826918850e-01	7.680043671504239722e-01	7.021526042592789452e-01	7.984814879672149646e-01	7.037140466826918850e-01	7.037140466826918850e-01	7.037140466826918850e-01	7.030110885024289935e-01	7.268540155337449571e-01	7.365795284572399515e-01	6.311304620627169459e-01	7.037140466826918850e-01	7.037140466826918850e-01	7.113808507638279544e-01	6.450402023052289602e-01	6.654628820900739816e-01	7.037140466826918850e-01	7.037140466826918850e-01	7.037140466826918850e-01	6.170874651757259910e-01	7.037140466826918850e-01	7.037140466826918850e-01	7.037140466826918850e-01	6.558162402678500147e-01	7.037140466826918850e-01	7.037140466826918850e-01	7.633829297588580198e-01	6.556748264538579951e-01	6.516321954883269596e-01	7.037140466826918850e-01	7.037140466826918850e-01	7.306394291178970324e-01	7.037140466826918850e-01	7.037140466826918850e-01	6.372788280817399675e-01	5.526746976493199792e-01	6.874334867684089856e-01	7.037140466826918850e-01	7.037140466826918850e-01	7.037140466826918850e-01	5.896559817225489608e-01	7.037140466826918850e-01	7.037140466826918850e-01	7.037140466826918850e-01	7.037140466826918850e-01	7.037140466826918850e-01	7.037140466826918850e-01	7.037140466826918850e-01	6.947563217447669803e-01	7.037140466826918850e-01	7.098063439837889455e-01	5.651234768294629562e-01	7.727754938988290467e-01	7.181925607455169613e-01	7.037140466826918850e-01	7.037140466826918850e-01	7.037140466826918850e-01	7.037140466826918850e-01	7.037140466826918850e-01	7.037140466826918850e-01	7.037140466826918850e-01	7.037140466826918850e-01	7.037140466826918850e-01	7.278127448044779957e-01	7.037140466826918850e-01	7.037140466826918850e-01	7.037140466826918850e-01	7.037140466826918850e-01	7.037140466826918850e-01	7.037140466826918850e-01	7.037140466826918850e-01	7.305645204307480434e-01	7.037140466826918850e-01	7.037140466826918850e-01	7.037140466826918850e-01	6.982355559546159496e-01	7.037140466826918850e-01	6.060356604787799917e-01	5.788515178891310287e-01	5.603331498394820143e-01	7.037140466826918850e-01	7.037140466826918850e-01	7.037140466826918850e-01	7.037140466826918850e-01	7.037140466826918850e-01	6.271448838591600072e-01	7.194158053795239871e-01	7.037140466826918850e-01	7.037140466826918850e-01	7.037140466826918850e-01	7.037140466826918850e-01	7.037140466826918850e-01	7.037140466826918850e-01	7.037140466826918850e-01	7.037140466826918850e-01	7.254152871904849809e-01	7.037140466826918850e-01	7.656456929880399720e-01	7.037140466826918850e-01	7.037140466826918850e-01
7.037140466826918850e-01	7.037140466826918850e-01	8.033860014851900155e-01	7.280273306376749964e-01	7.037140466826918850e-01	7.037140466826918850e-01	7.037140466826918850e-01	8.364333748233809818e-01	1.000000000000129896e+00	7.108882774124509751e-01	7.048803365377800390e-01	7.037140466826918850e-01	7.037140466826918850e-01	7.098210932437609699e-01	7.037140466826918850e-01	7.254598811919540369e-01	7.415554263954120540e-01	7.037140466826918850e-01	7.037140466826918850e-01	7.037140466826918850e-01	7.037140466826918850e-01	7.037140466826918850e-01	7.445086764961069692e-01	6.831730866161860316e-01	7.683907080378129528e-01	7.802275523988769779e-01	7.037140466826918850e-01	7.037140466826918850e-01	4.834026200638369963e-01	7.236652421793710044e-01	7.037140466826918850e-01	7.298333792496329853e-01	7.037140466826918850e-01	7.655365566777280195e-01	7.037140466826918850e-01	7.037140466826918850e-01	7.037140466826918850e-01	7.239221719967799951e-01	6.983551930615620185e-01	7.037140466826918850e-01	7.037140466826918850e-01	7.037140466826918850e-01	7.037140466826918850e-01	7.037140466826918850e-01	7.758808313372990151e-01	7.037140466826918850e-01	6.569590449619689965e-01	7.089934255402150498e-01	7.037140466826918850e-01	6.994328320129139520e-01	7.037140466826918850e-01	6.625692150622809473e-01	6.800572468414129990e-01	7.037140466826918850e-01	6.831063178809589909e-01	7.037140466826918850e-01	7.037140466826918850e-01	7.037140466826918850e-01	7.037140466826918850e-01	5.756705237755029847e-01	7.037140466826918850e-01	6.830971577228569513e-01	7.710946918492640467e-01	7.037140466826918850e-01	7.037140466826918850e-01	6.891934437485760512e-01	7.370416854139569818e-01	7.037140466826918850e-01	7.037140466826918850e-01	7.037140466826918850e-01	7.037140466826918850e-01	6.608192552094429573e-01	7.173587971496470095e-01	7.037140466826918850e-01	7.037140466826918850e-01	7.037140466826918850e-01	7.037140466826918850e-01	7.037140466826918850e-01	7.037140466826918850e-01	7.037140466826918850e-01	7.037140466826918850e-01	7.037140466826918850e-01	7.037140466826918850e-01	7.037140466826918850e-01	7.037140466826918850e-01	7.037140466826918850e-01	6.984694324064329995e-01	7.037140466826918850e-01	7.674097749924829737e-01	7.037140466826918850e-01	7.037140466826918850e-01	7.037140466826918850e-01	7.037140466826918850e-01	6.228954714957399830e-01	7.037140466826918850e-01	7.707573805715770554e-01	7.479120813936189771e-01	7.037140466826918850e-01	7.037140466826918850e-01	7.037140466826918850e-01	7.841773710931440045e-01	7.037140466826918850e-01	7.037140466826918850e-01	7.037140466826918850e-01	7.037140466826918850e-01	7.037140466826918850e-01	7.037140466826918850e-01	7.037140466826918850e-01	7.037140466826918850e-01	7.037140466826918850e-01	7.292336012541119628e-01	7.037140466826918850e-01	7.037140466826918850e-01	7.045201449106399672e-01	7.037140466826918850e-01	7.037140466826918850e-01	7.037140466826918850e-01	7.749731383045259658e-01	7.037140466826918850e-01	7.037140466826918850e-01	7.037140466826918850e-01	7.037140466826918850e-01	7.037140466826918850e-01	7.449681703761129592e-01
7.037140466826918850e-01	7.037140466826918850e-01	7.090302181253169689e-01	7.037140466826918850e-01	7.037140466826918850e-01	6.545437816633390415e-01	7.037140466826918850e-01	7.037140466826918850e-01	7.108882774124509751e-01	1.000000000000069944e+00	7.037140466826918850e-01	7.270166221830339781e-01	7.037140466826918850e-01	6.577367102594999793e-01	7.037140466826918850e-01	7.037140466826918850e-01	7.037140466826918850e-01	7.037140466826918850e-01	7.071409673236309645e-01	7.037140466826918850e-01	7.037140466826918850e-01	6.997076175305639856e-01	7.037140466826918850e-01	7.231776445234360251e-01	7.326180900699239551e-01	7.037140466826918850e-01	7.037140466826918850e-01	7.037140466826918850e-01	6.166987560006309543e-01	7.037140466826918850e-01	7.159419687089350059e-01	7.037140466826918850e-01	7.037140466826918850e-01	7.198969925955349680e-01	7.037140466826918850e-01	7.037140466826918850e-01	7.037140466826918850e-01	7.037140466826918850e-01	7.037140466826918850e-01	7.409775244237749581e-01	7.037140466826918850e-01	7.037140466826918850e-01	7.037140466826918850e-01	7.037140466826918850e-01	7.037140466826918850e-01	7.037140466826918850e-01	6.343573860052580393e-01	7.037140466826918850e-01	7.037140466826918850e-01	7.037140466826918850e-01	7.037140466826918850e-01	7.037140466826918850e-01	7.037140466826918850e-01	7.037140466826918850e-01	7.037140466826918850e-01	7.037140466826918850e-01	6.612011652045099996e-01	6.749784658864099729e-01	7.037140466826918850e-01	7.037140466826918850e-01	7.037140466826918850e-01	6.801647495726059756e-01	7.421003473539390383e-01	6.280579013027159929e-01	7.037140466826918850e-01	7.409795875711989721e-01	7.037140466826918850e-01	6.820502632958079792e-01	7.037140466826918850e-01	7.037140466826918850e-01	7.037140466826918850e-01	7.037140466826918850e-01	6.818279802642479570e-01	7.301664483160279495e-01	7.037140466826918850e-01	6.478095509339589775e-01	7.037140466826918850e-01	7.037140466826918850e-01	7.037140466826918850e-01	6.914615715326659640e-01	7.037140466826918850e-01	7.037140466826918850e-01	7.037140466826918850e-01	7.037140466826918850e-01	7.037140466826918850e-01	7.037140466826918850e-01	7.037140466826918850e-01	7.458790965276870244e-01	7.352949539274880042e-01	7.037140466826918850e-01	7.037140466826918850e-01	7.037140466826918850e-01	7.037140466826918850e-01	6.267779289461400394e-01	6.179715534719459891e-01	7.037140466826918850e-01	7.343856626478509897e-01	7.037140466826918850e-01	7.037140466826918850e-01	7.037140466826918850e-01	7.037140466826918850e-01	7.037140466826918850e-01	6.014293586455109475e-01	7.037140466826918850e-01	7.037140466826918850e-01	6.863988819866729818e-01	7.037140466826918850e-01	7.037140466826918850e-01	7.037140466826918850e-01	7.037140466826918850e-01	7.037140466826918850e-01	6.984051378344859895e-01	7.037140466826918850e-01	7.037140466826918850e-01	7.037140466826918850e-01	7.074979256930860050e-01	7.372206898163210509e-01	7.230203192690619618e-01	7.037140466826918850e-01	7.037140466826918850e-01	7.037140466826918850e-01	7.037140466826918850e-01	7.037140466826918850e-01	7.284072042017469828e-01
7.516143267228260205e-01	7.037140466826918850e-01	7.037140466826918850e-01	7.452757556154859797e-01	7.037140466826918850e-01	7.037140466826918850e-01	7.535142710660649445e-01	7.037140466826918850e-01	7.048803365377800390e-01	7.037140466826918850e-01	9.999999999999910072e-01	7.682858605721080147e-01	7.037140466826918850e-01	7.037140466826918850e-01	1.000000000000000021e-03	7.037140466826918850e-01	5.828530976896290072e-01	7.037140466826918850e-01	7.037140466826918850e-01	7.037140466826918850e-01	7.037140466826918850e-01	7.037140466826918850e-01	7.606458635186059691e-01	7.277431952725780251e-01	7.446108617716139522e-01	7.924189354733469637e-01	7.037140466826918850e-01	7.627088048656499586e-01	6.410053293338090485e-01	7.037140466826918850e-01	7.037140466826918850e-01	7.037140466826918850e-01	7.037140466826918850e-01	7.509409951788830195e-01	7.037140466826918850e-01	7.037140466826918850e-01	7.037140466826918850e-01	7.037140466826918850e-01	7.037140466826918850e-01	7.330674744790830477e-01	7.037140466826918850e-01	7.037140466826918850e-01	7.037140466826918850e-01	7.037140466826918850e-01	7.110375487605620215e-01	7.037140466826918850e-01	7.037140466826918850e-01	7.037140466826918850e-01	7.037140466826918850e-01	7.264601767577379965e-01	7.037140466826918850e-01	7.037140466826918850e-01	7.037140466826918850e-01	5.871194353172159985e-01	7.037140466826918850e-01	6.812770229102990127e-01	6.517422735729410110e-01	7.037140466826918850e-01	6.430643544561800429e-01	7.037140466826918850e-01	7.658353941595089642e-01	7.037140466826918850e-01	7.739481406082989734e-01	6.133152275031299450e-01	5.612338123111599852e-01	7.037140466826918850e-01	7.037140466826918850e-01	7.037140466826918850e-01	7.037140466826918850e-01	7.037140466826918850e-01	6.515387553503579898e-01	7.037140466826918850e-01	7.037140466826918850e-01	7.037140466826918850e-01	7.067103306922000172e-01	7.037140466826918850e-01	7.037140466826918850e-01	7.321434100538389833e-01	6.841183381687550025e-01	7.037140466826918850e-01	7.037140466826918850e-01	6.430960323665190215e-01	7.037140466826918850e-01	7.037140466826918850e-01	7.037140466826918850e-01	7.037140466826918850e-01	7.037140466826918850e-01	7.037140466826918850e-01	7.037140466826918850e-01	7.037140466826918850e-01	7.037140466826918850e-01	6.686135380762749936e-01	5.778529123028099956e-01	7.037140466826918850e-01	7.037140466826918850e-01	6.846977927317769996e-01	7.037140466826918850e-01	7.037140466826918850e-01	7.037140466826918850e-01	7.659885812306720387e-01	7.037140466826918850e-01	5.801133294386620065e-01	5.887229637794769710e-01	7.037140466826918850e-01	7.037140466826918850e-01	6.664468595439509979e-01	7.037140466826918850e-01	7.037140466826918850e-01	7.037140466826918850e-01	7.037140466826918850e-01	7.037140466826918850e-01	7.037140466826918850e-01	6.684253259591890206e-01	7.441622192767020083e-01	7.037140466826918850e-01	7.479839424179930418e-01	7.037140466826918850e-01	7.532911814917070403e-01	7.566395996126999979e-01	7.037140466826918850e-01	7.037140466826918850e-01	7.037140466826918850e-01	7.397077714002230353e-01	7.037140466826918850e-01
7.037140466826918850e-01	7.037140466826918850e-01	6.740802842983280030e-01	7.037140466826918850e-01	7.037140466826918850e-01	7.037140466826918850e-01	7.037140466826918850e-01	7.037140466826918850e-01	7.037140466826918850e-01	7.270166221830339781e-01	7.682858605721080147e-01	1.000000000000039968e+00	7.037140466826918850e-01	6.159396433506499902e-01	1.000000000000000021e-03	7.037140466826918850e-01	7.037140466826918850e-01	7.037140466826918850e-01	6.708573263868929937e-01	7.037140466826918850e-01	7.037140466826918850e-01	6.845490040702459922e-01	7.037140466826918850e-01	6.988797772738569725e-01	7.037140466826918850e-01	7.037140466826918850e-01	7.037140466826918850e-01	7.037140466826918850e-01	7.037140466826918850e-01	7.037140466826918850e-01	7.037140466826918850e-01	7.037140466826918850e-01	7.037140466826918850e-01	7.141488370987599810e-01	7.037140466826918850e-01	7.037140466826918850e-01	7.037140466826918850e-01	7.037140466826918850e-01	7.037140466826918850e-01	7.037140466826918850e-01	7.037140466826918850e-01	7.037140466826918850e-01	7.037140466826918850e-01	7.037140466826918850e-01	6.667767918606940514e-01	7.037140466826918850e-01	5.854372624871869712e-01	5.978497422048779653e-01	6.926321302562009619e-01	7.037140466826918850e-01	7.037140466826918850e-01	7.037140466826918850e-01	7.037140466826918850e-01	7.037140466826918850e-01	6.361909603079799469e-01	7.037140466826918850e-01	7.037140466826918850e-01	7.037140466826918850e-01	6.163826216074099751e-01	7.037140466826918850e-01	7.037140466826918850e-01	7.037140466826918850e-01	7.037140466826918850e-01	5.792209818141259570e-01	5.145014082624960183e-01	7.037140466826918850e-01	7.037140466826918850e-01	6.283079312291179885e-01	7.037140466826918850e-01	7.037140466826918850e-01	6.301174123851229769e-01	7.037140466826918850e-01	7.037140466826918850e-01	7.037140466826918850e-01	6.686033756898029923e-01	7.037140466826918850e-01	7.037140466826918850e-01	7.037140466826918850e-01	7.037140466826918850e-01	7.037140466826918850e-01	7.037140466826918850e-01	7.037140466826918850e-01	7.037140466826918850e-01	7.037140466826918850e-01	7.037140466826918850e-01	7.037140466826918850e-01	6.529520083895550275e-01	7.220721161668129939e-01	7.037140466826918850e-01	7.037140466826918850e-01	7.037140466826918850e-01	6.367979338899799613e-01	7.037140466826918850e-01	5.848247339413350510e-01	6.326686602792209735e-01	7.037140466826918850e-01	7.037140466826918850e-01	7.037140466826918850e-01	7.037140466826918850e-01	7.037140466826918850e-01	7.054434364821430270e-01	7.037140466826918850e-01	7.037140466826918850e-01	7.037140466826918850e-01	7.037140466826918850e-01	7.037140466826918850e-01	7.311750305174919973e-01	7.037140466826918850e-01	6.609424723885839459e-01	7.037140466826918850e-01	7.037140466826918850e-01	6.214047185217720370e-01	7.037140466826918850e-01	7.343051258477539811e-01	7.080188982612080073e-01	7.037140466826918850e-01	7.037140466826918850e-01	7.099679821122949486e-01	7.037140466826918850e-01	7.519237572835240080e-01	7.037140466826918850e-01	7.037140466826918850e-01	7.037140466826918850e-01	7.759550817573600545e-01
