1.000000000000000000e+00	2.959999999999999853e-01	4.550000000000000155e-01	4.050000000000000266e-01	3.890000000000000124e-01	3.910000000000000142e-01	3.099999999999999978e-01	4.500000000000000111e-01	6.380000000000000115e-01	5.000000000000000000e-01	5.757088846456572817e-01	6.350000000000000089e-01	6.209999999999999964e-01	7.409999999999999920e-01	2.715172655275745472e-01	3.870000000000000107e-01	5.220000000000000195e-01	7.149999999999999689e-01	6.119999999999999885e-01	6.650000000000000355e-01	6.330000000000000071e-01	6.730000000000000426e-01	5.450000000000000400e-01	6.530000000000000249e-01	4.959999999999999964e-01	5.270000000000000240e-01	5.310000000000000275e-01	5.320000000000000284e-01	6.500000000000000222e-01	6.179999999999999938e-01	5.639999999999999458e-01	2.237589107594664117e-01	6.919999999999999485e-01	4.849999999999999867e-01	4.660000000000000253e-01	6.879999999999999449e-01	5.869999999999999662e-01	5.639999999999999458e-01	6.820000000000000506e-01	6.989999999999999547e-01	3.960000000000000187e-01	4.042221985630124470e-01	2.640000000000000124e-01	2.650000000000000133e-01	6.049999999999999822e-01	4.849999999999999867e-01	3.739999999999999991e-01	5.200000000000000178e-01	5.838194351258360060e-01	5.330000000000000293e-01	5.180000000000000160e-01	5.709999999999999520e-01	1.100000000000000006e-01	3.880000000000000115e-01	4.699999999999999734e-01	3.390000000000000235e-01	5.490000000000000435e-01	1.719999999999999862e-01	3.469999999999999751e-01	3.519999999999999796e-01	3.669999999999999929e-01	5.460000000000000409e-01	7.199999999999999734e-01	2.149999999999999967e-01	5.040000000000000036e-01	5.060000000000000053e-01	6.239999999999999991e-01	3.049999999999999933e-01	4.175847883468599697e-01	3.591031642887899111e-01	4.129999999999999782e-01	2.320000000000000118e-01	5.769999999999999574e-01	5.200000000000000178e-01	3.220000000000000084e-01	6.300000000000000044e-01	5.200000000000000178e-01	5.540000000000000480e-01	3.569999999999999840e-01	6.290000000000000036e-01	6.189999999999999947e-01	1.899999999999999953e-02	2.650000000000000133e-01	3.860000000000000098e-01	5.563025370902634492e-01	1.839999999999999969e-01	8.709999999999999964e-01	3.619999999999999885e-01	3.659999999999999920e-01	5.729999999999999538e-01	5.366733225794977358e-01	3.890000000000000124e-01	2.929999999999999827e-01	3.609999999999999876e-01	5.022697678490484208e-01	7.299999999999999822e-01	3.810000000000000053e-01	4.749886796577052483e-01	4.929999999999999938e-01	3.029999999999999916e-01	5.310000000000000275e-01	5.480000000000000426e-01	3.870000000000000107e-01	7.890000000000000346e-01	4.660000000000000253e-01	5.237996744852818631e-01	5.000000000000000000e-01	4.020000000000000240e-01	7.068402241272753184e-01	6.969999999999999529e-01	5.420000000000000373e-01	5.450000000000000400e-01	7.109999999999999654e-01	8.529999999999999805e-01	5.220000000000000195e-01	5.620000000000000551e-01	5.360000000000000320e-01	4.099999999999999756e-01	5.749999999999999556e-01	5.090000000000000080e-01	4.189999999999999836e-01	5.520000000000000462e-01	4.420000000000000040e-01	4.939999999999999947e-01
2.959999999999999853e-01	1.000000000000000000e+00	2.979999999999999871e-01	2.710000000000000187e-01	5.090000000000000080e-01	5.939999999999999725e-01	5.719999999999999529e-01	3.160000000000000031e-01	3.190000000000000058e-01	2.449999999999999956e-01	2.839999999999999747e-01	2.550000000000000044e-01	3.039999999999999925e-01	3.130000000000000004e-01	3.790000000000000036e-01	5.160000000000000142e-01	2.750000000000000222e-01	3.029999999999999916e-01	2.680000000000000160e-01	2.939999999999999836e-01	3.310000000000000164e-01	3.330000000000000182e-01	2.550000000000000044e-01	3.461165153413409135e-01	4.040214012005870492e-01	3.529999999999999805e-01	2.230000000000000038e-01	2.959999999999999853e-01	2.949999999999999845e-01	2.999999999999999889e-01	3.659999999999999920e-01	4.849999999999999867e-01	2.540000000000000036e-01	3.696447672929767947e-01	3.579999999999999849e-01	3.260000000000000120e-01	3.296934328298634087e-01	2.610000000000000098e-01	2.959999999999999853e-01	3.372550581249832424e-01	5.143009008217176437e-01	4.670000000000000262e-01	3.529999999999999805e-01	5.561639337984972675e-01	4.349813489978119896e-01	2.829999999999999738e-01	3.140000000000000013e-01	3.410000000000000253e-01	2.169999999999999984e-01	2.620000000000000107e-01	4.758235347514319646e-01	2.571430287551320637e-01	3.119999999999999996e-01	4.000000000000000222e-01	2.660000000000000142e-01	4.279999999999999916e-01	2.869999999999999774e-01	4.139999999999999791e-01	2.149999999999999967e-01	3.850000000000000089e-01	3.059999999999999942e-01	3.557118292984350894e-01	3.230000000000000093e-01	6.429467030212727696e-01	3.180076894326429593e-01	2.419999999999999929e-01	2.620000000000000107e-01	3.980000000000000204e-01	3.609999999999999876e-01	2.780000000000000249e-01	5.300000000000000266e-01	6.389988764293050849e-01	2.169999999999999984e-01	2.999999999999999889e-01	4.490000000000000102e-01	3.116080454276286549e-01	2.495991977587677657e-01	2.119999999999999940e-01	2.859999999999999765e-01	4.500000000000000111e-01	4.199999999999999845e-01	1.600000000000000033e-02	3.729999999999999982e-01	5.859999999999999654e-01	3.512410416253958223e-01	3.980000000000000204e-01	3.019999999999999907e-01	3.420000000000000262e-01	3.230000000000000093e-01	2.720000000000000195e-01	3.270000000000000129e-01	2.989999999999999880e-01	9.839999999999999858e-01	3.719999999999999973e-01	2.439999999999999947e-01	2.899999999999999800e-01	3.619999999999999885e-01	2.650000000000000133e-01	3.907102157629971928e-01	6.640000000000000346e-01	2.949999999999999845e-01	2.800000000000000266e-01	4.079999999999999738e-01	3.099999999999999978e-01	2.819999999999999729e-01	2.479999999999999982e-01	2.379999999999999893e-01	3.980000000000000204e-01	3.200000000000000067e-01	3.400000000000000244e-01	2.909999999999999809e-01	4.099999999999999756e-01	3.280612631766213760e-01	3.479999999999999760e-01	2.429999999999999938e-01	2.790000000000000258e-01	2.389999999999999902e-01	3.629999999999999893e-01	4.009333306824590104e-01	2.429999999999999938e-01	2.689144030212702319e-01	2.419999999999999929e-01	3.920000000000000151e-01	2.909999999999999809e-01
4.550000000000000155e-01	2.979999999999999871e-01	1.000000000000000000e+00	7.449999999999999956e-01	4.709999999999999742e-01	4.269999999999999907e-01	3.079999999999999960e-01	6.530000000000000249e-01	5.839999999999999636e-01	5.669999999999999485e-01	6.650000000000000355e-01	4.040000000000000258e-01	4.332649403889725637e-01	4.319999999999999951e-01	4.040000000000000258e-01	4.759999999999999787e-01	5.689999999999999503e-01	5.829999999999999627e-01	5.360000000000000320e-01	5.729999999999999538e-01	5.610000000000000542e-01	4.680733846313859248e-01	6.340000000000000080e-01	5.430000000000000382e-01	5.620000000000000551e-01	4.749999999999999778e-01	5.260000000000000231e-01	6.400000000000000133e-01	5.500000000000000444e-01	5.430000000000000382e-01	6.580000000000000293e-01	2.409999999999999920e-01	4.390000000000000013e-01	5.818483447462176050e-01	7.139999999999999680e-01	5.709999999999999520e-01	5.759999999999999565e-01	6.260000000000000009e-01	4.909999999999999920e-01	5.520000000000000462e-01	3.410000000000000253e-01	2.999999999999999889e-01	2.670000000000000151e-01	3.850000000000000089e-01	5.420000000000000373e-01	5.689999999999999503e-01	5.000000000000000000e-01	6.540000000000000258e-01	5.380000000000000338e-01	6.310000000000000053e-01	6.169999999999999929e-01	6.611762416463601300e-01	1.729999999999999871e-01	6.039999999999999813e-01	6.460000000000000187e-01	3.559999999999999831e-01	6.159999999999999920e-01	2.568346787755654836e-01	3.990000000000000213e-01	5.370000000000000329e-01	2.800000000000000266e-01	5.779999999999999583e-01	5.600000000000000533e-01	2.439999999999999947e-01	6.169999999999999929e-01	5.979999999999999760e-01	5.540000000000000480e-01	3.910000000000000142e-01	4.369999999999999996e-01	4.969999999999999973e-01	5.050000000000000044e-01	2.399999999999999911e-01	5.440000000000000391e-01	7.169999999999999707e-01	3.770000000000000018e-01	5.210000000000000187e-01	5.989999999999999769e-01	5.520000000000000462e-01	3.519999999999999796e-01	6.019999999999999796e-01	5.440000000000000391e-01	2.500000000000000139e-02	2.550000000000000044e-01	4.199999999999999845e-01	6.059999999999999831e-01	2.590000000000000080e-01	4.488445584488484075e-01	5.110000000000000098e-01	6.004815802955918436e-01	6.810000000000000497e-01	4.119999999999999774e-01	6.129999999999999893e-01	2.949999999999999845e-01	6.099999999999999867e-01	7.870000000000000329e-01	4.460000000000000075e-01	6.919999999999999485e-01	6.830000000000000515e-01	6.400000000000000133e-01	3.960000000000000187e-01	7.169999999999999707e-01	7.109999999999999654e-01	3.539999999999999813e-01	5.060000000000000053e-01	6.109999999999999876e-01	6.380000000000000115e-01	5.899999999999999689e-01	3.920000000000000151e-01	5.000000000000000000e-01	4.989329908439063543e-01	6.319678805126757171e-01	3.831793662345871487e-01	4.546703037816677284e-01	5.210000000000000187e-01	6.372484531436616306e-01	6.079999999999999849e-01	5.260000000000000231e-01	6.330000000000000071e-01	4.570000000000000173e-01	6.159999999999999920e-01	4.949999999999999956e-01	6.780000000000000471e-01	4.319999999999999951e-01	7.830000000000000293e-01
4.050000000000000266e-01	2.710000000000000187e-01	7.449999999999999956e-01	1.000000000000000000e+00	3.910000000000000142e-01	3.880000000000000115e-01	2.620000000000000107e-01	5.470000000000000417e-01	5.510000000000000453e-01	5.520000000000000462e-01	5.629999999999999449e-01	4.789999999999999813e-01	4.540000000000000147e-01	4.339999999999999969e-01	3.980000000000000204e-01	3.960000000000000187e-01	5.849999999999999645e-01	4.909999999999999920e-01	5.000000000000000000e-01	4.979999999999999982e-01	5.080000000000000071e-01	4.239999999999999880e-01	5.019436314476235506e-01	4.689999999999999725e-01	5.240000000000000213e-01	4.929999999999999938e-01	4.889999999999999902e-01	5.370000000000000329e-01	4.789999999999999813e-01	5.220000000000000195e-01	5.500000000000000444e-01	1.950000000000000067e-01	4.749999999999999778e-01	4.689999999999999725e-01	5.869999999999999662e-01	4.959999999999999964e-01	4.839999999999999858e-01	5.620000000000000551e-01	5.210000000000000187e-01	4.899999999999999911e-01	3.010721131918743243e-01	2.710000000000000187e-01	2.419272770572445941e-01	3.240000000000000102e-01	5.120000000000000107e-01	5.739999999999999547e-01	5.200000000000000178e-01	5.919999999999999707e-01	5.340000000000000302e-01	5.320000000000000284e-01	4.988374288195541739e-01	5.769999999999999574e-01	1.380000000000000115e-01	5.550000000000000488e-01	5.230000000000000204e-01	3.029999999999999916e-01	5.360000000000000320e-01	2.030000000000000138e-01	4.689999999999999725e-01	4.269999999999999907e-01	2.691138110870511246e-01	4.919999999999999929e-01	4.793076869897345271e-01	2.149999999999999967e-01	5.570000000000000506e-01	5.090000000000000080e-01	4.769999999999999796e-01	3.280000000000000138e-01	4.670000000000000262e-01	3.990000000000000213e-01	4.159999999999999809e-01	2.169999999999999984e-01	5.330000000000000293e-01	6.154667394753944309e-01	3.860000000000000098e-01	5.190574947283812524e-01	5.739999999999999547e-01	5.200000000000000178e-01	2.969999999999999862e-01	5.170000000000000151e-01	5.140000000000000124e-01	2.900000000000000147e-02	2.119999999999999940e-01	3.780000000000000027e-01	5.220000000000000195e-01	2.049999999999999878e-01	4.349999999999999978e-01	6.209999999999999964e-01	4.470000000000000084e-01	5.659999999999999476e-01	3.840000000000000080e-01	5.470000000000000417e-01	2.690000000000000169e-01	4.819999999999999840e-01	6.350000000000000089e-01	4.510000000000000120e-01	5.629999999999999449e-01	6.460000000000000187e-01	5.809999999999999609e-01	3.260000000000000120e-01	5.759999999999999565e-01	5.902813796510488764e-01	3.719999999999999973e-01	4.749999999999999778e-01	7.109999999999999654e-01	6.350000000000000089e-01	5.719999999999999529e-01	3.990000000000000213e-01	4.430000000000000049e-01	4.510000000000000120e-01	5.949999999999999734e-01	3.445100580980178240e-01	4.030000000000000249e-01	4.766904857566422460e-01	6.387180783665481476e-01	5.040000000000000036e-01	5.400000000000000355e-01	5.070000000000000062e-01	3.760000000000000009e-01	5.679999999999999494e-01	5.390000000000000346e-01	5.580000000000000515e-01	4.869999999999999885e-01	6.320000000000000062e-01
3.890000000000000124e-01	5.090000000000000080e-01	4.709999999999999742e-01	3.910000000000000142e-01	1.000000000000000000e+00	5.600000000000000533e-01	4.570000000000000173e-01	4.490000000000000102e-01	4.680000000000000271e-01	3.619999999999999885e-01	4.050000000000000266e-01	3.549999999999999822e-01	3.880000000000000115e-01	3.569999999999999840e-01	5.400000000000000355e-01	9.909999999999999920e-01	3.659999999999999920e-01	4.289999999999999925e-01	3.709999999999999964e-01	3.820000000000000062e-01	4.079999999999999738e-01	4.369999999999999996e-01	3.860000000000000098e-01	4.630000000000000226e-01	4.869999999999999885e-01	4.729999999999999760e-01	3.439999999999999725e-01	4.139401106353685633e-01	3.990000000000000213e-01	3.910000000000000142e-01	5.769999999999999574e-01	3.771472010210534243e-01	3.182066980887856555e-01	5.060000000000000053e-01	5.280000000000000249e-01	4.329999999999999960e-01	4.139999999999999791e-01	4.069999999999999729e-01	3.709999999999999964e-01	4.020000000000000240e-01	4.680000000000000271e-01	4.184463642909715952e-01	2.919999999999999818e-01	4.839999999999999858e-01	4.040000000000000258e-01	3.770000000000000018e-01	4.359999999999999987e-01	4.030000000000000249e-01	3.330000000000000182e-01	3.559999999999999831e-01	5.749999999999999556e-01	3.900000000000000133e-01	3.629690336584127652e-01	5.679999999999999494e-01	4.289999999999999925e-01	4.749999999999999778e-01	3.810000000000000053e-01	3.920779382430858440e-01	3.770000000000000018e-01	5.919999999999999707e-01	4.089999999999999747e-01	4.239999999999999880e-01	4.099999999999999756e-01	3.679999999999999938e-01	4.369999999999999996e-01	3.579999999999999849e-01	3.380000000000000226e-01	5.140000000000000124e-01	3.310000000000000164e-01	4.530000000000000138e-01	6.710000000000000409e-01	3.870000000000000107e-01	3.190000000000000058e-01	4.179999999999999827e-01	3.760000000000000009e-01	3.729999999999999982e-01	3.770000000000000018e-01	3.350000000000000200e-01	2.399999999999999911e-01	4.739999999999999769e-01	4.060000000000000275e-01	3.400000000000000244e-02	2.939999999999999836e-01	5.689999999999999503e-01	4.289999999999999925e-01	3.569999999999999840e-01	3.639999999999999902e-01	4.299999999999999933e-01	5.210000000000000187e-01	3.860000000000000098e-01	4.600000000000000200e-01	4.689999999999999725e-01	5.030000000000000027e-01	5.150000000000000133e-01	4.020000000000000240e-01	3.578571532623204821e-01	5.400000000000000355e-01	3.770000000000000018e-01	3.970000000000000195e-01	6.189999999999999947e-01	3.930000000000000160e-01	4.120832277204806715e-01	5.350000000000000311e-01	3.820000000000000062e-01	3.880000000000000115e-01	3.400000000000000244e-01	3.609999999999999876e-01	4.580000000000000182e-01	4.169999999999999818e-01	4.670000000000000262e-01	3.770000000000000018e-01	5.561344151253118095e-01	4.299999999999999933e-01	4.030000000000000249e-01	3.629999999999999893e-01	4.109999999999999765e-01	3.205319082240477568e-01	4.759999999999999787e-01	5.470000000000000417e-01	3.330000000000000182e-01	4.590000000000000191e-01	3.750000000000000000e-01	4.189999999999999836e-01	4.199999999999999845e-01
3.910000000000000142e-01	5.939999999999999725e-01	4.269999999999999907e-01	3.880000000000000115e-01	5.600000000000000533e-01	1.000000000000000000e+00	4.670000000000000262e-01	4.909999999999999920e-01	4.410000000000000031e-01	3.059999999999999942e-01	3.940000000000000169e-01	3.360000000000000209e-01	3.709999999999999964e-01	3.978234283466348109e-01	4.580000000000000182e-01	5.432985026340473311e-01	3.529999999999999805e-01	4.349999999999999978e-01	3.449999999999999734e-01	3.810000000000000053e-01	4.299999999999999933e-01	4.420000000000000040e-01	3.320000000000000173e-01	4.530000000000000138e-01	4.719999999999999751e-01	4.779999999999999805e-01	2.999999999999999889e-01	3.910000000000000142e-01	3.950000000000000178e-01	4.030000000000000249e-01	5.090000000000000080e-01	3.980000000000000204e-01	3.280000000000000138e-01	4.595222953915386044e-01	4.380000000000000004e-01	4.390000000000000013e-01	3.679999999999999938e-01	3.679999999999999938e-01	4.119999999999999774e-01	4.209999999999999853e-01	7.029999999999999583e-01	5.570000000000000506e-01	2.740000000000000213e-01	3.820000000000000062e-01	5.819999999999999618e-01	3.920000000000000151e-01	4.239999999999999880e-01	4.809999999999999831e-01	2.929999999999999827e-01	3.729999999999999982e-01	5.819999999999999618e-01	3.569999999999999840e-01	2.220000000000000029e-01	5.250000000000000222e-01	4.010000000000000231e-01	5.480000000000000426e-01	3.800000000000000044e-01	3.059999999999999942e-01	3.059999999999999942e-01	4.530000000000000138e-01	4.079999999999999738e-01	4.650000000000000244e-01	4.239999999999999880e-01	4.752058994285610627e-01	3.629999999999999893e-01	2.919999999999999818e-01	3.390000000000000235e-01	5.430000000000000382e-01	3.950000000000000178e-01	3.750000000000000000e-01	5.749999999999999556e-01	4.949999999999999956e-01	2.616776757902724571e-01	4.159999999999999809e-01	4.362172657057905023e-01	4.249999999999999889e-01	3.659999999999999920e-01	2.929999999999999827e-01	2.560000000000000053e-01	5.260000000000000231e-01	5.719999999999999529e-01	1.600000000000000033e-02	2.939999999999999836e-01	9.509999999999999565e-01	4.349999999999999978e-01	2.949999999999999845e-01	3.840000000000000080e-01	4.699999999999999734e-01	4.089999999999999747e-01	3.739999999999999991e-01	4.249999999999999889e-01	4.359999999999999987e-01	5.645600903514549351e-01	4.951132400206430528e-01	3.699999999999999956e-01	3.279924316297150866e-01	4.600000000000000200e-01	3.760000000000000009e-01	4.919999999999999929e-01	5.240000000000000213e-01	4.010000000000000231e-01	4.060000000000000275e-01	4.620000000000000218e-01	4.050000000000000266e-01	3.910000000000000142e-01	3.599999999999999867e-01	3.380000000000000226e-01	5.110000000000000098e-01	4.410000000000000031e-01	4.610000000000000209e-01	4.269999999999999907e-01	5.326056016000075832e-01	4.309999999999999942e-01	4.680000000000000271e-01	3.449999999999999734e-01	3.709999999999999964e-01	3.029999999999999916e-01	5.020000000000000018e-01	4.490000000000000102e-01	3.489999999999999769e-01	3.589999999999999858e-01	3.410000000000000253e-01	6.009999999999999787e-01	4.339999999999999969e-01
3.099999999999999978e-01	5.719999999999999529e-01	3.079999999999999960e-01	2.620000000000000107e-01	4.570000000000000173e-01	4.670000000000000262e-01	1.000000000000000000e+00	3.079999999999999960e-01	2.959999999999999853e-01	2.340000000000000135e-01	2.520000000000000018e-01	2.750000000000000222e-01	3.360000000000000209e-01	3.251878439517550401e-01	3.840000000000000080e-01	4.540000000000000147e-01	2.720000000000000195e-01	2.899999999999999800e-01	2.999999999999999889e-01	3.709999999999999964e-01	3.160000000000000031e-01	3.109999999999999987e-01	2.670000000000000151e-01	2.936742422043383538e-01	4.269999999999999907e-01	3.160000000000000031e-01	2.459999999999999964e-01	2.640000000000000124e-01	3.770000000000000018e-01	2.922574108154584183e-01	3.290000000000000147e-01	4.329999999999999960e-01	2.690000000000000169e-01	3.819112144827374045e-01	3.109999999999999987e-01	2.929999999999999827e-01	3.599999999999999867e-01	2.670000000000000151e-01	2.989999999999999880e-01	3.140000000000000013e-01	4.010000000000000231e-01	4.209437150968023955e-01	3.449999999999999734e-01	4.679858986965655943e-01	3.840000000000000080e-01	2.680000000000000160e-01	3.049999999999999933e-01	3.420000000000000262e-01	2.520000000000000018e-01	2.630000000000000115e-01	4.139999999999999791e-01	2.819999999999999729e-01	3.105348913051291793e-01	3.459999999999999742e-01	2.989999999999999880e-01	3.430000000000000271e-01	3.009999999999999898e-01	3.529999999999999805e-01	2.310000000000000109e-01	3.539999999999999813e-01	3.270000000000000129e-01	3.499999999999999778e-01	3.069999999999999951e-01	4.979467180886029687e-01	3.539999999999999813e-01	2.369999999999999885e-01	3.200000000000000067e-01	3.589999999999999858e-01	2.909999999999999809e-01	2.730000000000000204e-01	5.100000000000000089e-01	4.500000000000000111e-01	2.620000000000000107e-01	3.499999999999999778e-01	3.850000000000000089e-01	2.929999999999999827e-01	2.620000000000000107e-01	2.660000000000000142e-01	2.550000000000000044e-01	3.910000000000000142e-01	3.970000000000000195e-01	2.800000000000000058e-02	3.679999999999999938e-01	4.660000000000000253e-01	2.829999999999999738e-01	3.910867107826057065e-01	3.160000000000000031e-01	3.240000000000000102e-01	3.239575358170942443e-01	2.520000000000000018e-01	3.469999999999999751e-01	2.760000000000000231e-01	5.915560931471606221e-01	3.370000000000000218e-01	2.600000000000000089e-01	3.079999999999999960e-01	3.489999999999999769e-01	2.720000000000000195e-01	3.400000000000000244e-01	5.430000000000000382e-01	2.489999999999999991e-01	3.119999999999999996e-01	4.060000000000000275e-01	3.089999999999999969e-01	2.560000000000000053e-01	2.690000000000000169e-01	2.310000000000000109e-01	3.890000000000000124e-01	3.709999999999999964e-01	3.310487284977338684e-01	2.989999999999999880e-01	3.880000000000000115e-01	3.330000000000000182e-01	3.069999999999999951e-01	2.710000000000000187e-01	2.760000000000000231e-01	2.879999999999999782e-01	3.130000000000000004e-01	4.259999999999999898e-01	2.105632465979663803e-01	2.656323488322688275e-01	3.190000000000000058e-01	3.290000000000000147e-01	2.999999999999999889e-01
4.500000000000000111e-01	3.160000000000000031e-01	6.530000000000000249e-01	5.470000000000000417e-01	4.490000000000000102e-01	4.909999999999999920e-01	3.079999999999999960e-01	1.000000000000000000e+00	5.020000000000000018e-01	4.739999999999999769e-01	6.530000000000000249e-01	4.000000000000000222e-01	3.940000000000000169e-01	3.880000000000000115e-01	4.460000000000000075e-01	4.550000000000000155e-01	5.130000000000000115e-01	5.649999999999999467e-01	4.879999999999999893e-01	5.340000000000000302e-01	5.060000000000000053e-01	4.779999999999999805e-01	5.230000000000000204e-01	5.200000000000000178e-01	5.729999999999999538e-01	4.495716758314687311e-01	4.739999999999999769e-01	6.290000000000000036e-01	4.430000000000000049e-01	4.640000000000000235e-01	5.669999999999999485e-01	2.459999999999999964e-01	3.790000000000000036e-01	6.260000000000000009e-01	6.322830381153492496e-01	5.669999999999999485e-01	4.699999999999999734e-01	5.520000000000000462e-01	4.769999999999999796e-01	4.689999999999999725e-01	3.860000000000000098e-01	3.150000000000000022e-01	2.399999999999999911e-01	3.370000000000000218e-01	4.699999999999999734e-01	5.466068791132528970e-01	5.649999999999999467e-01	5.610000000000000542e-01	4.739999999999999769e-01	5.779999999999999583e-01	6.630000000000000338e-01	5.909999999999999698e-01	1.640000000000000069e-01	6.430000000000000160e-01	5.839999999999999636e-01	3.830000000000000071e-01	5.230000000000000204e-01	2.540000000000000036e-01	4.510000000000000120e-01	5.320000000000000284e-01	3.300000000000000155e-01	5.060000000000000053e-01	4.789999999999999813e-01	2.429999999999999938e-01	4.380000000000000004e-01	4.510000000000000120e-01	5.020000000000000018e-01	4.779999999999999805e-01	3.499999999999999778e-01	5.340000000000000302e-01	5.506032372392652974e-01	2.760000000000000231e-01	5.000000000000000000e-01	5.460000000000000409e-01	3.059999999999999942e-01	4.859999999999999876e-01	5.949999999999999734e-01	4.909999999999999920e-01	2.700000000000000178e-01	5.204653070405944604e-01	4.719999999999999751e-01	2.500000000000000139e-02	2.409999999999999920e-01	4.779999999999999805e-01	5.679999999999999494e-01	2.879999999999999782e-01	4.289999999999999925e-01	5.540000000000000480e-01	5.849999999999999645e-01	6.300000000000000044e-01	4.000000000000000222e-01	6.169999999999999929e-01	3.190000000000000058e-01	5.969999999999999751e-01	5.959999999999999742e-01	4.199999999999999845e-01	6.490000000000000213e-01	5.450000000000000400e-01	5.420000000000000373e-01	3.970000000000000195e-01	6.510000000000000231e-01	6.820000000000000506e-01	3.674509039188494919e-01	4.789999999999999813e-01	5.560000000000000497e-01	5.360000000000000320e-01	5.350000000000000311e-01	4.239999999999999880e-01	5.150000000000000133e-01	5.150000000000000133e-01	5.170000000000000151e-01	4.460000000000000075e-01	4.550000000000000155e-01	5.008979794596601920e-01	5.470000000000000417e-01	5.580000000000000515e-01	4.400000000000000022e-01	6.380000000000000115e-01	4.450000000000000067e-01	5.659999999999999476e-01	4.319999999999999951e-01	5.380000000000000338e-01	5.060000000000000053e-01	6.009999999999999787e-01
6.380000000000000115e-01	3.190000000000000058e-01	5.839999999999999636e-01	5.510000000000000453e-01	4.680000000000000271e-01	4.410000000000000031e-01	2.959999999999999853e-01	5.020000000000000018e-01	1.000000000000000000e+00	4.809999999999999831e-01	6.219999999999999973e-01	5.839999999999999636e-01	6.450000000000000178e-01	6.212062966200797565e-01	3.310215097956398789e-01	4.729999999999999760e-01	5.610000000000000542e-01	7.510000000000000009e-01	5.969999999999999751e-01	5.580000000000000515e-01	6.260000000000000009e-01	6.270000000000000018e-01	5.300000000000000266e-01	6.899999999999999467e-01	5.929999999999999716e-01	6.059999999999999831e-01	5.090000000000000080e-01	5.869999999999999662e-01	5.979999999999999760e-01	6.530000000000000249e-01	7.029999999999999583e-01	2.280000000000000082e-01	5.480000000000000426e-01	5.020000000000000018e-01	6.139999999999999902e-01	6.929999999999999494e-01	5.020000000000000018e-01	6.360000000000000098e-01	6.690000000000000391e-01	6.670000000000000373e-01	4.239999999999999880e-01	3.519999999999999796e-01	2.660000000000000142e-01	3.250000000000000111e-01	5.320000000000000284e-01	5.669999999999999485e-01	4.269999999999999907e-01	5.340000000000000302e-01	5.580000000000000515e-01	5.899999999999999689e-01	5.739999999999999547e-01	5.889999999999999680e-01	1.540412193631545135e-01	5.150000000000000133e-01	5.230000000000000204e-01	3.750000000000000000e-01	5.190000000000000169e-01	2.169999999999999984e-01	3.830000000000000071e-01	4.610000000000000209e-01	3.250000000000000111e-01	5.613285680017231494e-01	6.480000000000000204e-01	2.270000000000000073e-01	4.889999999999999902e-01	5.150000000000000133e-01	5.230000000000000204e-01	3.639999999999999902e-01	4.630000000000000226e-01	4.060000000000000275e-01	4.849999999999999867e-01	2.540000000000000036e-01	5.274659255301421545e-01	5.440000000000000391e-01	3.350000000000000200e-01	6.782959407877577895e-01	5.859999999999999654e-01	5.080000000000000071e-01	3.330000000000000182e-01	6.019999999999999796e-01	5.450000000000000400e-01	2.400000000000000050e-02	2.459999999999999964e-01	4.299999999999999933e-01	6.049999999999999822e-01	2.069999999999999896e-01	6.680000000000000382e-01	5.040000000000000036e-01	4.269999999999999907e-01	6.360000000000000098e-01	4.979999999999999982e-01	5.200000000000000178e-01	3.160000000000000031e-01	4.829999999999999849e-01	5.480000000000000426e-01	6.500000000000000222e-01	4.929999999999999938e-01	5.550000000000000488e-01	5.180000000000000160e-01	3.679999999999999938e-01	5.959999999999999742e-01	5.909999999999999698e-01	3.960000000000000187e-01	6.979999999999999538e-01	6.650000000000000355e-01	5.949999999999999734e-01	5.340000000000000302e-01	4.380000000000000004e-01	6.099999999999999867e-01	6.540000000000000258e-01	6.189999999999999947e-01	6.069999999999999840e-01	5.959999999999999742e-01	6.760000000000000453e-01	5.140000000000000124e-01	5.729999999999999538e-01	5.112854466619852767e-01	4.739999999999999769e-01	5.390000000000000346e-01	5.500000000000000444e-01	4.942244856283405374e-01	5.157910793542398453e-01	4.600000000000000200e-01	5.520000000000000462e-01
5.000000000000000000e-01	2.449999999999999956e-01	5.669999999999999485e-01	5.520000000000000462e-01	3.619999999999999885e-01	3.059999999999999942e-01	2.340000000000000135e-01	4.739999999999999769e-01	4.809999999999999831e-01	1.000000000000000000e+00	6.510000000000000231e-01	5.570000000000000506e-01	5.060000000000000053e-01	4.729999999999999760e-01	3.539999999999999813e-01	3.609999999999999876e-01	6.640000000000000346e-01	5.560000000000000497e-01	6.239999999999999991e-01	5.939999999999999725e-01	5.729999999999999538e-01	5.270000000000000240e-01	7.089999999999999636e-01	5.575648658545864222e-01	4.670000000000000262e-01	5.020000000000000018e-01	5.669999999999999485e-01	5.300000000000000266e-01	5.040000000000000036e-01	5.500000000000000444e-01	5.040000000000000036e-01	1.610000000000000042e-01	5.118005690382722017e-01	5.610000000000000542e-01	5.250000000000000222e-01	5.526505335841850330e-01	6.119999999999999885e-01	5.580000000000000515e-01	5.173432028688893514e-01	5.360000000000000320e-01	2.333331914373420746e-01	2.009034519087190274e-01	2.510000000000000009e-01	2.750000000000000222e-01	4.099999999999999756e-01	5.300000000000000266e-01	4.440000000000000058e-01	4.868848908745980752e-01	6.349704045553731246e-01	6.480000000000000204e-01	4.829999999999999849e-01	6.430000000000000160e-01	1.360000000000000098e-01	4.540000000000000147e-01	5.869999999999999662e-01	2.310000000000000109e-01	5.929999999999999716e-01	1.610000000000000042e-01	3.479999999999999760e-01	4.550000000000000155e-01	2.522804847226018943e-01	5.200000000000000178e-01	5.430000000000000382e-01	1.489999999999999936e-01	5.000000000000000000e-01	7.590000000000000080e-01	6.019999999999999796e-01	2.570000000000000062e-01	5.000000000000000000e-01	3.610478471900684938e-01	4.079999999999999738e-01	1.719999999999999862e-01	6.560000000000000275e-01	5.922280969188760125e-01	3.659999999999999920e-01	5.030000000000000027e-01	5.699999999999999512e-01	6.889999999999999458e-01	3.649999999999999911e-01	4.799999999999999822e-01	4.209999999999999853e-01	2.199999999999999872e-02	2.520000000000000018e-01	2.949999999999999845e-01	6.039999999999999813e-01	1.764639713512639319e-01	4.979999999999999982e-01	4.610000000000000209e-01	4.550000000000000155e-01	6.440000000000000169e-01	3.750000000000000000e-01	3.866747163736240500e-01	2.429999999999999938e-01	4.789999999999999813e-01	6.129999999999999893e-01	4.119999999999999774e-01	4.490000000000000102e-01	6.530000000000000249e-01	4.450000000000000067e-01	2.720000000000000195e-01	6.019999999999999796e-01	6.239999999999999991e-01	3.489999999999999769e-01	5.150000000000000133e-01	5.400000000000000355e-01	5.420000000000000373e-01	6.614596908627838889e-01	3.320000000000000173e-01	5.580000000000000515e-01	5.160000000000000142e-01	4.289999999999999925e-01	4.020000000000000240e-01	5.180000000000000160e-01	5.240000000000000213e-01	5.869999999999999662e-01	6.538408795811052610e-01	6.690000000000000391e-01	4.040000000000000258e-01	4.020000000000000240e-01	5.110000000000000098e-01	5.000000000000000000e-01	5.520000000000000462e-01	3.870000000000000107e-01	5.080000000000000071e-01
5.757088846456569486e-01	2.839999999999999747e-01	6.650000000000000355e-01	5.629999999999999449e-01	4.050000000000000266e-01	3.940000000000000169e-01	2.520000000000000018e-01	6.530000000000000249e-01	6.219999999999999973e-01	6.510000000000000231e-01	1.000000000000000000e+00	5.669999999999999485e-01	5.220000000000000195e-01	5.450000000000000400e-01	3.649999999999999911e-01	4.099999999999999756e-01	6.840000000000000524e-01	6.949999999999999512e-01	7.199999999999999734e-01	7.039999999999999591e-01	6.560000000000000275e-01	6.320000000000000062e-01	7.069999999999999618e-01	7.009999999999999565e-01	5.470000000000000417e-01	5.530000000000000471e-01	6.049999999999999822e-01	7.389999999999999902e-01	5.380000000000000338e-01	5.959999999999999742e-01	6.989999999999999547e-01	1.950000000000000067e-01	4.910965197048113851e-01	5.909999999999999698e-01	6.680000000000000382e-01	7.109999999999999654e-01	6.650000000000000355e-01	7.069999999999999618e-01	5.849999999999999645e-01	6.610000000000000320e-01	3.360000000000000209e-01	2.720000000000000195e-01	2.419999999999999929e-01	3.059999999999999942e-01	4.819999999999999840e-01	6.239999999999999991e-01	4.420000000000000040e-01	6.009999999999999787e-01	6.925731040293098273e-01	7.750000000000000222e-01	6.119999999999999885e-01	7.716101038889963126e-01	1.380000000000000115e-01	5.400000000000000355e-01	6.079999999999999849e-01	3.130000000000000004e-01	6.979999999999999538e-01	2.099999999999999922e-01	3.689999999999999947e-01	4.969999999999999973e-01	2.730000000000000204e-01	6.530000000000000249e-01	6.540000000000000258e-01	1.900000000000000022e-01	4.979999999999999982e-01	7.125256408993978496e-01	7.199999999999999734e-01	3.669999999999999929e-01	5.040000000000000036e-01	4.473688858166949833e-01	4.650000000000000244e-01	2.359999999999999876e-01	6.929999999999999494e-01	6.630000000000000338e-01	3.180000000000000049e-01	6.340000000000000080e-01	7.179999999999999716e-01	6.879999999999999449e-01	3.739999999999999991e-01	5.390000000000000346e-01	4.949999999999999956e-01	1.320126546372696504e-02	2.429999999999999938e-01	3.770000000000000018e-01	7.730000000000000204e-01	2.190000000000000002e-01	5.839999999999999636e-01	5.190000000000000169e-01	4.919999999999999929e-01	8.970000000000000195e-01	3.669999999999999929e-01	5.170000000000000151e-01	2.819999999999999729e-01	5.500000000000000444e-01	7.119999999999999662e-01	5.150000000000000133e-01	5.550000000000000488e-01	6.740000000000000435e-01	5.699999999999999512e-01	3.330000000000000182e-01	7.319999999999999840e-01	8.120000000000000551e-01	3.244784989094448013e-01	6.118394958742613410e-01	6.440000000000000169e-01	6.390000000000000124e-01	7.094069377801682785e-01	3.719999999999999973e-01	5.513544841382586048e-01	5.709999999999999520e-01	5.340000000000000302e-01	4.440000000000000058e-01	6.059999999999999831e-01	6.780000000000000471e-01	6.469904056826104588e-01	7.850000000000000311e-01	6.139999999999999902e-01	5.320000000000000284e-01	4.420000000000000040e-01	6.720000000000000417e-01	5.370000000000000329e-01	6.600000000000000311e-01	4.159999999999999809e-01	6.553819155932846252e-01
6.350000000000000089e-01	2.550000000000000044e-01	4.040000000000000258e-01	4.789999999999999813e-01	3.549999999999999822e-01	3.360000000000000209e-01	2.750000000000000222e-01	4.000000000000000222e-01	5.839999999999999636e-01	5.570000000000000506e-01	5.669999999999999485e-01	1.000000000000000000e+00	6.360000000000000098e-01	6.670000000000000373e-01	3.190000000000000058e-01	3.539999999999999813e-01	5.949999999999999734e-01	6.139999999999999902e-01	6.009999999999999787e-01	5.809999999999999609e-01	6.099692099926793398e-01	7.079999999999999627e-01	5.600000000000000533e-01	6.800000000000000488e-01	5.000000000000000000e-01	5.749999999999999556e-01	4.889999999999999902e-01	4.889999999999999902e-01	5.600000000000000533e-01	5.859999999999999654e-01	5.360000000000000320e-01	1.479999999999999927e-01	6.310000000000000053e-01	4.959999999999999964e-01	4.359999999999999987e-01	7.359999999999999876e-01	5.380000000000000338e-01	5.000000000000000000e-01	6.370000000000000107e-01	6.390000000000000124e-01	3.300000000000000155e-01	2.949999999999999845e-01	2.359999999999999876e-01	2.580000000000000071e-01	4.919999999999999929e-01	4.719999999999999751e-01	4.169999999999999818e-01	4.279999999999999916e-01	5.380000000000000338e-01	4.879999999999999893e-01	4.841232535103425771e-01	5.739999999999999547e-01	1.209999999999999964e-01	4.089999999999999747e-01	4.239999999999999880e-01	2.650000000000000133e-01	5.130000000000000115e-01	1.469999999999999918e-01	3.689999999999999947e-01	3.360000000000000209e-01	3.079999999999999960e-01	4.929999999999999938e-01	6.149999999999999911e-01	1.509999999999999953e-01	4.889999999999999902e-01	5.104323476847580920e-01	5.400000000000000355e-01	2.510000000000000009e-01	4.869999999999999885e-01	3.350000000000000200e-01	3.986341052399223206e-01	1.890000000000000013e-01	5.679999999999999494e-01	4.480000000000000093e-01	3.190000000000000058e-01	6.400593233979851027e-01	5.241708075995163973e-01	6.029999999999999805e-01	3.420000000000000262e-01	4.729999999999999760e-01	5.030000000000000027e-01	2.299999999999999961e-02	2.469999999999999973e-01	3.260000000000000120e-01	5.270000000000000240e-01	1.479999999999999927e-01	7.037970834217311955e-01	4.979999999999999982e-01	3.489999999999999769e-01	5.280000000000000249e-01	5.600000000000000533e-01	3.569999999999999840e-01	2.530000000000000027e-01	3.310000000000000164e-01	4.450000000000000067e-01	5.879999999999999671e-01	3.341505459142787848e-01	4.944087897633730466e-01	3.810000000000000053e-01	2.550000000000000044e-01	4.689999999999999725e-01	5.100000000000000089e-01	4.465955080150671996e-01	6.939753188323666278e-01	5.270000000000000240e-01	5.400000000000000355e-01	5.949999999999999734e-01	4.129999999999999782e-01	5.600000000000000533e-01	5.749999999999999556e-01	4.309999999999999942e-01	5.190000000000000169e-01	6.440000000000000169e-01	6.530000000000000249e-01	4.959999999999999964e-01	5.909999999999999698e-01	5.959999999999999742e-01	3.350000000000000200e-01	5.320000000000000284e-01	4.620000000000000218e-01	4.789999999999999813e-01	4.799999999999999822e-01	4.259999999999999898e-01	3.729999999999999982e-01
