1.000000000000000000e+00	2.685732585862832256e-01	2.685732585862832256e-01	2.685732585862832256e-01	2.685732585862832256e-01	1.711842872138180094e-01	2.685732585862832256e-01	2.685732585862832256e-01	2.685732585862832256e-01	1.327486537399600042e-01	2.685732585862832256e-01	2.168528907124750091e-02	3.752683500946489836e-01	2.685732585862832256e-01	5.101411254600950462e-01	2.685732585862832256e-01	2.685732585862832256e-01	5.196639893061789743e-03	2.685732585862832256e-01	2.685732585862832256e-01	2.685732585862832256e-01	2.685732585862832256e-01	2.685732585862832256e-01	2.685732585862832256e-01	2.685732585862832256e-01	2.685732585862832256e-01	6.169535749858660045e-01	2.685732585862832256e-01	2.685732585862832256e-01	2.685732585862832256e-01	2.685732585862832256e-01	6.348043201631200505e-01	2.685732585862832256e-01	2.342580431566030075e-01	6.010034121881430158e-01	2.685732585862832256e-01	2.685732585862832256e-01	3.825535023992889805e-01	2.685732585862832256e-01	3.815644582362819892e-01	2.685732585862832256e-01	6.800002454347679748e-02	2.685732585862832256e-01	2.685732585862832256e-01	5.119090019973849826e-01	2.685732585862832256e-01	2.685732585862832256e-01	2.685732585862832256e-01	3.346320469373990081e-01	2.685732585862832256e-01	2.685732585862832256e-01	2.685732585862832256e-01	2.462536416995000088e-01	2.685732585862832256e-01	2.685732585862832256e-01	2.685732585862832256e-01	5.767950421216629930e-01	6.470822045586019922e-01	2.685732585862832256e-01	5.754527602638539463e-01	2.685732585862832256e-01	2.685732585862832256e-01	5.456718159628649589e-01	1.674345885243750092e-03	2.685732585862832256e-01	2.685732585862832256e-01	2.685732585862832256e-01	2.685732585862832256e-01	2.685732585862832256e-01	2.685732585862832256e-01	5.883662057344419827e-01	2.685732585862832256e-01	2.685732585862832256e-01	2.685732585862832256e-01	6.681102848603600111e-03	2.685732585862832256e-01	2.685732585862832256e-01	2.685732585862832256e-01	2.685732585862832256e-01	2.685732585862832256e-01	2.685732585862832256e-01	2.685732585862832256e-01	4.411312266067379806e-01	2.685732585862832256e-01	2.685732585862832256e-01	2.685732585862832256e-01	6.514675283655889659e-01	2.685732585862832256e-01	1.000000000000000048e-04	2.685732585862832256e-01	5.177785998268490120e-02	2.685732585862832256e-01	5.098890705581470284e-01	2.685732585862832256e-01	2.685732585862832256e-01	5.751684356293069733e-01	2.685732585862832256e-01	2.685732585862832256e-01	2.685732585862832256e-01	4.600677855907009950e-01	2.685732585862832256e-01	2.685732585862832256e-01	5.541092060785820506e-01	2.685732585862832256e-01	2.685732585862832256e-01	2.685732585862832256e-01	2.685732585862832256e-01	2.685732585862832256e-01	2.685732585862832256e-01	4.305972255431420037e-01	2.685732585862832256e-01	2.685732585862832256e-01	2.685732585862832256e-01	2.685732585862832256e-01	3.896997605578390172e-02	2.685732585862832256e-01	2.685732585862832256e-01	2.685732585862832256e-01	2.685732585862832256e-01	5.361628532179689710e-01	5.789089522217240324e-02	5.027990350142189646e-01	2.685732585862832256e-01	2.685732585862832256e-01
2.685732585862832256e-01	1.000000000000000000e+00	2.685732585862832256e-01	2.685732585862832256e-01	1.055282856639299938e-01	2.685732585862832256e-01	2.685732585862832256e-01	2.685732585862832256e-01	2.685732585862832256e-01	2.685732585862832256e-01	2.685732585862832256e-01	2.685732585862832256e-01	2.685732585862832256e-01	2.685732585862832256e-01	2.685732585862832256e-01	6.076657206632730263e-02	2.685732585862832256e-01	5.211281652592000130e-02	2.685732585862832256e-01	2.664878327886099907e-02	2.685732585862832256e-01	2.685732585862832256e-01	2.685732585862832256e-01	1.222352992347520012e-01	2.685732585862832256e-01	2.699786283190040020e-02	2.685732585862832256e-01	7.201565834412609890e-02	2.685732585862832256e-01	2.685732585862832256e-01	2.685732585862832256e-01	1.382532860346329974e-02	1.923450208433629890e-02	2.685732585862832256e-01	2.685732585862832256e-01	8.194688628377470169e-03	2.685732585862832256e-01	5.314199806296229789e-02	2.685732585862832256e-01	2.685732585862832256e-01	2.928544590128310046e-02	2.685732585862832256e-01	2.685732585862832256e-01	2.685732585862832256e-01	2.685732585862832256e-01	2.685732585862832256e-01	2.685732585862832256e-01	2.685732585862832256e-01	2.685732585862832256e-01	2.685732585862832256e-01	2.026612511615820053e-02	2.458219540035160022e-02	1.125572244413799994e-01	2.685732585862832256e-01	1.685477045643839905e-02	1.346839377175829966e-01	2.685732585862832256e-01	1.801850416468190122e-02	1.773077962546789829e-02	1.891133133348840006e-02	1.702459641753180028e-02	1.252167860361499963e-01	2.685732585862832256e-01	4.752707080332110173e-02	2.685732585862832256e-01	2.685732585862832256e-01	3.755903549080250037e-02	2.685732585862832256e-01	2.685732585862832256e-01	2.389094221877850061e-02	2.685732585862832256e-01	2.685732585862832256e-01	2.685732585862832256e-01	2.685732585862832256e-01	2.685732585862832256e-01	2.685732585862832256e-01	2.685732585862832256e-01	2.685732585862832256e-01	2.685732585862832256e-01	2.685732585862832256e-01	2.492941885974379879e-02	2.685732585862832256e-01	2.524290323884920140e-02	2.685732585862832256e-01	2.685732585862832256e-01	2.685732585862832256e-01	2.685732585862832256e-01	2.685732585862832256e-01	2.685732585862832256e-01	2.685732585862832256e-01	2.685732585862832256e-01	2.685732585862832256e-01	2.685732585862832256e-01	2.514152268194609977e-02	2.685732585862832256e-01	2.685732585862832256e-01	2.685732585862832256e-01	2.685732585862832256e-01	2.685732585862832256e-01	2.685732585862832256e-01	2.685732585862832256e-01	2.685732585862832256e-01	2.685732585862832256e-01	2.685732585862832256e-01	2.685732585862832256e-01	6.005148717426069677e-02	2.685732585862832256e-01	2.685732585862832256e-01	2.685732585862832256e-01	1.204688123358219932e-02	2.685732585862832256e-01	2.685732585862832256e-01	2.685732585862832256e-01	2.685732585862832256e-01	2.685732585862832256e-01	2.685732585862832256e-01	2.685732585862832256e-01	2.685732585862832256e-01	2.685732585862832256e-01	1.493830404275629971e-02	2.685732585862832256e-01	2.291567024343110076e-02	2.685732585862832256e-01	2.685732585862832256e-01
2.685732585862832256e-01	2.685732585862832256e-01	1.000000000000000000e+00	2.685732585862832256e-01	1.945143435766669981e-01	2.685732585862832256e-01	2.685732585862832256e-01	2.685732585862832256e-01	1.792948658853910082e-01	2.685732585862832256e-01	1.462404536801809873e-01	2.863901945062279908e-01	9.407005251874969720e-02	5.249192458581879855e-02	2.685732585862832256e-01	1.404523292354210029e-01	2.685732585862832256e-01	2.685732585862832256e-01	4.905319933431689927e-02	2.685732585862832256e-01	2.685732585862832256e-01	2.685732585862832256e-01	2.542746955224399752e-01	2.685732585862832256e-01	2.685732585862832256e-01	2.685732585862832256e-01	2.685732585862832256e-01	2.685732585862832256e-01	2.685732585862832256e-01	2.685732585862832256e-01	2.685732585862832256e-01	2.244650044198870029e-02	2.685732585862832256e-01	1.748610639526360089e-01	3.008743118848530157e-02	2.685732585862832256e-01	2.685732585862832256e-01	2.685732585862832256e-01	2.685732585862832256e-01	1.370983953121049925e-01	2.685732585862832256e-01	2.685732585862832256e-01	2.685732585862832256e-01	1.939450080559470060e-02	2.340621122834200124e-02	3.079922956527699762e-01	2.685732585862832256e-01	2.685732585862832256e-01	1.766021541007249951e-01	3.360130448400600045e-01	2.685732585862832256e-01	4.916183401161530048e-02	2.685732585862832256e-01	2.685732585862832256e-01	2.685732585862832256e-01	3.250920812999379961e-01	2.685732585862832256e-01	2.685732585862832256e-01	2.685732585862832256e-01	3.895713858519479766e-02	2.685732585862832256e-01	2.685732585862832256e-01	1.752336564941999950e-02	1.223245084239990010e-01	2.685732585862832256e-01	2.685732585862832256e-01	1.367149846573620098e-01	2.597789188287940032e-01	2.685732585862832256e-01	2.685732585862832256e-01	2.685732585862832256e-01	2.685732585862832256e-01	2.685732585862832256e-01	2.685732585862832256e-01	2.685732585862832256e-01	2.685732585862832256e-01	2.086035226245670088e-02	2.685732585862832256e-01	2.613425729549890275e-01	2.685732585862832256e-01	4.860732692188630272e-02	2.357593088096660017e-02	2.070189768504440003e-02	2.685732585862832256e-01	2.685732585862832256e-01	2.685732585862832256e-01	2.989404340755990111e-02	2.685732585862832256e-01	2.685732585862832256e-01	2.685732585862832256e-01	2.685732585862832256e-01	2.685732585862832256e-01	2.685732585862832256e-01	2.685732585862832256e-01	2.871017636434319842e-02	2.685732585862832256e-01	1.101464252866620058e-01	2.685732585862832256e-01	2.685732585862832256e-01	2.685732585862832256e-01	2.685732585862832256e-01	2.833732600294849857e-01	2.685732585862832256e-01	2.685732585862832256e-01	2.685732585862832256e-01	2.685732585862832256e-01	1.608685871903610121e-01	2.685732585862832256e-01	2.685732585862832256e-01	2.685732585862832256e-01	2.685732585862832256e-01	6.860279358922130588e-02	2.685732585862832256e-01	2.685732585862832256e-01	2.685732585862832256e-01	2.685732585862832256e-01	3.257234549117019734e-02	2.685732585862832256e-01	2.685732585862832256e-01	2.685732585862832256e-01	1.915524844668470006e-01	2.685732585862832256e-01	2.685732585862832256e-01	2.685732585862832256e-01
2.685732585862832256e-01	2.685732585862832256e-01	2.685732585862832256e-01	1.000000000000000000e+00	2.685732585862832256e-01	1.671594195515349879e-01	2.685732585862832256e-01	1.856934452553319903e-01	2.685732585862832256e-01	1.990104362078299882e-01	2.685732585862832256e-01	2.685732585862832256e-01	2.685732585862832256e-01	4.446530256296710171e-03	2.189118912536940076e-01	2.182483119542689975e-01	2.685732585862832256e-01	2.218601053569990017e-02	1.812122583886610072e-01	2.685732585862832256e-01	6.735815152803030503e-02	2.685732585862832256e-01	1.312544414942150017e-01	2.685732585862832256e-01	2.715560910797700234e-01	2.685732585862832256e-01	2.685732585862832256e-01	2.685732585862832256e-01	1.763239129998759869e-01	2.685732585862832256e-01	2.685732585862832256e-01	2.685732585862832256e-01	2.685732585862832256e-01	2.685732585862832256e-01	2.056813607799329868e-01	2.685732585862832256e-01	2.685732585862832256e-01	1.772683879814339891e-01	2.685732585862832256e-01	2.685732585862832256e-01	1.702201428360969881e-01	9.223520758739589542e-02	1.945509683825369929e-01	1.457594225931329868e-01	2.685732585862832256e-01	2.685732585862832256e-01	2.685732585862832256e-01	2.685732585862832256e-01	2.685732585862832256e-01	2.685732585862832256e-01	2.685732585862832256e-01	1.754381354460539943e-01	2.685732585862832256e-01	2.685732585862832256e-01	1.297465100955740025e-01	1.461922792209419952e-01	2.685732585862832256e-01	1.796792515622880060e-01	2.685732585862832256e-01	1.882454692149050091e-01	2.685732585862832256e-01	2.685732585862832256e-01	2.685732585862832256e-01	2.685732585862832256e-01	2.685732585862832256e-01	2.685732585862832256e-01	2.685732585862832256e-01	2.685732585862832256e-01	2.685732585862832256e-01	1.135335824705289987e-01	2.685732585862832256e-01	2.685732585862832256e-01	1.426374844454590118e-01	2.685732585862832256e-01	2.685732585862832256e-01	2.685732585862832256e-01	2.685732585862832256e-01	2.685732585862832256e-01	2.685732585862832256e-01	2.685732585862832256e-01	2.685732585862832256e-01	1.852613109190809904e-01	2.685732585862832256e-01	2.685732585862832256e-01	2.685732585862832256e-01	2.685732585862832256e-01	1.703042882392629964e-01	2.685732585862832256e-01	2.685732585862832256e-01	1.088912457388249988e-01	2.685732585862832256e-01	2.685732585862832256e-01	2.685732585862832256e-01	1.409456957864820004e-01	1.655971385128970075e-01	2.685732585862832256e-01	2.685732585862832256e-01	1.851915654848579895e-01	1.838410919286619927e-01	2.685732585862832256e-01	2.794789759836789900e-01	2.685732585862832256e-01	2.685732585862832256e-01	2.685732585862832256e-01	2.685732585862832256e-01	2.685732585862832256e-01	2.685732585862832256e-01	2.685732585862832256e-01	2.685732585862832256e-01	2.685732585862832256e-01	2.685732585862832256e-01	2.685732585862832256e-01	1.429836550553439944e-01	2.685732585862832256e-01	7.563033785907820328e-02	2.685732585862832256e-01	1.607020957466130107e-01	2.685732585862832256e-01	2.685732585862832256e-01	2.685732585862832256e-01	2.685732585862832256e-01	2.685732585862832256e-01	1.270213394175259969e-01	2.685732585862832256e-01
2.685732585862832256e-01	1.055282856639299938e-01	1.945143435766669981e-01	2.685732585862832256e-01	1.000000000000000000e+00	2.685732585862832256e-01	2.685732585862832256e-01	3.340183465196189805e-01	2.685732585862832256e-01	2.685732585862832256e-01	2.685732585862832256e-01	8.183810240849989648e-02	2.685732585862832256e-01	7.859056643373019471e-03	2.685732585862832256e-01	4.521144075470079904e-01	2.685732585862832256e-01	2.685732585862832256e-01	2.685732585862832256e-01	2.685732585862832256e-01	2.685732585862832256e-01	2.685732585862832256e-01	2.685732585862832256e-01	2.685732585862832256e-01	4.336276543290080165e-01	2.685732585862832256e-01	2.685732585862832256e-01	2.685732585862832256e-01	2.685732585862832256e-01	3.363611628698450207e-01	1.759798340925859961e-01	2.685732585862832256e-01	2.150009406029770032e-01	2.686448415138569801e-01	3.058902631839159891e-01	2.022350996998699968e-01	2.685732585862832256e-01	2.685732585862832256e-01	2.685732585862832256e-01	2.685732585862832256e-01	2.716072219575019764e-01	2.685732585862832256e-01	4.248596384305090012e-01	2.417517895078289958e-01	2.346277049608460064e-01	2.685732585862832256e-01	2.685732585862832256e-01	2.833132466320649745e-01	2.685732585862832256e-01	2.685732585862832256e-01	2.685732585862832256e-01	2.685732585862832256e-01	2.685732585862832256e-01	2.685732585862832256e-01	2.685732585862832256e-01	2.176738126375570015e-01	2.496027099862180021e-01	2.685732585862832256e-01	2.128011399066009890e-01	2.685732585862832256e-01	2.378186596222529869e-01	2.685732585862832256e-01	2.685732585862832256e-01	2.685732585862832256e-01	3.702592909841380120e-01	2.685732585862832256e-01	2.685732585862832256e-01	2.372875588012179904e-01	2.685732585862832256e-01	2.685732585862832256e-01	2.685732585862832256e-01	2.685732585862832256e-01	2.685732585862832256e-01	2.287340421760259979e-01	2.685732585862832256e-01	2.685732585862832256e-01	2.685732585862832256e-01	3.522313726136370171e-01	2.685732585862832256e-01	2.685732585862832256e-01	2.685732585862832256e-01	2.685732585862832256e-01	2.685732585862832256e-01	2.685732585862832256e-01	2.685732585862832256e-01	2.685732585862832256e-01	2.685732585862832256e-01	1.726123148800799978e-01	1.000000000000000048e-04	2.685732585862832256e-01	2.685732585862832256e-01	2.685732585862832256e-01	4.092171351921580214e-01	2.685732585862832256e-01	2.685732585862832256e-01	2.685732585862832256e-01	3.030385277022479840e-01	3.188786806531579976e-01	2.685732585862832256e-01	3.529034509306889777e-01	2.685732585862832256e-01	2.685732585862832256e-01	2.685732585862832256e-01	2.685732585862832256e-01	2.685732585862832256e-01	2.685732585862832256e-01	2.685732585862832256e-01	2.685732585862832256e-01	2.685732585862832256e-01	1.791978437146219960e-01	2.685732585862832256e-01	2.685732585862832256e-01	2.418599112979069876e-01	2.685732585862832256e-01	2.685732585862832256e-01	2.685732585862832256e-01	2.685732585862832256e-01	4.992147029212469778e-01	2.685732585862832256e-01	2.685732585862832256e-01	2.685732585862832256e-01	2.382500029005880093e-01	2.685732585862832256e-01	2.685732585862832256e-01
1.711842872138180094e-01	2.685732585862832256e-01	2.685732585862832256e-01	1.671594195515349879e-01	2.685732585862832256e-01	1.000000000000000000e+00	2.685732585862832256e-01	2.685732585862832256e-01	2.391994622535250081e-01	2.685732585862832256e-01	2.685732585862832256e-01	8.471681857437980689e-02	2.079983792552559940e-01	2.685732585862832256e-01	2.685732585862832256e-01	2.171621448424939926e-01	2.685732585862832256e-01	2.409080856565079878e-02	1.259319539631069962e-01	2.685732585862832256e-01	2.685732585862832256e-01	2.685732585862832256e-01	1.399244624147960026e-01	2.685732585862832256e-01	1.745732404106090097e-01	2.685732585862832256e-01	2.685732585862832256e-01	2.685732585862832256e-01	1.032267286221769942e-01	2.685732585862832256e-01	2.685732585862832256e-01	2.685732585862832256e-01	2.685732585862832256e-01	2.685732585862832256e-01	2.685732585862832256e-01	2.685732585862832256e-01	2.054733257368709931e-01	2.685732585862832256e-01	2.685732585862832256e-01	2.130567026886930060e-01	2.685732585862832256e-01	1.058292157274060008e-01	1.586653031244900092e-01	2.685732585862832256e-01	2.685732585862832256e-01	2.685732585862832256e-01	1.347758883752629977e-01	1.116838433521129964e-01	2.685732585862832256e-01	2.028308967121290052e-01	2.685732585862832256e-01	2.685732585862832256e-01	1.948029506693770008e-01	2.685732585862832256e-01	2.685732585862832256e-01	2.685732585862832256e-01	2.685732585862832256e-01	2.685732585862832256e-01	2.685732585862832256e-01	2.685732585862832256e-01	2.685732585862832256e-01	2.685732585862832256e-01	2.685732585862832256e-01	2.685732585862832256e-01	2.685732585862832256e-01	2.685732585862832256e-01	2.685732585862832256e-01	2.197170550387269883e-01	2.685732585862832256e-01	8.317786656742949536e-02	2.685732585862832256e-01	2.685732585862832256e-01	2.685732585862832256e-01	2.685732585862832256e-01	2.685732585862832256e-01	2.685732585862832256e-01	2.685732585862832256e-01	2.685732585862832256e-01	2.685732585862832256e-01	1.310754062771830042e-01	2.685732585862832256e-01	2.685732585862832256e-01	8.580029312916580275e-02	1.167443237433229974e-01	2.685732585862832256e-01	2.685732585862832256e-01	2.685732585862832256e-01	2.685732585862832256e-01	2.685732585862832256e-01	2.685732585862832256e-01	2.685732585862832256e-01	1.197185957340889950e-01	1.924199723073400092e-01	9.948229475726899640e-02	1.152266963352379936e-01	9.465186776292240645e-02	2.685732585862832256e-01	2.685732585862832256e-01	2.685732585862832256e-01	2.685732585862832256e-01	2.685732585862832256e-01	2.685732585862832256e-01	2.685732585862832256e-01	2.685732585862832256e-01	2.685732585862832256e-01	2.685732585862832256e-01	7.043340304668670171e-02	8.777112553697259678e-02	2.685732585862832256e-01	7.330322133765590498e-02	7.875452252810230536e-02	1.757315205526530089e-01	2.685732585862832256e-01	2.685732585862832256e-01	1.156967813707590054e-01	2.685732585862832256e-01	2.685732585862832256e-01	2.685732585862832256e-01	2.685732585862832256e-01	2.685732585862832256e-01	2.685732585862832256e-01	9.802975304370549481e-02	2.685732585862832256e-01	2.685732585862832256e-01
2.685732585862832256e-01	2.685732585862832256e-01	2.685732585862832256e-01	2.685732585862832256e-01	2.685732585862832256e-01	2.685732585862832256e-01	1.000000000000000000e+00	2.685732585862832256e-01	2.685732585862832256e-01	2.685732585862832256e-01	2.685732585862832256e-01	2.685732585862832256e-01	2.685732585862832256e-01	2.685732585862832256e-01	2.685732585862832256e-01	2.685732585862832256e-01	2.685732585862832256e-01	2.685732585862832256e-01	1.526546128822990067e-01	2.685732585862832256e-01	7.949376891591310168e-02	2.685732585862832256e-01	2.685732585862832256e-01	2.685732585862832256e-01	2.685732585862832256e-01	2.685732585862832256e-01	2.685732585862832256e-01	2.685732585862832256e-01	2.685732585862832256e-01	1.742530807858700126e-01	2.685732585862832256e-01	1.303095601095390077e-01	2.685732585862832256e-01	2.685732585862832256e-01	2.150717894474210024e-01	7.378090037218859587e-02	2.685732585862832256e-01	2.088911800669379926e-01	2.685732585862832256e-01	2.685732585862832256e-01	2.685732585862832256e-01	2.685732585862832256e-01	2.685732585862832256e-01	2.685732585862832256e-01	1.196143958826530046e-01	9.799976641391899834e-02	2.685732585862832256e-01	2.685732585862832256e-01	2.685732585862832256e-01	2.685732585862832256e-01	1.304476340140079960e-01	2.685732585862832256e-01	2.685732585862832256e-01	1.387113563939000038e-01	2.685732585862832256e-01	2.685732585862832256e-01	2.685732585862832256e-01	2.685732585862832256e-01	2.685732585862832256e-01	2.685732585862832256e-01	2.685732585862832256e-01	9.364154847659010572e-02	2.685732585862832256e-01	2.685732585862832256e-01	2.685732585862832256e-01	1.755661728781550135e-01	2.685732585862832256e-01	2.685732585862832256e-01	2.538621304106549736e-01	2.685732585862832256e-01	2.685732585862832256e-01	2.685732585862832256e-01	1.273386007821770138e-01	2.002554366066769953e-01	2.685732585862832256e-01	1.223792172013279944e-01	2.685732585862832256e-01	1.595302068964770115e-01	2.685732585862832256e-01	1.545014884944909961e-01	2.685732585862832256e-01	1.334942723395189934e-01	2.685732585862832256e-01	2.685732585862832256e-01	2.685732585862832256e-01	2.685732585862832256e-01	2.685732585862832256e-01	1.228929419106469939e-01	2.685732585862832256e-01	2.628970773952090112e-01	2.685732585862832256e-01	2.685732585862832256e-01	2.093193112471050110e-01	2.685732585862832256e-01	1.449828254257919946e-01	9.381139071088880066e-02	1.701480512961210112e-01	2.685732585862832256e-01	2.685732585862832256e-01	2.685732585862832256e-01	2.685732585862832256e-01	2.685732585862832256e-01	2.685732585862832256e-01	2.257180951292679927e-01	1.810886265837479969e-01	2.685732585862832256e-01	2.685732585862832256e-01	2.685732585862832256e-01	2.685732585862832256e-01	2.685732585862832256e-01	2.685732585862832256e-01	2.685732585862832256e-01	3.054873974184890151e-01	2.685732585862832256e-01	2.685732585862832256e-01	2.685732585862832256e-01	2.685732585862832256e-01	2.874841360647429900e-01	2.685732585862832256e-01	1.186415732073130003e-01	2.685732585862832256e-01	2.685732585862832256e-01	9.400366106622559670e-02	2.685732585862832256e-01
2.685732585862832256e-01	2.685732585862832256e-01	2.685732585862832256e-01	1.856934452553319903e-01	3.340183465196189805e-01	2.685732585862832256e-01	2.685732585862832256e-01	1.000000000000000000e+00	2.685732585862832256e-01	2.685732585862832256e-01	2.685732585862832256e-01	2.685732585862832256e-01	2.685732585862832256e-01	2.685732585862832256e-01	1.986922142531719893e-01	2.685732585862832256e-01	2.685732585862832256e-01	2.685732585862832256e-01	2.210915951199859952e-01	2.108569446003160097e-01	8.855540244053269894e-02	2.685732585862832256e-01	2.685732585862832256e-01	2.115428516055430086e-01	2.685732585862832256e-01	2.685732585862832256e-01	2.685732585862832256e-01	2.685732585862832256e-01	2.685732585862832256e-01	2.685732585862832256e-01	2.685732585862832256e-01	1.795862476927780060e-01	2.685732585862832256e-01	2.685732585862832256e-01	2.685732585862832256e-01	1.213153685073500021e-01	2.783303304605420081e-01	2.685732585862832256e-01	2.685732585862832256e-01	2.685732585862832256e-01	2.685732585862832256e-01	2.685732585862832256e-01	2.685732585862832256e-01	2.685732585862832256e-01	2.685732585862832256e-01	2.685732585862832256e-01	2.685732585862832256e-01	2.685732585862832256e-01	2.685732585862832256e-01	2.685732585862832256e-01	2.685732585862832256e-01	2.685732585862832256e-01	2.386933630065060097e-01	2.685732585862832256e-01	2.167740818588499985e-01	2.685732585862832256e-01	2.685732585862832256e-01	2.685732585862832256e-01	1.880196676549359958e-01	2.685732585862832256e-01	2.685732585862832256e-01	9.146137969540039936e-02	2.010960708933879904e-01	2.685732585862832256e-01	2.685732585862832256e-01	2.685732585862832256e-01	2.358289767127079994e-01	2.685732585862832256e-01	2.685732585862832256e-01	2.685732585862832256e-01	2.685732585862832256e-01	2.685732585862832256e-01	2.685732585862832256e-01	2.973305870229219772e-01	2.685732585862832256e-01	1.042202128085110008e-01	2.685732585862832256e-01	2.685732585862832256e-01	2.685732585862832256e-01	2.685732585862832256e-01	2.685732585862832256e-01	2.685732585862832256e-01	2.442508633151539987e-01	2.685732585862832256e-01	2.545561019655689927e-01	1.809480447140789927e-01	1.809395281091989993e-01	2.685732585862832256e-01	1.000000000000000048e-04	2.685732585862832256e-01	1.211270836689520014e-01	2.685732585862832256e-01	2.412289356814500130e-01	2.685732585862832256e-01	2.685732585862832256e-01	2.685732585862832256e-01	2.685732585862832256e-01	1.857065559586260073e-01	2.057781930185320074e-01	2.685732585862832256e-01	2.685732585862832256e-01	2.685732585862832256e-01	2.685732585862832256e-01	2.685732585862832256e-01	2.168965530888929960e-01	2.685732585862832256e-01	2.685732585862832256e-01	2.685732585862832256e-01	2.685732585862832256e-01	2.685732585862832256e-01	1.715189897824029863e-01	2.685732585862832256e-01	2.685732585862832256e-01	1.548035725577590060e-01	1.025342756269110034e-01	2.685732585862832256e-01	2.685732585862832256e-01	2.741438183717179733e-01	2.950304111325040002e-01	1.636908048620339950e-01	2.685732585862832256e-01	2.221921868345189954e-01	2.685732585862832256e-01	1.758763275051100083e-01
2.685732585862832256e-01	2.685732585862832256e-01	1.792948658853910082e-01	2.685732585862832256e-01	2.685732585862832256e-01	2.391994622535250081e-01	2.685732585862832256e-01	2.685732585862832256e-01	1.000000000000000000e+00	2.685732585862832256e-01	2.685732585862832256e-01	2.685732585862832256e-01	2.685732585862832256e-01	2.685732585862832256e-01	3.174410784399270269e-01	2.685732585862832256e-01	3.577955761090220177e-01	2.685732585862832256e-01	2.685732585862832256e-01	2.685732585862832256e-01	2.685732585862832256e-01	3.437393526181660164e-01	2.685732585862832256e-01	2.685732585862832256e-01	2.685732585862832256e-01	3.481191760902520027e-01	2.685732585862832256e-01	3.652053444943940130e-01	2.733707116661490133e-01	3.658935669354380082e-01	2.685732585862832256e-01	3.010269736938360197e-01	2.309137072359510046e-01	2.685732585862832256e-01	3.073044818312909987e-01	2.134230423983959901e-01	2.685732585862832256e-01	2.685732585862832256e-01	2.685732585862832256e-01	2.685732585862832256e-01	2.685732585862832256e-01	2.029550428355360037e-01	3.893748227078259738e-01	2.685732585862832256e-01	2.685732585862832256e-01	8.874316561052669750e-02	2.685732585862832256e-01	2.685732585862832256e-01	2.685732585862832256e-01	2.685732585862832256e-01	2.685732585862832256e-01	2.977647382019910083e-01	3.125485714748130195e-01	2.824743923696900194e-01	2.685732585862832256e-01	2.685732585862832256e-01	2.696075436190419894e-01	2.685732585862832256e-01	2.685732585862832256e-01	2.685732585862832256e-01	2.685732585862832256e-01	2.685732585862832256e-01	2.685732585862832256e-01	2.685732585862832256e-01	2.685732585862832256e-01	9.429169619605159980e-02	2.685732585862832256e-01	2.685732585862832256e-01	2.685732585862832256e-01	2.685732585862832256e-01	2.685732585862832256e-01	2.937625378427169975e-01	2.685732585862832256e-01	2.622729346564730002e-01	2.685732585862832256e-01	2.685732585862832256e-01	2.685732585862832256e-01	2.685732585862832256e-01	2.685732585862832256e-01	3.106712323521440000e-01	2.685732585862832256e-01	3.112273874253200234e-01	2.685732585862832256e-01	2.685732585862832256e-01	2.797158560181359777e-01	2.685732585862832256e-01	2.685732585862832256e-01	1.955976792773939932e-01	2.685732585862832256e-01	2.685732585862832256e-01	2.685732585862832256e-01	2.685732585862832256e-01	4.296254973744780270e-01	2.331854727188640009e-01	2.685732585862832256e-01	2.537844757243479799e-01	3.326064068982759747e-01	2.685732585862832256e-01	2.685732585862832256e-01	4.113122883837480037e-01	2.685732585862832256e-01	2.685732585862832256e-01	2.685732585862832256e-01	2.641933411145970245e-01	2.685732585862832256e-01	2.685732585862832256e-01	2.685732585862832256e-01	1.244617358521319939e-01	2.685732585862832256e-01	2.685732585862832256e-01	2.258934596759329949e-01	2.685732585862832256e-01	2.685732585862832256e-01	2.685732585862832256e-01	2.685732585862832256e-01	2.685732585862832256e-01	2.685732585862832256e-01	2.685732585862832256e-01	4.387912331008890221e-01	2.685732585862832256e-01	1.251048564749510095e-01	2.685732585862832256e-01	2.685732585862832256e-01	2.685732585862832256e-01
1.327486537399600042e-01	2.685732585862832256e-01	2.685732585862832256e-01	1.990104362078299882e-01	2.685732585862832256e-01	2.685732585862832256e-01	2.685732585862832256e-01	2.685732585862832256e-01	2.685732585862832256e-01	1.000000000000000000e+00	2.384238813933790002e-01	2.685732585862832256e-01	1.859777178361760042e-01	2.338253717181909899e-02	2.685732585862832256e-01	2.685732585862832256e-01	2.621927071627739858e-01	2.685732585862832256e-01	2.685732585862832256e-01	1.126526253891979995e-01	1.354085557759930059e-01	2.685732585862832256e-01	2.685732585862832256e-01	2.685732585862832256e-01	2.685732585862832256e-01	1.239968851174459985e-01	2.685732585862832256e-01	2.685732585862832256e-01	2.685732585862832256e-01	2.685732585862832256e-01	2.685732585862832256e-01	7.501347170809399834e-02	2.685732585862832256e-01	2.025875998451260041e-01	2.685732585862832256e-01	2.685732585862832256e-01	2.685732585862832256e-01	2.094720756790409977e-01	2.685732585862832256e-01	2.685732585862832256e-01	9.833706696007479819e-02	2.685732585862832256e-01	2.685732585862832256e-01	8.315829392310210288e-02	2.685732585862832256e-01	2.685732585862832256e-01	2.685732585862832256e-01	2.685732585862832256e-01	2.698424072053510203e-01	3.028175268438330070e-01	2.685732585862832256e-01	1.183710491733550030e-01	2.685732585862832256e-01	2.685732585862832256e-01	2.685732585862832256e-01	2.685732585862832256e-01	9.726909700479860477e-02	9.901981538598969568e-02	6.614542995062940023e-02	1.075035311422800066e-01	2.685732585862832256e-01	2.685732585862832256e-01	7.353994232154359434e-02	2.836431124309849935e-02	2.685732585862832256e-01	2.685732585862832256e-01	1.662296796936539867e-01	2.685732585862832256e-01	1.094384561473349948e-01	2.685732585862832256e-01	2.685732585862832256e-01	9.430723079659460162e-02	6.606764292114410131e-02	1.267645195863459917e-01	3.898557010023429720e-02	2.685732585862832256e-01	2.685732585862832256e-01	2.685732585862832256e-01	2.438947371971419975e-01	2.685732585862832256e-01	1.401551595954959872e-01	2.685732585862832256e-01	7.685038729020579606e-02	2.685732585862832256e-01	2.685732585862832256e-01	8.220678971194360363e-02	2.685732585862832256e-01	2.685732585862832256e-01	1.000000000000000048e-04	3.112200631354110070e-01	2.685732585862832256e-01	2.685732585862832256e-01	1.447748425725429999e-01	8.490043880478520544e-02	2.685732585862832256e-01	2.685732585862832256e-01	2.685732585862832256e-01	7.712941467966770437e-02	2.685732585862832256e-01	2.685732585862832256e-01	1.643934222765010000e-01	1.539280651022799928e-01	2.685732585862832256e-01	2.685732585862832256e-01	9.915739956491599616e-02	2.685732585862832256e-01	2.685732585862832256e-01	6.731219652518949381e-02	2.168761364132200109e-01	2.685732585862832256e-01	5.555120997195889948e-02	2.685732585862832256e-01	2.270126124816760071e-01	2.281963760158310095e-01	2.685732585862832256e-01	2.685732585862832256e-01	2.685732585862832256e-01	1.294841803408129932e-01	1.812719729139559977e-01	2.685732585862832256e-01	2.685732585862832256e-01	2.685732585862832256e-01	2.685732585862832256e-01	2.685732585862832256e-01
2.685732585862832256e-01	2.685732585862832256e-01	1.462404536801809873e-01	2.685732585862832256e-01	2.685732585862832256e-01	2.685732585862832256e-01	2.685732585862832256e-01	2.685732585862832256e-01	2.685732585862832256e-01	2.384238813933790002e-01	1.000000000000000000e+00	2.685732585862832256e-01	2.685732585862832256e-01	2.685732585862832256e-01	2.685732585862832256e-01	2.685732585862832256e-01	3.119460046433489842e-01	1.245919869869360069e-02	2.685732585862832256e-01	2.685732585862832256e-01	2.685732585862832256e-01	2.685732585862832256e-01	2.685732585862832256e-01	2.685732585862832256e-01	2.685732585862832256e-01	2.685732585862832256e-01	2.685732585862832256e-01	2.685732585862832256e-01	2.685732585862832256e-01	2.685732585862832256e-01	2.685732585862832256e-01	2.685732585862832256e-01	2.685732585862832256e-01	3.235731583567360015e-01	3.904300508233040090e-01	3.419884041975799760e-01	2.685732585862832256e-01	2.685732585862832256e-01	4.442148822337330105e-01	4.589971442070829855e-01	2.685732585862832256e-01	2.685732585862832256e-01	3.973450600183139891e-01	2.685732585862832256e-01	2.685732585862832256e-01	2.685732585862832256e-01	1.507588390054130090e-01	2.685732585862832256e-01	2.685732585862832256e-01	2.685732585862832256e-01	2.685732585862832256e-01	2.685732585862832256e-01	3.518005896703479962e-01	2.685732585862832256e-01	2.685732585862832256e-01	2.560822923850240018e-01	2.685732585862832256e-01	5.075425553775699816e-01	2.685732585862832256e-01	4.947701986943719987e-01	2.685732585862832256e-01	2.685732585862832256e-01	2.685732585862832256e-01	2.685732585862832256e-01	2.685732585862832256e-01	2.685732585862832256e-01	2.912979513648190077e-01	2.685732585862832256e-01	2.685732585862832256e-01	2.685732585862832256e-01	4.345061665605279844e-01	2.685732585862832256e-01	2.685732585862832256e-01	2.685732585862832256e-01	1.979428783865970140e-02	9.856644471276840291e-02	3.617921154556489882e-01	2.685732585862832256e-01	2.685732585862832256e-01	2.685732585862832256e-01	2.685732585862832256e-01	2.685732585862832256e-01	2.685732585862832256e-01	2.685732585862832256e-01	3.823284947569959846e-01	2.685732585862832256e-01	4.320487724449429967e-01	2.685732585862832256e-01	2.685732585862832256e-01	1.949084218332829965e-01	1.038773995786689969e-01	2.685732585862832256e-01	2.685732585862832256e-01	2.685732585862832256e-01	2.685732585862832256e-01	3.894481374928949746e-01	3.299013223454809740e-01	2.685732585862832256e-01	2.685732585862832256e-01	5.204118763808890380e-01	5.803624702168349581e-01	2.685732585862832256e-01	2.685732585862832256e-01	2.208471829887969917e-01	2.685732585862832256e-01	2.685732585862832256e-01	7.195467119855339377e-02	2.685732585862832256e-01	2.685732585862832256e-01	2.685732585862832256e-01	2.685732585862832256e-01	2.685732585862832256e-01	2.685732585862832256e-01	1.094333052539329942e-01	2.685732585862832256e-01	2.685732585862832256e-01	3.531028314071329999e-01	2.685732585862832256e-01	5.053257474554450068e-01	4.294233301863060182e-01	1.091401047230580040e-01	3.647672785115059768e-01	3.084565326591510170e-01	4.431707031174110245e-01
2.168528907124750091e-02	2.685732585862832256e-01	2.863901945062279908e-01	2.685732585862832256e-01	8.183810240849989648e-02	8.471681857437980689e-02	2.685732585862832256e-01	2.685732585862832256e-01	2.685732585862832256e-01	2.685732585862832256e-01	2.685732585862832256e-01	1.000000000000000000e+00	2.685732585862832256e-01	8.667908117391759371e-02	2.685732585862832256e-01	4.901627211326770039e-02	2.685732585862832256e-01	2.685732585862832256e-01	2.685732585862832256e-01	2.685732585862832256e-01	1.596579061730399873e-01	2.685732585862832256e-01	1.793033050780080129e-01	2.685732585862832256e-01	2.685732585862832256e-01	2.685732585862832256e-01	2.685732585862832256e-01	2.685732585862832256e-01	7.206897169604360373e-03	6.376408345112309639e-02	2.685732585862832256e-01	7.505487238169839675e-03	6.734934678919520142e-03	1.338151038303040108e-01	2.685732585862832256e-01	3.632928146278349788e-03	3.647539324881730188e-02	2.685732585862832256e-01	1.046120192144119922e-02	2.685732585862832256e-01	2.685732585862832256e-01	2.685732585862832256e-01	2.685732585862832256e-01	2.685732585862832256e-01	2.685732585862832256e-01	2.185978546109449971e-01	3.262493868949549736e-01	2.685732585862832256e-01	2.685732585862832256e-01	2.685732585862832256e-01	2.685732585862832256e-01	2.685732585862832256e-01	2.685732585862832256e-01	8.724483799696109571e-03	2.685732585862832256e-01	2.685732585862832256e-01	2.685732585862832256e-01	2.685732585862832256e-01	2.685732585862832256e-01	2.685732585862832256e-01	2.685732585862832256e-01	2.685732585862832256e-01	2.685732585862832256e-01	2.685732585862832256e-01	1.320009865899159918e-01	2.685732585862832256e-01	2.685732585862832256e-01	2.685732585862832256e-01	1.585475214215590137e-02	6.639878536526989602e-03	2.685732585862832256e-01	2.685732585862832256e-01	2.685732585862832256e-01	2.685732585862832256e-01	2.685732585862832256e-01	2.685732585862832256e-01	2.685732585862832256e-01	2.685732585862832256e-01	2.685732585862832256e-01	1.341349552966780018e-02	2.685732585862832256e-01	2.685732585862832256e-01	2.685732585862832256e-01	2.685732585862832256e-01	9.144296805569910799e-03	2.685732585862832256e-01	1.031840913806809923e-02	2.685732585862832256e-01	2.685732585862832256e-01	2.685732585862832256e-01	2.685732585862832256e-01	2.685732585862832256e-01	2.685732585862832256e-01	2.685732585862832256e-01	2.685732585862832256e-01	2.685732585862832256e-01	2.685732585862832256e-01	9.387642084225829298e-03	1.156108964062129915e-02	2.685732585862832256e-01	2.558139196504780055e-02	2.685732585862832256e-01	2.685732585862832256e-01	2.685732585862832256e-01	2.685732585862832256e-01	2.685732585862832256e-01	2.685732585862832256e-01	2.137167954017060029e-02	2.685732585862832256e-01	4.649209339792129830e-03	2.685732585862832256e-01	2.685732585862832256e-01	8.916813885603740164e-02	9.824454055793739593e-02	2.685732585862832256e-01	1.285715433523950020e-02	1.457300804819510083e-02	3.801075577842279868e-02	3.913632760026589802e-02	2.685732585862832256e-01	2.685732585862832256e-01	2.685732585862832256e-01	2.685732585862832256e-01	2.685732585862832256e-01
