1.000000000000000000e+00	7.861820386232369895e-01	7.129314110581740360e-01	7.861820386232369895e-01	8.983173025263599953e-01	7.861820386232369895e-01	7.861820386232369895e-01	7.861820386232369895e-01	7.861820386232369895e-01	7.861820386232369895e-01	7.861820386232369895e-01	7.861820386232369895e-01	7.861820386232369895e-01	7.861820386232369895e-01	7.861820386232369895e-01	7.861820386232369895e-01	7.861820386232369895e-01	7.861820386232369895e-01	7.861820386232369895e-01	7.861820386232369895e-01	7.861820386232369895e-01	9.561177835345620046e-01	7.861820386232369895e-01	8.002373450385610321e-01	7.861820386232369895e-01	7.861820386232369895e-01	9.428042224410649874e-01	7.861820386232369895e-01	7.861820386232369895e-01	7.861820386232369895e-01	8.234323131038420174e-01	7.861820386232369895e-01	7.861820386232369895e-01	7.861820386232369895e-01	7.861820386232369895e-01	7.861820386232369895e-01	7.861820386232369895e-01	7.861820386232369895e-01	7.861820386232369895e-01	7.861820386232369895e-01	9.459481561053070253e-01	7.861820386232369895e-01	8.909152915045830401e-01	9.396707378895160501e-01	7.861820386232369895e-01	6.307962168653169499e-01	7.861820386232369895e-01	7.861820386232369895e-01	7.861820386232369895e-01	7.861820386232369895e-01	9.343328369095059704e-01	7.861820386232369895e-01	7.861820386232369895e-01	7.861820386232369895e-01	7.861820386232369895e-01	7.861820386232369895e-01	7.861820386232369895e-01	7.861820386232369895e-01	7.861820386232369895e-01	7.861820386232369895e-01	7.861820386232369895e-01	7.861820386232369895e-01	9.287933250409600161e-01	4.586178369365039864e-01	7.861820386232369895e-01	7.861820386232369895e-01	7.861820386232369895e-01	7.674500899938979659e-01	7.861820386232369895e-01	7.861820386232369895e-01	7.861820386232369895e-01	7.861820386232369895e-01	9.249920278202260482e-01	7.861820386232369895e-01	5.429284510988340307e-01	6.669664785163730292e-01	7.861820386232369895e-01	7.861820386232369895e-01	7.861820386232369895e-01	9.424579463717099870e-01	7.861820386232369895e-01	9.523713675590970151e-01	7.861820386232369895e-01	6.549480594676829748e-01	7.861820386232369895e-01	9.453429490393150392e-01	7.861820386232369895e-01	9.009559931899829843e-01	1.000000000000000021e-03	7.861820386232369895e-01	7.861820386232369895e-01	7.861820386232369895e-01	7.861820386232369895e-01	7.861820386232369895e-01	9.380702117223029823e-01	7.861820386232369895e-01	8.481365034255820001e-01	9.529400503076049800e-01	9.564114352990460421e-01	9.096650069247079751e-01	7.861820386232369895e-01	6.097393852337430475e-01	7.861820386232369895e-01	7.861820386232369895e-01	7.861820386232369895e-01	7.861820386232369895e-01	7.861820386232369895e-01	7.861820386232369895e-01	7.861820386232369895e-01	9.023507517880530182e-01	9.285747741435289582e-01	8.285550358753609457e-01	7.861820386232369895e-01	7.861820386232369895e-01	7.861820386232369895e-01	7.861820386232369895e-01	7.861820386232369895e-01	7.861820386232369895e-01	7.861820386232369895e-01	7.861820386232369895e-01	7.861820386232369895e-01	9.195712323945519628e-01	7.861820386232369895e-01	7.861820386232369895e-01
7.861820386232369895e-01	1.000000000000000000e+00	7.861820386232369895e-01	7.861820386232369895e-01	7.861820386232369895e-01	7.624009644313169964e-01	7.861820386232369895e-01	7.861820386232369895e-01	7.861820386232369895e-01	7.861820386232369895e-01	7.861820386232369895e-01	7.861820386232369895e-01	7.861820386232369895e-01	7.861820386232369895e-01	7.861820386232369895e-01	7.106720556092429586e-01	7.861820386232369895e-01	6.974816464911329783e-01	7.861820386232369895e-01	7.861820386232369895e-01	7.861820386232369895e-01	7.861820386232369895e-01	7.861820386232369895e-01	7.861820386232369895e-01	7.032059097555449778e-01	7.861820386232369895e-01	7.861820386232369895e-01	7.861820386232369895e-01	5.944272523843140421e-01	7.861820386232369895e-01	7.861820386232369895e-01	7.861820386232369895e-01	6.176544000021509939e-01	7.655999998413729468e-01	6.608844294140370224e-01	7.861820386232369895e-01	7.430141047204049665e-01	7.861820386232369895e-01	7.861820386232369895e-01	7.473555022681429572e-01	6.501444524813400072e-01	7.861820386232369895e-01	7.861820386232369895e-01	7.861820386232369895e-01	6.054184979038680359e-01	7.861820386232369895e-01	7.861820386232369895e-01	6.276360664938730460e-01	7.374460632405579474e-01	8.144729302523869841e-01	7.861820386232369895e-01	7.861820386232369895e-01	7.661538984545329667e-01	6.175728647418879946e-01	7.861820386232369895e-01	7.831068272919150530e-01	7.861820386232369895e-01	6.127549079048949521e-01	7.861820386232369895e-01	7.861820386232369895e-01	7.861820386232369895e-01	7.761772879848890527e-01	7.861820386232369895e-01	6.896907496396560422e-01	7.600786278176180355e-01	7.861820386232369895e-01	7.861820386232369895e-01	7.861820386232369895e-01	7.861820386232369895e-01	7.861820386232369895e-01	7.861820386232369895e-01	7.861820386232369895e-01	7.861820386232369895e-01	7.058890998155770147e-01	7.861820386232369895e-01	7.736175830269480524e-01	7.861820386232369895e-01	6.256147018001629867e-01	7.508835109209279768e-01	6.296404705068829877e-01	6.375008857990259736e-01	7.861820386232369895e-01	7.861820386232369895e-01	7.861820386232369895e-01	7.861820386232369895e-01	7.861820386232369895e-01	5.988827819331680180e-01	7.861820386232369895e-01	7.861820386232369895e-01	8.298115145744220378e-01	7.861820386232369895e-01	7.861820386232369895e-01	7.861820386232369895e-01	6.381598751865720232e-01	7.861820386232369895e-01	5.734165029751600029e-01	7.861820386232369895e-01	6.016442846443950110e-01	7.861820386232369895e-01	6.534666912904559810e-01	7.861820386232369895e-01	8.013634815890170460e-01	7.861820386232369895e-01	7.861820386232369895e-01	7.861820386232369895e-01	7.096468887669740155e-01	8.294234211883749763e-01	6.171405532920739567e-01	7.861820386232369895e-01	7.861820386232369895e-01	7.861820386232369895e-01	7.861820386232369895e-01	7.861820386232369895e-01	7.861820386232369895e-01	7.861820386232369895e-01	7.861820386232369895e-01	7.861820386232369895e-01	7.861820386232369895e-01	7.019739010915839739e-01	5.989051260934660226e-01	7.861820386232369895e-01	7.861820386232369895e-01	7.861820386232369895e-01	6.085017088190209922e-01
7.129314110581740360e-01	7.861820386232369895e-01	1.000000000000000000e+00	7.861820386232369895e-01	8.190085310692459819e-01	7.861820386232369895e-01	8.049107853332609919e-01	7.861820386232369895e-01	8.109114119917889552e-01	8.512651966071239640e-01	7.861820386232369895e-01	7.861820386232369895e-01	7.861820386232369895e-01	7.861820386232369895e-01	6.527600473502109812e-01	7.861820386232369895e-01	7.861820386232369895e-01	7.861820386232369895e-01	7.861820386232369895e-01	7.861820386232369895e-01	7.763711109172199976e-01	7.861820386232369895e-01	7.861820386232369895e-01	7.861820386232369895e-01	7.861820386232369895e-01	7.861820386232369895e-01	7.861820386232369895e-01	7.861820386232369895e-01	7.861820386232369895e-01	7.564422853086669729e-01	7.861820386232369895e-01	7.861820386232369895e-01	7.861820386232369895e-01	7.861820386232369895e-01	7.861820386232369895e-01	5.805583578792780086e-01	7.861820386232369895e-01	7.861820386232369895e-01	6.348954131115269739e-01	7.861820386232369895e-01	7.861820386232369895e-01	8.257230616211540530e-01	7.861820386232369895e-01	7.861820386232369895e-01	6.326182336028699504e-01	8.662195710987149466e-01	7.861820386232369895e-01	7.861820386232369895e-01	7.861820386232369895e-01	7.861820386232369895e-01	7.861820386232369895e-01	7.861820386232369895e-01	7.808155303193190511e-01	6.418794034510669766e-01	7.861820386232369895e-01	8.719462426859490023e-01	7.861820386232369895e-01	6.590093716418680136e-01	7.861820386232369895e-01	6.731682511805030522e-01	7.861820386232369895e-01	7.861820386232369895e-01	6.106763046533799644e-01	7.861820386232369895e-01	7.861820386232369895e-01	7.861820386232369895e-01	7.861820386232369895e-01	7.861820386232369895e-01	7.861820386232369895e-01	6.074704877365669775e-01	6.334957608940949836e-01	7.861820386232369895e-01	7.861820386232369895e-01	7.861820386232369895e-01	7.599150426953900084e-01	7.861820386232369895e-01	7.861820386232369895e-01	7.861820386232369895e-01	8.490424681803200313e-01	7.861820386232369895e-01	7.861820386232369895e-01	6.331758585221339830e-01	7.861820386232369895e-01	7.861820386232369895e-01	6.291076246687199447e-01	7.861820386232369895e-01	7.861820386232369895e-01	7.861820386232369895e-01	7.861820386232369895e-01	7.861820386232369895e-01	8.185244723682170154e-01	8.549058021556700249e-01	7.861820386232369895e-01	7.861820386232369895e-01	6.485734280305059940e-01	6.073920400011170173e-01	7.641336658044739494e-01	7.861820386232369895e-01	7.861820386232369895e-01	7.086760788399749655e-01	7.861820386232369895e-01	7.861820386232369895e-01	7.861820386232369895e-01	8.328845601531339460e-01	7.861820386232369895e-01	7.861820386232369895e-01	7.861820386232369895e-01	6.633528275635629523e-01	7.861820386232369895e-01	7.861820386232369895e-01	7.861820386232369895e-01	7.212621620396869604e-01	7.861820386232369895e-01	7.861820386232369895e-01	7.861820386232369895e-01	7.861820386232369895e-01	7.861820386232369895e-01	7.861820386232369895e-01	7.483621166900119581e-01	7.861820386232369895e-01	7.861820386232369895e-01	6.204971179771230361e-01	6.044757666151610032e-01	7.861820386232369895e-01
7.861820386232369895e-01	7.861820386232369895e-01	7.861820386232369895e-01	1.000000000000000000e+00	7.861820386232369895e-01	7.861820386232369895e-01	7.913758797874550499e-01	7.861820386232369895e-01	8.551511890380929515e-01	7.861820386232369895e-01	8.454802121315190266e-01	7.011162001884809758e-01	7.861820386232369895e-01	7.861820386232369895e-01	7.861820386232369895e-01	8.305882462068280292e-01	7.861820386232369895e-01	6.285012715631459468e-01	7.861820386232369895e-01	7.861820386232369895e-01	7.196535224716680279e-01	7.861820386232369895e-01	7.861820386232369895e-01	7.861820386232369895e-01	8.530211282755749691e-01	8.180477429405440537e-01	8.462011797459899620e-01	8.032884680479199790e-01	7.861820386232369895e-01	7.861820386232369895e-01	7.861820386232369895e-01	7.995624228661529775e-01	7.861820386232369895e-01	7.861820386232369895e-01	8.246029235104700428e-01	7.861820386232369895e-01	8.270274612428749617e-01	8.097881260304370388e-01	8.115446727756130407e-01	7.861820386232369895e-01	7.861820386232369895e-01	7.861820386232369895e-01	7.861820386232369895e-01	7.861820386232369895e-01	7.861820386232369895e-01	7.861820386232369895e-01	7.861820386232369895e-01	7.861820386232369895e-01	8.597011049710769903e-01	7.861820386232369895e-01	7.861820386232369895e-01	7.861820386232369895e-01	7.861820386232369895e-01	7.973282319930730111e-01	7.861820386232369895e-01	7.909762511921519801e-01	7.861820386232369895e-01	7.861820386232369895e-01	7.861820386232369895e-01	8.157431699502549760e-01	7.927647945873239621e-01	7.861820386232369895e-01	7.941219602112810083e-01	7.861820386232369895e-01	7.861820386232369895e-01	7.055792128437140542e-01	7.851073692669080506e-01	7.861820386232369895e-01	7.861820386232369895e-01	7.861820386232369895e-01	7.861820386232369895e-01	8.112396214981569820e-01	7.886053460127470105e-01	7.927215674104439724e-01	6.099826708502019690e-01	7.143630429684769689e-01	7.861820386232369895e-01	7.861820386232369895e-01	7.496260564309510377e-01	7.861820386232369895e-01	7.861820386232369895e-01	8.141550953633499565e-01	7.876463161686909631e-01	7.861820386232369895e-01	7.970239497159119502e-01	7.861820386232369895e-01	7.861820386232369895e-01	7.861820386232369895e-01	1.000000000000000021e-03	7.630664172109300480e-01	7.861820386232369895e-01	7.861820386232369895e-01	7.861820386232369895e-01	7.861820386232369895e-01	7.861820386232369895e-01	8.020030961779579526e-01	8.148072581132990155e-01	7.861820386232369895e-01	7.861820386232369895e-01	7.861820386232369895e-01	8.560179680235889821e-01	7.861820386232369895e-01	7.861820386232369895e-01	7.861820386232369895e-01	7.861820386232369895e-01	8.196975155071339891e-01	7.861820386232369895e-01	7.473190406179109901e-01	7.861820386232369895e-01	7.861820386232369895e-01	7.861820386232369895e-01	8.258462985655780075e-01	7.861820386232369895e-01	7.861820386232369895e-01	7.861820386232369895e-01	8.231960279991860086e-01	7.861820386232369895e-01	8.200316345413229957e-01	7.861820386232369895e-01	7.861820386232369895e-01	7.655340862096819965e-01	7.861820386232369895e-01	7.775328338785589821e-01	8.079611765818890401e-01
8.983173025263599953e-01	7.861820386232369895e-01	8.190085310692459819e-01	7.861820386232369895e-01	1.000000000000000000e+00	7.861820386232369895e-01	7.861820386232369895e-01	8.748312923143829467e-01	9.203527384079039919e-01	7.861820386232369895e-01	9.246655623844359795e-01	7.861820386232369895e-01	8.874498313138540206e-01	7.861820386232369895e-01	7.861820386232369895e-01	7.861820386232369895e-01	7.861820386232369895e-01	7.861820386232369895e-01	7.861820386232369895e-01	7.861820386232369895e-01	7.861820386232369895e-01	7.861820386232369895e-01	7.861820386232369895e-01	8.525977107399760335e-01	7.861820386232369895e-01	8.918336777396409509e-01	8.984874735413379554e-01	7.861820386232369895e-01	7.861820386232369895e-01	7.861820386232369895e-01	7.861820386232369895e-01	7.861820386232369895e-01	7.861820386232369895e-01	8.519006314492999499e-01	7.861820386232369895e-01	8.229054903059529469e-01	8.935245466379140300e-01	8.909894435681039448e-01	7.861820386232369895e-01	9.061422177906820474e-01	8.530407133631620065e-01	7.861820386232369895e-01	9.008758407567980520e-01	8.410128003143010345e-01	8.379506460080949903e-01	7.861820386232369895e-01	7.861820386232369895e-01	7.861820386232369895e-01	7.861820386232369895e-01	7.861820386232369895e-01	8.649104465069179515e-01	7.861820386232369895e-01	7.861820386232369895e-01	8.497737897759259917e-01	7.861820386232369895e-01	7.861820386232369895e-01	7.861820386232369895e-01	8.654095185310870519e-01	7.861820386232369895e-01	8.688512483220639515e-01	7.861820386232369895e-01	7.861820386232369895e-01	8.355492369201039660e-01	7.861820386232369895e-01	7.861820386232369895e-01	7.454960848435719933e-01	7.861820386232369895e-01	7.861820386232369895e-01	8.738175567463299931e-01	8.184516533531069893e-01	7.861820386232369895e-01	7.861820386232369895e-01	8.497079450450489846e-01	7.861820386232369895e-01	7.861820386232369895e-01	7.861820386232369895e-01	7.861820386232369895e-01	7.861820386232369895e-01	7.861820386232369895e-01	7.861820386232369895e-01	7.861820386232369895e-01	7.861820386232369895e-01	7.861820386232369895e-01	7.861820386232369895e-01	7.861820386232369895e-01	8.640024275503439544e-01	7.861820386232369895e-01	8.071639067503370013e-01	7.861820386232369895e-01	7.861820386232369895e-01	7.861820386232369895e-01	7.813109225686269976e-01	7.861820386232369895e-01	7.861820386232369895e-01	7.861820386232369895e-01	8.446944025586580196e-01	7.861820386232369895e-01	7.861820386232369895e-01	7.861820386232369895e-01	7.861820386232369895e-01	9.141953231074350095e-01	7.861820386232369895e-01	7.861820386232369895e-01	7.861820386232369895e-01	7.861820386232369895e-01	7.861820386232369895e-01	7.861820386232369895e-01	7.861820386232369895e-01	7.861820386232369895e-01	7.861820386232369895e-01	7.861820386232369895e-01	7.861820386232369895e-01	7.861820386232369895e-01	7.861820386232369895e-01	7.861820386232369895e-01	7.861820386232369895e-01	7.861820386232369895e-01	9.187692953431400023e-01	8.935142892980939555e-01	8.559491829478249603e-01	7.999732770563430240e-01	7.861820386232369895e-01	7.861820386232369895e-01	7.861820386232369895e-01
7.861820386232369895e-01	7.624009644313169964e-01	7.861820386232369895e-01	7.861820386232369895e-01	7.861820386232369895e-01	1.000000000000000000e+00	7.861820386232369895e-01	7.861820386232369895e-01	7.861820386232369895e-01	7.861820386232369895e-01	7.861820386232369895e-01	7.400602266012960007e-01	7.861820386232369895e-01	7.861820386232369895e-01	7.861820386232369895e-01	8.300830497589509749e-01	7.861820386232369895e-01	7.861820386232369895e-01	7.861820386232369895e-01	7.861820386232369895e-01	7.861820386232369895e-01	7.861820386232369895e-01	7.867607035411749994e-01	8.273004597031899943e-01	7.861820386232369895e-01	7.861820386232369895e-01	7.861820386232369895e-01	7.861820386232369895e-01	7.861820386232369895e-01	7.861820386232369895e-01	7.861820386232369895e-01	7.861820386232369895e-01	7.861820386232369895e-01	7.861820386232369895e-01	7.861820386232369895e-01	7.861820386232369895e-01	7.861820386232369895e-01	7.861820386232369895e-01	7.861820386232369895e-01	7.861820386232369895e-01	7.604670108196960321e-01	7.861820386232369895e-01	7.989132905723570488e-01	7.861820386232369895e-01	7.861820386232369895e-01	7.861820386232369895e-01	7.861820386232369895e-01	7.861820386232369895e-01	8.666074718044769476e-01	7.861820386232369895e-01	7.861820386232369895e-01	7.918597912591780474e-01	7.861820386232369895e-01	7.861820386232369895e-01	7.861820386232369895e-01	8.028874322821949461e-01	7.861820386232369895e-01	7.861820386232369895e-01	7.861820386232369895e-01	7.684683315629480260e-01	7.861820386232369895e-01	7.861820386232369895e-01	7.861820386232369895e-01	5.780512181500040425e-01	7.861820386232369895e-01	7.861820386232369895e-01	7.671153791643450237e-01	7.861820386232369895e-01	7.861820386232369895e-01	7.384075423082480105e-01	7.671880342388429641e-01	7.663078302863429725e-01	7.539260257092650352e-01	7.649191658986700393e-01	7.861820386232369895e-01	7.861820386232369895e-01	7.526634761228759851e-01	7.770554476230699947e-01	7.861820386232369895e-01	7.805175497410899998e-01	7.568201220998760359e-01	7.861820386232369895e-01	7.861820386232369895e-01	7.861820386232369895e-01	7.861820386232369895e-01	7.861820386232369895e-01	7.861820386232369895e-01	7.487681504507669450e-01	1.000000000000000021e-03	7.861820386232369895e-01	7.861820386232369895e-01	7.861820386232369895e-01	8.179280171257019560e-01	7.861820386232369895e-01	7.683470415209470161e-01	7.861820386232369895e-01	7.861820386232369895e-01	7.861820386232369895e-01	7.768101762275489985e-01	7.916393817466790273e-01	7.861820386232369895e-01	7.410931711301049774e-01	7.861820386232369895e-01	7.954928641690269808e-01	7.932745979957529503e-01	7.939692770960350421e-01	7.861820386232369895e-01	7.861820386232369895e-01	7.861820386232369895e-01	7.861820386232369895e-01	7.861820386232369895e-01	7.861820386232369895e-01	7.861820386232369895e-01	7.585357860498630478e-01	7.687286184436940006e-01	7.810060286167790355e-01	7.861820386232369895e-01	7.861820386232369895e-01	7.861820386232369895e-01	7.701573523715860015e-01	7.861820386232369895e-01	7.861820386232369895e-01	7.247106688703569555e-01	7.773811092681770507e-01
7.861820386232369895e-01	7.861820386232369895e-01	8.049107853332609919e-01	7.913758797874550499e-01	7.861820386232369895e-01	7.861820386232369895e-01	1.000000000000000000e+00	7.861820386232369895e-01	7.861820386232369895e-01	8.480367116342300005e-01	7.861820386232369895e-01	7.861820386232369895e-01	7.861820386232369895e-01	5.546171960732000361e-01	7.861820386232369895e-01	8.457544472512259492e-01	7.861820386232369895e-01	7.861820386232369895e-01	7.861820386232369895e-01	7.810194773114289557e-01	7.343393777300869507e-01	7.956915104860069476e-01	7.861820386232369895e-01	8.177191258100019455e-01	7.861820386232369895e-01	8.117123833923129972e-01	7.861820386232369895e-01	7.861820386232369895e-01	7.710065734729639741e-01	7.861820386232369895e-01	7.841593447526240546e-01	7.861820386232369895e-01	7.861820386232369895e-01	7.861820386232369895e-01	7.861820386232369895e-01	7.861820386232369895e-01	8.455141833375640070e-01	8.261615844392350416e-01	7.861820386232369895e-01	7.861820386232369895e-01	8.167926675254499891e-01	7.861820386232369895e-01	8.219165418722950145e-01	8.038627125182999933e-01	7.861820386232369895e-01	7.861820386232369895e-01	7.861820386232369895e-01	7.861820386232369895e-01	7.861820386232369895e-01	7.861820386232369895e-01	7.861820386232369895e-01	7.861820386232369895e-01	7.861820386232369895e-01	7.861820386232369895e-01	7.861820386232369895e-01	7.907560876078310041e-01	8.072936412309470455e-01	7.915144345368609891e-01	7.861820386232369895e-01	7.861820386232369895e-01	7.742217201370720225e-01	7.861820386232369895e-01	7.861820386232369895e-01	7.861820386232369895e-01	8.243946934335729670e-01	7.861820386232369895e-01	7.960044219176859448e-01	7.861820386232369895e-01	7.861820386232369895e-01	8.023576347562659805e-01	7.755716249151110020e-01	7.861820386232369895e-01	7.861820386232369895e-01	7.861820386232369895e-01	7.861820386232369895e-01	7.861820386232369895e-01	7.861820386232369895e-01	7.861820386232369895e-01	7.861820386232369895e-01	7.861820386232369895e-01	7.861820386232369895e-01	7.861820386232369895e-01	8.141200476398700037e-01	7.694172594065979975e-01	7.861820386232369895e-01	7.861820386232369895e-01	7.861820386232369895e-01	7.744061647294570028e-01	7.861820386232369895e-01	7.861820386232369895e-01	7.976990184607010148e-01	7.861820386232369895e-01	7.861820386232369895e-01	8.080052347759989484e-01	7.861820386232369895e-01	7.493206239044150063e-01	8.057497648716109850e-01	7.861820386232369895e-01	7.861820386232369895e-01	8.066451772815470544e-01	8.513800285687429525e-01	7.531885607677929473e-01	8.290331300417109750e-01	8.340039802779040112e-01	7.861820386232369895e-01	8.423751983143870081e-01	7.861820386232369895e-01	7.861820386232369895e-01	7.861820386232369895e-01	7.861820386232369895e-01	7.861820386232369895e-01	7.861820386232369895e-01	7.861820386232369895e-01	7.861820386232369895e-01	7.861820386232369895e-01	8.324209676502879462e-01	7.861820386232369895e-01	7.861820386232369895e-01	7.861820386232369895e-01	7.710884489080109816e-01	7.861820386232369895e-01	7.861820386232369895e-01	7.861820386232369895e-01	7.861820386232369895e-01
7.861820386232369895e-01	7.861820386232369895e-01	7.861820386232369895e-01	7.861820386232369895e-01	8.748312923143829467e-01	7.861820386232369895e-01	7.861820386232369895e-01	1.000000000000000000e+00	7.861820386232369895e-01	8.684573584516029898e-01	7.861820386232369895e-01	7.191311779132619764e-01	8.541578069742450374e-01	5.309600733973000031e-01	8.211337799748820165e-01	8.509769633380660503e-01	8.347702617009830073e-01	6.387938791809689709e-01	7.861820386232369895e-01	7.861820386232369895e-01	7.861820386232369895e-01	7.861820386232369895e-01	7.887004077920960476e-01	7.861820386232369895e-01	8.862154364903970238e-01	7.861820386232369895e-01	7.861820386232369895e-01	7.861820386232369895e-01	7.861820386232369895e-01	7.861820386232369895e-01	7.861820386232369895e-01	7.861820386232369895e-01	7.861820386232369895e-01	7.861820386232369895e-01	7.861820386232369895e-01	7.731869791609150555e-01	7.861820386232369895e-01	7.861820386232369895e-01	7.861820386232369895e-01	7.861820386232369895e-01	7.861820386232369895e-01	7.861820386232369895e-01	7.861820386232369895e-01	7.861820386232369895e-01	7.861820386232369895e-01	7.861820386232369895e-01	7.861820386232369895e-01	8.371550164126170257e-01	8.449659578040950025e-01	7.861820386232369895e-01	8.014853831324360023e-01	8.097160842335500153e-01	8.397080316364280428e-01	7.861820386232369895e-01	8.299020164318220427e-01	7.861820386232369895e-01	7.861820386232369895e-01	7.861820386232369895e-01	8.156237814224259752e-01	7.861820386232369895e-01	7.861820386232369895e-01	7.470059726191059513e-01	7.861820386232369895e-01	7.861820386232369895e-01	8.473287706390210117e-01	7.919097895823810074e-01	7.861820386232369895e-01	7.861820386232369895e-01	7.861820386232369895e-01	7.861820386232369895e-01	7.861820386232369895e-01	8.481267671241430328e-01	7.861820386232369895e-01	7.861820386232369895e-01	6.097446349777959629e-01	7.861820386232369895e-01	7.861820386232369895e-01	8.127566951432489972e-01	8.176839246622490398e-01	7.861820386232369895e-01	7.861820386232369895e-01	7.861820386232369895e-01	8.420682247999550230e-01	7.861820386232369895e-01	7.861820386232369895e-01	7.861820386232369895e-01	8.118148902749530160e-01	7.861820386232369895e-01	7.861820386232369895e-01	7.861820386232369895e-01	7.861820386232369895e-01	7.861820386232369895e-01	7.861820386232369895e-01	7.861820386232369895e-01	8.191660293220679456e-01	7.861820386232369895e-01	7.861820386232369895e-01	7.861820386232369895e-01	7.861820386232369895e-01	7.861820386232369895e-01	8.612222930035530188e-01	7.861820386232369895e-01	8.451454261279499613e-01	7.861820386232369895e-01	7.861820386232369895e-01	7.861820386232369895e-01	7.859166850434510243e-01	7.861820386232369895e-01	8.638189549044710258e-01	7.861820386232369895e-01	7.861820386232369895e-01	7.861820386232369895e-01	7.861820386232369895e-01	7.965163086338830079e-01	7.574893994117729568e-01	7.861820386232369895e-01	7.861820386232369895e-01	7.861820386232369895e-01	7.861820386232369895e-01	7.861820386232369895e-01	7.897332449976369739e-01	7.861820386232369895e-01	7.861820386232369895e-01	7.861820386232369895e-01
7.861820386232369895e-01	7.861820386232369895e-01	8.109114119917889552e-01	8.551511890380929515e-01	9.203527384079039919e-01	7.861820386232369895e-01	7.861820386232369895e-01	7.861820386232369895e-01	1.000000000000000000e+00	7.861820386232369895e-01	9.180497307990640454e-01	7.861820386232369895e-01	7.861820386232369895e-01	7.861820386232369895e-01	8.694174661210399835e-01	8.765603613541379513e-01	8.821984087029800525e-01	7.861820386232369895e-01	8.887905206508760481e-01	7.861820386232369895e-01	7.643837095461010200e-01	7.861820386232369895e-01	7.861820386232369895e-01	8.759165879636660046e-01	9.053909671184130481e-01	8.792537353184629589e-01	7.861820386232369895e-01	7.861820386232369895e-01	7.861820386232369895e-01	8.846094815884339990e-01	7.861820386232369895e-01	7.861820386232369895e-01	7.861820386232369895e-01	7.861820386232369895e-01	7.861820386232369895e-01	7.861820386232369895e-01	7.861820386232369895e-01	7.861820386232369895e-01	8.709333507327750024e-01	7.861820386232369895e-01	7.861820386232369895e-01	8.232621809931750523e-01	8.913449477741399729e-01	7.861820386232369895e-01	7.861820386232369895e-01	7.861820386232369895e-01	7.861820386232369895e-01	7.861820386232369895e-01	7.861820386232369895e-01	8.205942973597980528e-01	8.745300600190419882e-01	7.861820386232369895e-01	7.861820386232369895e-01	7.861820386232369895e-01	7.861820386232369895e-01	7.861820386232369895e-01	8.522723361169339817e-01	8.804102094230059627e-01	7.861820386232369895e-01	8.852418597731760430e-01	8.466189908952439502e-01	7.680780664791979628e-01	7.861820386232369895e-01	7.861820386232369895e-01	7.861820386232369895e-01	7.861820386232369895e-01	7.861820386232369895e-01	8.431927282922270228e-01	7.861820386232369895e-01	7.861820386232369895e-01	7.861820386232369895e-01	8.612371229987380028e-01	7.861820386232369895e-01	7.861820386232369895e-01	7.861820386232369895e-01	7.877525662208579860e-01	7.861820386232369895e-01	7.861820386232369895e-01	8.458709634207109973e-01	7.861820386232369895e-01	7.861820386232369895e-01	8.673240526039209808e-01	8.356427627813479697e-01	7.794274181391519507e-01	7.861820386232369895e-01	7.861820386232369895e-01	7.861820386232369895e-01	7.861820386232369895e-01	7.861820386232369895e-01	8.339967997187269777e-01	7.999365440690510143e-01	7.976326304370110476e-01	9.021021767300979599e-01	7.861820386232369895e-01	7.861820386232369895e-01	7.861820386232369895e-01	7.861820386232369895e-01	7.861820386232369895e-01	7.861820386232369895e-01	7.861820386232369895e-01	7.861820386232369895e-01	7.861820386232369895e-01	7.861820386232369895e-01	7.861820386232369895e-01	7.861820386232369895e-01	7.861820386232369895e-01	7.502200702204679938e-01	7.861820386232369895e-01	7.861820386232369895e-01	7.861820386232369895e-01	7.861820386232369895e-01	8.597455171381519490e-01	7.861820386232369895e-01	7.861219644439479959e-01	7.896879167729670135e-01	7.861820386232369895e-01	8.612049916652549930e-01	7.861820386232369895e-01	7.861820386232369895e-01	7.861820386232369895e-01	7.861820386232369895e-01	7.861820386232369895e-01	8.361777399609999772e-01	7.861820386232369895e-01
7.861820386232369895e-01	7.861820386232369895e-01	8.512651966071239640e-01	7.861820386232369895e-01	7.861820386232369895e-01	7.861820386232369895e-01	8.480367116342300005e-01	8.684573584516029898e-01	7.861820386232369895e-01	1.000000000000000000e+00	8.395923643921759938e-01	7.861820386232369895e-01	7.861820386232369895e-01	7.861820386232369895e-01	7.511895804999020321e-01	7.861820386232369895e-01	8.493787979124509668e-01	7.861820386232369895e-01	7.861820386232369895e-01	7.861820386232369895e-01	7.861820386232369895e-01	7.861820386232369895e-01	7.861820386232369895e-01	7.861820386232369895e-01	8.552837272399089752e-01	7.752511711166809594e-01	7.778363719432179746e-01	7.861820386232369895e-01	7.861820386232369895e-01	8.228771506557860382e-01	7.861820386232369895e-01	7.861820386232369895e-01	7.861820386232369895e-01	7.861820386232369895e-01	7.861820386232369895e-01	6.877852820363159481e-01	8.037658232317600460e-01	7.861820386232369895e-01	7.348242627348039457e-01	7.861820386232369895e-01	7.861820386232369895e-01	8.408945400332139553e-01	7.840603299022109729e-01	7.861820386232369895e-01	7.342635116508400284e-01	7.861820386232369895e-01	7.861820386232369895e-01	7.464166458650010050e-01	7.861820386232369895e-01	7.861820386232369895e-01	7.861820386232369895e-01	7.861820386232369895e-01	8.580249913702520104e-01	7.371857900239610073e-01	7.306101740146410117e-01	7.861820386232369895e-01	7.861820386232369895e-01	7.861820386232369895e-01	7.861820386232369895e-01	7.861820386232369895e-01	7.861820386232369895e-01	7.861820386232369895e-01	7.274007566378759559e-01	7.861820386232369895e-01	7.861820386232369895e-01	7.861820386232369895e-01	7.861820386232369895e-01	8.560032278991740462e-01	7.861820386232369895e-01	7.861820386232369895e-01	7.280293916955280498e-01	7.861820386232369895e-01	7.179578035611470233e-01	7.861820386232369895e-01	7.861820386232369895e-01	7.861820386232369895e-01	7.861820386232369895e-01	7.861820386232369895e-01	8.419184043528219474e-01	7.861820386232369895e-01	7.861820386232369895e-01	7.861820386232369895e-01	7.313171365638290178e-01	7.861820386232369895e-01	7.521603436786109542e-01	7.861820386232369895e-01	7.861820386232369895e-01	7.861820386232369895e-01	7.861820386232369895e-01	7.861820386232369895e-01	7.861820386232369895e-01	7.861820386232369895e-01	7.861820386232369895e-01	7.861820386232369895e-01	7.314346802846030116e-01	7.861820386232369895e-01	8.229598106968849525e-01	7.316404272582479607e-01	7.478103499429109569e-01	7.795347967021000191e-01	8.023760566265240035e-01	7.861820386232369895e-01	7.861820386232369895e-01	7.861820386232369895e-01	7.861820386232369895e-01	7.789622819259489628e-01	7.861820386232369895e-01	7.195936297377010238e-01	8.299496529528519462e-01	7.861820386232369895e-01	7.861820386232369895e-01	8.300735207046560094e-01	8.345858109336159458e-01	8.351153180016299693e-01	7.861820386232369895e-01	7.726656923844239522e-01	7.861820386232369895e-01	7.861820386232369895e-01	7.861820386232369895e-01	7.861820386232369895e-01	7.861820386232369895e-01	7.861820386232369895e-01	7.861820386232369895e-01	7.861820386232369895e-01
7.861820386232369895e-01	7.861820386232369895e-01	7.861820386232369895e-01	8.454802121315190266e-01	9.246655623844359795e-01	7.861820386232369895e-01	7.861820386232369895e-01	7.861820386232369895e-01	9.180497307990640454e-01	8.395923643921759938e-01	1.000000000000000000e+00	7.861820386232369895e-01	9.126984324974619645e-01	7.861820386232369895e-01	7.861820386232369895e-01	8.786382428336559913e-01	7.861820386232369895e-01	5.857969313835620362e-01	9.066052359863979726e-01	7.861820386232369895e-01	7.861820386232369895e-01	7.861820386232369895e-01	7.861820386232369895e-01	8.590006832487719901e-01	7.861820386232369895e-01	7.861820386232369895e-01	7.861820386232369895e-01	7.861820386232369895e-01	7.861820386232369895e-01	7.861820386232369895e-01	7.861820386232369895e-01	7.861820386232369895e-01	7.861820386232369895e-01	7.861820386232369895e-01	8.916391771797590460e-01	7.861820386232369895e-01	7.861820386232369895e-01	8.919079062416680470e-01	7.861820386232369895e-01	9.094065871488540287e-01	7.861820386232369895e-01	7.813804371106819469e-01	7.861820386232369895e-01	7.861820386232369895e-01	7.861820386232369895e-01	7.861820386232369895e-01	7.939487696604740075e-01	7.861820386232369895e-01	7.861820386232369895e-01	8.186818775348290167e-01	8.992304152918170201e-01	8.942839166374040305e-01	8.803824160243119978e-01	9.012456356039939553e-01	7.861820386232369895e-01	7.861820386232369895e-01	7.861820386232369895e-01	9.206248371171900091e-01	7.861820386232369895e-01	7.861820386232369895e-01	7.861820386232369895e-01	7.446343571575310127e-01	7.861820386232369895e-01	7.861820386232369895e-01	7.861820386232369895e-01	7.861820386232369895e-01	7.861820386232369895e-01	7.861820386232369895e-01	7.861820386232369895e-01	7.861820386232369895e-01	7.861820386232369895e-01	7.861820386232369895e-01	8.966508165749129677e-01	7.861820386232369895e-01	7.861820386232369895e-01	7.861820386232369895e-01	7.861820386232369895e-01	7.861820386232369895e-01	8.320244902748270555e-01	9.133771034224860141e-01	7.861820386232369895e-01	7.861820386232369895e-01	7.861820386232369895e-01	7.468066209739450123e-01	7.861820386232369895e-01	9.138674227664950189e-01	7.861820386232369895e-01	8.558091732646130323e-01	7.861820386232369895e-01	7.861820386232369895e-01	7.586925420594019531e-01	7.722045913429870234e-01	9.306584275481299962e-01	8.748036750348040513e-01	9.150405363813109982e-01	7.861820386232369895e-01	7.861820386232369895e-01	7.861820386232369895e-01	7.861820386232369895e-01	9.234403552100900470e-01	9.358007509654400202e-01	7.065255033449110433e-01	7.861820386232369895e-01	7.861820386232369895e-01	9.218859940231469707e-01	7.861820386232369895e-01	7.254702178125309597e-01	7.861820386232369895e-01	7.861820386232369895e-01	7.861820386232369895e-01	7.861820386232369895e-01	7.861820386232369895e-01	7.861820386232369895e-01	7.861820386232369895e-01	7.861820386232369895e-01	7.861820386232369895e-01	7.861820386232369895e-01	7.861820386232369895e-01	9.201335329141759889e-01	7.861820386232369895e-01	7.632788713925939827e-01	7.861820386232369895e-01	7.861820386232369895e-01	7.861820386232369895e-01
7.861820386232369895e-01	7.861820386232369895e-01	7.861820386232369895e-01	7.011162001884809758e-01	7.861820386232369895e-01	7.400602266012960007e-01	7.861820386232369895e-01	7.191311779132619764e-01	7.861820386232369895e-01	7.861820386232369895e-01	7.861820386232369895e-01	1.000000000000000000e+00	7.257034444593020162e-01	7.861820386232369895e-01	7.861820386232369895e-01	6.922905806343310209e-01	7.861820386232369895e-01	7.861820386232369895e-01	7.861820386232369895e-01	7.861820386232369895e-01	7.995211195976820173e-01	7.861820386232369895e-01	7.861820386232369895e-01	7.861820386232369895e-01	7.861820386232369895e-01	7.861820386232369895e-01	7.861820386232369895e-01	7.861820386232369895e-01	7.861820386232369895e-01	7.861820386232369895e-01	7.861820386232369895e-01	7.861820386232369895e-01	7.861820386232369895e-01	7.861820386232369895e-01	7.861820386232369895e-01	7.861820386232369895e-01	7.861820386232369895e-01	7.861820386232369895e-01	7.861820386232369895e-01	7.269562365668189585e-01	7.861820386232369895e-01	7.861820386232369895e-01	7.861820386232369895e-01	5.529865030761369482e-01	5.679332080833080498e-01	8.307503554689920078e-01	7.861820386232369895e-01	7.861820386232369895e-01	7.861820386232369895e-01	8.710858344705819656e-01	7.861820386232369895e-01	7.861820386232369895e-01	7.861820386232369895e-01	7.861820386232369895e-01	5.439874764376280147e-01	8.357482917055909510e-01	5.576273011451340356e-01	5.872883647012590025e-01	7.861820386232369895e-01	7.861820386232369895e-01	7.861820386232369895e-01	8.595456804524740368e-01	7.861820386232369895e-01	7.861820386232369895e-01	7.861820386232369895e-01	8.602021085118589649e-01	7.861820386232369895e-01	7.861820386232369895e-01	7.861820386232369895e-01	7.861820386232369895e-01	7.861820386232369895e-01	5.675340164494819817e-01	5.467154724456310122e-01	7.861820386232369895e-01	7.980974626557699736e-01	8.392960397981430454e-01	5.644801543590850512e-01	7.861820386232369895e-01	7.861820386232369895e-01	5.910929525720439726e-01	7.861820386232369895e-01	7.861820386232369895e-01	7.861820386232369895e-01	9.355483311638049804e-01	5.641109114183729956e-01	7.861820386232369895e-01	7.861820386232369895e-01	5.548146033020380230e-01	7.861820386232369895e-01	7.861820386232369895e-01	7.861820386232369895e-01	7.861820386232369895e-01	7.861820386232369895e-01	7.861820386232369895e-01	7.861820386232369895e-01	7.861820386232369895e-01	6.800538995830029965e-01	5.659205636601859490e-01	5.804767217917360389e-01	7.861820386232369895e-01	6.395110984575409496e-01	7.861820386232369895e-01	7.861820386232369895e-01	7.861820386232369895e-01	7.861820386232369895e-01	7.861820386232369895e-01	7.861820386232369895e-01	7.861820386232369895e-01	7.736508871265179721e-01	7.861820386232369895e-01	7.861820386232369895e-01	7.861820386232369895e-01	7.861820386232369895e-01	7.861820386232369895e-01	9.216928748729129595e-01	7.861820386232369895e-01	5.970996610280689953e-01	6.711523947652060507e-01	7.861820386232369895e-01	7.861820386232369895e-01	7.861820386232369895e-01	7.861820386232369895e-01	7.861820386232369895e-01	7.861820386232369895e-01
