9.999999999999990008e-01	8.076220981493940076e-01	6.658701418905305092e-01	6.658701418905305092e-01	7.038295853361680177e-01	6.809980607195279534e-01	6.871563603598780379e-01	7.306343756215379903e-01	6.658701418905305092e-01	6.658701418905305092e-01	6.658701418905305092e-01	6.981417201675880202e-01	6.905599616143059949e-01	6.658701418905305092e-01	6.658701418905305092e-01	6.658701418905305092e-01	6.385702233984570375e-01	6.658701418905305092e-01	6.658701418905305092e-01	6.886639373898399974e-01	6.658701418905305092e-01	6.658701418905305092e-01	6.658701418905305092e-01	6.658701418905305092e-01	6.658701418905305092e-01	6.658701418905305092e-01	6.658701418905305092e-01	7.189394870151889494e-01	6.658701418905305092e-01	6.658701418905305092e-01	6.658701418905305092e-01	6.658701418905305092e-01	6.658701418905305092e-01	6.658701418905305092e-01	6.797190896140470340e-01	6.658701418905305092e-01	6.658701418905305092e-01	7.050207680689180023e-01	6.658701418905305092e-01	6.658701418905305092e-01	6.658701418905305092e-01	6.658701418905305092e-01	6.658701418905305092e-01	6.658701418905305092e-01	6.658701418905305092e-01	6.684145251726969494e-01	6.658701418905305092e-01	6.797796522430370469e-01	6.658701418905305092e-01	6.658701418905305092e-01	7.334082658689999867e-01	6.571006687993260487e-01	6.390149994844630532e-01	6.443184014326389653e-01	6.658701418905305092e-01	6.507410308480440220e-01	6.658701418905305092e-01	6.611020135843580503e-01	6.601910401475570289e-01	6.658701418905305092e-01	6.658701418905305092e-01	6.658701418905305092e-01	6.658701418905305092e-01	6.658701418905305092e-01	6.658701418905305092e-01	6.966879258539100395e-01	6.658701418905305092e-01	6.871338608853360119e-01	6.658701418905305092e-01	6.670517123503379997e-01	6.723993477248290107e-01	6.658701418905305092e-01	6.658701418905305092e-01	6.658701418905305092e-01	6.336728190860849708e-01	6.658701418905305092e-01	7.578932242642140160e-01	6.658701418905305092e-01	6.658701418905305092e-01	6.658701418905305092e-01	6.658701418905305092e-01	6.658701418905305092e-01	6.658701418905305092e-01	6.658701418905305092e-01	6.658701418905305092e-01	6.658701418905305092e-01	6.658701418905305092e-01	6.658701418905305092e-01	8.287794425176689961e-01	6.658701418905305092e-01	6.658701418905305092e-01	6.658701418905305092e-01	6.139504167381379940e-01	6.658701418905305092e-01	6.658701418905305092e-01	6.658701418905305092e-01	6.658701418905305092e-01	6.505890677863840343e-01	6.658701418905305092e-01	6.658701418905305092e-01	6.658701418905305092e-01	6.441592089626430040e-01	6.438597048132640444e-01	6.295389098902830494e-01	6.658701418905305092e-01	6.658701418905305092e-01	6.658701418905305092e-01	6.595172321297529949e-01	6.786993422202159953e-01	6.545963596858059841e-01	7.109968958296779551e-01	6.658701418905305092e-01	6.768305696404259830e-01	6.658701418905305092e-01	6.658701418905305092e-01	6.658701418905305092e-01	6.658701418905305092e-01	6.658701418905305092e-01	6.658701418905305092e-01	7.272201993424100008e-01	6.658701418905305092e-01	6.658701418905305092e-01	6.658701418905305092e-01	7.405853334919330067e-01
8.076220981493940076e-01	1.000000000000000000e+00	6.658701418905305092e-01	6.476418413257709616e-01	6.984522902778089737e-01	6.899367991274679701e-01	6.658701418905305092e-01	6.658701418905305092e-01	6.658701418905305092e-01	7.144139589593729855e-01	6.658701418905305092e-01	6.658701418905305092e-01	6.768075255667740375e-01	6.658701418905305092e-01	6.658701418905305092e-01	6.799911082654159777e-01	6.658701418905305092e-01	6.135467990362040158e-01	6.609154913896559957e-01	6.658701418905305092e-01	6.471863671776130200e-01	6.905722930842169704e-01	6.658701418905305092e-01	6.658701418905305092e-01	6.658701418905305092e-01	7.016140441816369755e-01	6.594150236917259988e-01	6.994690666177759697e-01	6.658701418905305092e-01	6.658701418905305092e-01	6.658701418905305092e-01	6.658701418905305092e-01	6.658701418905305092e-01	7.160809504814860116e-01	6.658701418905305092e-01	6.568614968116039954e-01	6.883582521038169588e-01	6.738329143567169943e-01	6.658701418905305092e-01	6.658701418905305092e-01	6.658701418905305092e-01	6.658701418905305092e-01	6.757346626593619954e-01	6.761186301245279973e-01	6.658701418905305092e-01	6.658701418905305092e-01	6.658701418905305092e-01	6.658701418905305092e-01	6.884885645890790329e-01	6.658701418905305092e-01	6.658701418905305092e-01	6.576677174908710510e-01	6.658701418905305092e-01	6.658701418905305092e-01	6.658701418905305092e-01	6.658701418905305092e-01	6.658701418905305092e-01	6.658701418905305092e-01	6.658701418905305092e-01	6.658701418905305092e-01	6.783030988835999642e-01	6.658701418905305092e-01	6.658701418905305092e-01	6.693423088324299552e-01	6.658701418905305092e-01	6.819626278699090216e-01	6.658701418905305092e-01	6.658701418905305092e-01	6.658701418905305092e-01	6.658701418905305092e-01	6.591669656578950098e-01	6.922222608069410477e-01	6.661791457422230334e-01	6.658701418905305092e-01	6.310682688007079877e-01	6.658701418905305092e-01	6.658701418905305092e-01	6.658701418905305092e-01	6.658701418905305092e-01	6.658701418905305092e-01	6.658701418905305092e-01	6.658701418905305092e-01	6.658701418905305092e-01	7.180125370226210224e-01	6.660361737851290265e-01	6.664598639740939579e-01	6.670445382932570499e-01	6.592156849254580120e-01	6.658701418905305092e-01	6.658701418905305092e-01	6.658701418905305092e-01	6.347978677780869994e-01	6.658701418905305092e-01	6.260587268911610437e-01	6.090028101556069773e-01	6.658701418905305092e-01	6.715868291685109792e-01	6.658701418905305092e-01	6.405191224369399805e-01	6.658701418905305092e-01	6.658701418905305092e-01	6.658701418905305092e-01	6.658701418905305092e-01	6.192136552457230270e-01	6.658701418905305092e-01	6.658701418905305092e-01	6.496124115728979520e-01	6.658701418905305092e-01	6.432327367637159510e-01	6.658701418905305092e-01	6.899452777116450441e-01	6.658701418905305092e-01	6.658701418905305092e-01	6.658701418905305092e-01	6.798193194322279531e-01	6.658701418905305092e-01	7.538004352034439748e-01	8.022500284254060476e-01	6.658701418905305092e-01	6.658701418905305092e-01	6.381643123998840261e-01	7.156130769185079510e-01	7.134401588683080275e-01	6.658701418905305092e-01
6.658701418905305092e-01	6.658701418905305092e-01	1.000000000000000000e+00	6.658701418905305092e-01	6.658701418905305092e-01	6.658701418905305092e-01	6.794559110714190053e-01	6.658701418905305092e-01	6.658701418905305092e-01	6.658701418905305092e-01	6.855994375795949614e-01	6.658701418905305092e-01	6.877195834211069503e-01	6.658701418905305092e-01	6.689479038981770431e-01	6.658701418905305092e-01	6.658701418905305092e-01	6.658701418905305092e-01	6.658701418905305092e-01	6.658701418905305092e-01	6.658701418905305092e-01	6.658701418905305092e-01	6.658701418905305092e-01	6.658701418905305092e-01	6.658701418905305092e-01	6.857817747895129656e-01	6.658701418905305092e-01	6.658701418905305092e-01	6.495865164475900233e-01	6.658701418905305092e-01	6.729775509310900183e-01	6.562745140819089551e-01	6.658701418905305092e-01	6.658701418905305092e-01	6.658701418905305092e-01	6.662832189387980497e-01	6.658701418905305092e-01	6.658701418905305092e-01	6.658701418905305092e-01	6.658701418905305092e-01	6.658701418905305092e-01	6.658701418905305092e-01	6.658701418905305092e-01	6.658701418905305092e-01	6.357697172156570042e-01	6.658701418905305092e-01	6.597417452549190209e-01	6.658701418905305092e-01	6.658701418905305092e-01	6.658701418905305092e-01	7.122542394204139926e-01	6.658701418905305092e-01	6.658701418905305092e-01	6.323385960905260061e-01	6.658701418905305092e-01	6.595788773509639880e-01	6.642226707535170416e-01	6.431487293420850015e-01	6.658701418905305092e-01	6.658701418905305092e-01	6.658701418905305092e-01	6.595741353969399867e-01	6.658701418905305092e-01	6.658701418905305092e-01	6.354338830659399528e-01	6.890352222782819558e-01	6.680009025704359837e-01	6.658701418905305092e-01	6.491637258387019660e-01	6.658701418905305092e-01	6.658701418905305092e-01	6.773799602594600122e-01	6.648457585255389546e-01	6.658701418905305092e-01	6.351830736769720209e-01	6.658701418905305092e-01	6.658701418905305092e-01	6.658701418905305092e-01	6.658701418905305092e-01	6.658701418905305092e-01	6.658701418905305092e-01	6.658701418905305092e-01	6.658701418905305092e-01	6.898997249390550479e-01	6.658701418905305092e-01	6.658701418905305092e-01	6.885136538802549833e-01	6.658701418905305092e-01	6.658701418905305092e-01	6.658701418905305092e-01	6.658701418905305092e-01	6.658701418905305092e-01	6.658701418905305092e-01	6.658701418905305092e-01	6.658701418905305092e-01	6.277267035789360072e-01	6.625181202965469973e-01	6.658701418905305092e-01	6.658701418905305092e-01	6.658701418905305092e-01	6.658701418905305092e-01	6.658701418905305092e-01	6.658701418905305092e-01	6.658701418905305092e-01	6.658701418905305092e-01	6.446689591492229532e-01	6.658701418905305092e-01	6.658701418905305092e-01	6.610933480057770151e-01	6.315178614638989885e-01	6.658701418905305092e-01	6.658701418905305092e-01	6.658701418905305092e-01	7.016320105051819800e-01	6.658701418905305092e-01	6.658701418905305092e-01	7.623677466053859764e-01	6.658701418905305092e-01	6.658701418905305092e-01	6.948849001597759978e-01	6.406068076643269826e-01	6.658701418905305092e-01	6.658701418905305092e-01	6.658701418905305092e-01
6.658701418905305092e-01	6.476418413257709616e-01	6.658701418905305092e-01	9.999999999999980016e-01	6.658701418905305092e-01	6.658701418905305092e-01	6.658701418905305092e-01	6.658701418905305092e-01	6.658701418905305092e-01	6.658701418905305092e-01	6.658701418905305092e-01	6.658701418905305092e-01	6.658701418905305092e-01	6.658701418905305092e-01	6.784377032901339755e-01	6.658701418905305092e-01	6.658701418905305092e-01	6.898701955340099667e-01	6.658701418905305092e-01	6.157080587050980380e-01	6.836966351670730191e-01	6.658701418905305092e-01	6.658701418905305092e-01	6.658701418905305092e-01	6.658701418905305092e-01	6.458739244462170515e-01	6.658701418905305092e-01	6.658701418905305092e-01	6.771144731706639774e-01	6.783570820790719713e-01	6.658701418905305092e-01	6.060386142810080257e-01	6.658701418905305092e-01	6.658701418905305092e-01	6.658701418905305092e-01	6.658701418905305092e-01	6.658701418905305092e-01	6.658701418905305092e-01	6.658701418905305092e-01	6.658701418905305092e-01	6.658701418905305092e-01	5.950903726010390304e-01	6.658701418905305092e-01	6.658701418905305092e-01	6.658701418905305092e-01	6.658701418905305092e-01	6.658701418905305092e-01	6.658701418905305092e-01	6.658701418905305092e-01	6.366722157682219718e-01	6.658701418905305092e-01	6.658701418905305092e-01	6.658701418905305092e-01	6.058074522146009722e-01	6.658701418905305092e-01	6.408556716808040399e-01	6.658701418905305092e-01	6.658701418905305092e-01	6.658701418905305092e-01	6.046664640461290041e-01	6.658701418905305092e-01	6.658701418905305092e-01	6.658701418905305092e-01	6.350714287205909692e-01	6.658701418905305092e-01	6.719988324807889546e-01	6.658701418905305092e-01	6.658701418905305092e-01	6.658701418905305092e-01	6.658701418905305092e-01	6.658701418905305092e-01	6.658701418905305092e-01	6.658701418905305092e-01	6.658701418905305092e-01	6.638493734058680262e-01	6.658701418905305092e-01	6.658701418905305092e-01	6.503753297007860423e-01	6.331613792623159709e-01	6.658701418905305092e-01	6.658701418905305092e-01	6.658701418905305092e-01	6.658701418905305092e-01	6.158488119204029720e-01	6.262043055375560163e-01	5.943531151591380235e-01	6.658701418905305092e-01	6.313434062541100067e-01	6.483718270018179464e-01	6.658701418905305092e-01	6.658701418905305092e-01	6.658701418905305092e-01	6.658701418905305092e-01	6.658701418905305092e-01	6.658701418905305092e-01	6.658701418905305092e-01	6.658701418905305092e-01	6.658701418905305092e-01	6.658701418905305092e-01	6.658701418905305092e-01	6.658701418905305092e-01	6.658701418905305092e-01	6.658701418905305092e-01	6.658701418905305092e-01	6.658701418905305092e-01	6.658701418905305092e-01	6.658701418905305092e-01	6.163922142559019601e-01	6.658701418905305092e-01	6.133606959185300411e-01	6.658701418905305092e-01	6.658701418905305092e-01	6.658701418905305092e-01	6.658701418905305092e-01	6.392500624789030361e-01	6.658701418905305092e-01	6.658701418905305092e-01	6.658701418905305092e-01	6.658701418905305092e-01	6.658701418905305092e-01	6.658701418905305092e-01	6.302221876670049960e-01	6.658701418905305092e-01	6.446033138503830529e-01
7.038295853361680177e-01	6.984522902778089737e-01	6.658701418905305092e-01	6.658701418905305092e-01	9.999999999999980016e-01	6.900527951530790460e-01	6.658701418905305092e-01	6.658701418905305092e-01	6.658701418905305092e-01	6.658701418905305092e-01	7.207449645972660024e-01	6.658701418905305092e-01	6.879720530563280256e-01	6.658701418905305092e-01	6.658701418905305092e-01	6.594066061730530226e-01	6.658701418905305092e-01	6.658701418905305092e-01	6.658701418905305092e-01	6.658701418905305092e-01	6.658701418905305092e-01	6.658701418905305092e-01	6.658701418905305092e-01	6.658701418905305092e-01	6.658701418905305092e-01	7.601960393385199799e-01	6.658701418905305092e-01	6.658701418905305092e-01	6.658701418905305092e-01	6.658701418905305092e-01	6.391242898700639774e-01	6.658701418905305092e-01	6.658701418905305092e-01	6.658701418905305092e-01	6.658701418905305092e-01	6.658701418905305092e-01	6.658701418905305092e-01	6.658701418905305092e-01	6.658701418905305092e-01	6.658701418905305092e-01	6.658701418905305092e-01	7.146024539756480332e-01	6.658701418905305092e-01	6.658701418905305092e-01	6.658701418905305092e-01	6.796946111320150141e-01	6.152599049827840449e-01	6.848459808341430533e-01	6.575555157811010520e-01	6.230731258749649948e-01	6.786627159231070072e-01	6.658701418905305092e-01	6.658701418905305092e-01	6.658701418905305092e-01	6.658701418905305092e-01	6.658701418905305092e-01	6.658701418905305092e-01	6.658701418905305092e-01	6.658701418905305092e-01	6.658701418905305092e-01	6.658701418905305092e-01	6.279013088538909493e-01	6.658701418905305092e-01	6.655589803912289604e-01	6.658701418905305092e-01	6.803640056365050093e-01	6.658701418905305092e-01	6.658701418905305092e-01	6.658701418905305092e-01	6.848590559273940448e-01	6.687449642682470330e-01	6.822677107573500432e-01	6.658701418905305092e-01	6.424412162890760225e-01	6.658701418905305092e-01	6.658701418905305092e-01	6.658701418905305092e-01	6.658701418905305092e-01	6.758960495450549999e-01	6.658701418905305092e-01	7.582502351577089517e-01	6.487677441434609449e-01	6.254313306473320289e-01	6.658701418905305092e-01	6.658701418905305092e-01	6.772436438640540013e-01	6.658701418905305092e-01	6.593636300705220110e-01	6.658701418905305092e-01	6.658701418905305092e-01	6.914489450348120236e-01	6.658701418905305092e-01	6.658701418905305092e-01	6.658701418905305092e-01	6.658701418905305092e-01	6.658701418905305092e-01	6.658701418905305092e-01	6.658701418905305092e-01	6.658701418905305092e-01	7.045569471735769751e-01	6.658701418905305092e-01	6.658701418905305092e-01	6.658701418905305092e-01	6.658701418905305092e-01	6.658701418905305092e-01	6.658701418905305092e-01	6.658701418905305092e-01	6.182901545848930036e-01	6.658701418905305092e-01	6.069899195353489763e-01	6.658701418905305092e-01	6.658701418905305092e-01	6.658701418905305092e-01	6.658701418905305092e-01	6.658701418905305092e-01	6.658701418905305092e-01	6.658701418905305092e-01	6.658701418905305092e-01	6.658701418905305092e-01	6.658701418905305092e-01	6.658701418905305092e-01	6.658701418905305092e-01	6.658701418905305092e-01	6.658701418905305092e-01
6.809980607195279534e-01	6.899367991274679701e-01	6.658701418905305092e-01	6.658701418905305092e-01	6.900527951530790460e-01	9.999999999999980016e-01	6.822719357503550519e-01	6.658701418905305092e-01	6.658701418905305092e-01	6.658701418905305092e-01	6.658701418905305092e-01	6.658701418905305092e-01	6.658701418905305092e-01	6.622490212683780353e-01	6.658701418905305092e-01	6.658701418905305092e-01	6.658701418905305092e-01	5.745710915053939827e-01	6.658701418905305092e-01	6.658701418905305092e-01	6.604230753646710417e-01	6.658701418905305092e-01	6.658701418905305092e-01	6.658701418905305092e-01	6.658701418905305092e-01	6.778564823477060131e-01	6.658701418905305092e-01	6.658701418905305092e-01	6.658701418905305092e-01	6.658701418905305092e-01	6.282942369437689578e-01	6.137652581458500345e-01	6.658701418905305092e-01	6.658701418905305092e-01	6.314241518987919743e-01	6.104708628213389998e-01	6.221586034869439619e-01	6.098354956040840102e-01	6.658701418905305092e-01	6.658701418905305092e-01	6.658701418905305092e-01	6.658701418905305092e-01	6.658701418905305092e-01	6.658701418905305092e-01	6.658701418905305092e-01	6.658701418905305092e-01	6.658701418905305092e-01	6.658701418905305092e-01	6.658701418905305092e-01	6.549520619634540131e-01	6.658701418905305092e-01	7.138945806134689986e-01	6.658701418905305092e-01	6.658701418905305092e-01	6.662943430355799945e-01	6.870226812660580329e-01	6.692465278532240269e-01	5.878989947545479877e-01	6.658701418905305092e-01	6.658701418905305092e-01	6.658701418905305092e-01	6.179459464804649693e-01	6.658701418905305092e-01	6.405817775721980301e-01	6.658701418905305092e-01	6.658701418905305092e-01	6.000232038129460488e-01	6.658701418905305092e-01	6.658701418905305092e-01	6.686776823969750039e-01	6.658701418905305092e-01	6.658701418905305092e-01	6.658701418905305092e-01	6.658701418905305092e-01	6.658701418905305092e-01	6.758393811978230525e-01	6.658701418905305092e-01	6.658701418905305092e-01	6.658701418905305092e-01	6.658701418905305092e-01	6.658701418905305092e-01	6.003134446293030280e-01	6.658701418905305092e-01	6.658701418905305092e-01	6.658701418905305092e-01	6.635461267299850308e-01	6.658701418905305092e-01	6.658701418905305092e-01	6.658701418905305092e-01	6.658701418905305092e-01	7.079866671586190208e-01	6.658701418905305092e-01	6.658701418905305092e-01	5.751665450138260249e-01	6.429329203099409806e-01	6.735847786901719703e-01	6.658701418905305092e-01	6.658701418905305092e-01	6.658701418905305092e-01	6.658701418905305092e-01	6.658701418905305092e-01	6.759420802621119995e-01	6.658701418905305092e-01	5.901384989367619571e-01	6.793468258296420093e-01	6.780029669688579785e-01	6.658701418905305092e-01	6.658701418905305092e-01	6.658701418905305092e-01	6.658701418905305092e-01	6.658701418905305092e-01	6.538950125315440287e-01	6.519570274986740133e-01	6.658701418905305092e-01	6.658701418905305092e-01	6.658701418905305092e-01	6.554021598299499818e-01	6.658701418905305092e-01	6.827659791555690250e-01	6.495610289163189499e-01	7.037612738070639917e-01	6.658701418905305092e-01	6.658701418905305092e-01	6.658701418905305092e-01
6.871563603598780379e-01	6.658701418905305092e-01	6.794559110714190053e-01	6.658701418905305092e-01	6.658701418905305092e-01	6.822719357503550519e-01	9.999999999999990008e-01	6.658701418905305092e-01	6.658701418905305092e-01	6.658701418905305092e-01	6.658701418905305092e-01	6.658701418905305092e-01	6.658701418905305092e-01	6.479461187913589937e-01	6.658701418905305092e-01	6.658701418905305092e-01	6.658701418905305092e-01	6.658701418905305092e-01	6.658701418905305092e-01	6.658701418905305092e-01	6.658701418905305092e-01	6.658701418905305092e-01	7.071678514014839712e-01	6.658701418905305092e-01	7.223667535680869944e-01	6.658701418905305092e-01	6.658701418905305092e-01	6.658701418905305092e-01	6.658701418905305092e-01	6.658701418905305092e-01	6.658701418905305092e-01	6.658701418905305092e-01	6.658701418905305092e-01	6.658701418905305092e-01	6.658701418905305092e-01	6.658701418905305092e-01	6.658701418905305092e-01	6.658701418905305092e-01	6.326909339484150241e-01	6.071661335380490465e-01	6.658701418905305092e-01	6.658701418905305092e-01	7.008294695139599684e-01	6.658701418905305092e-01	5.725923304782509771e-01	6.658701418905305092e-01	6.658701418905305092e-01	6.658701418905305092e-01	6.472220776215390492e-01	6.307988091604009862e-01	6.665879882828360525e-01	6.658701418905305092e-01	6.658701418905305092e-01	6.658701418905305092e-01	6.674338763464969793e-01	6.658701418905305092e-01	6.748821633928530073e-01	6.658701418905305092e-01	6.658701418905305092e-01	6.194295709905750513e-01	6.658701418905305092e-01	6.217316738551690314e-01	6.658701418905305092e-01	6.658701418905305092e-01	6.658701418905305092e-01	6.863313953023050251e-01	6.154538464426959621e-01	6.658701418905305092e-01	6.658701418905305092e-01	6.658701418905305092e-01	6.499394908761639833e-01	6.563495628190819664e-01	6.658701418905305092e-01	6.478218389913590336e-01	6.658701418905305092e-01	6.658701418905305092e-01	6.658701418905305092e-01	6.658701418905305092e-01	6.658701418905305092e-01	6.658701418905305092e-01	6.658701418905305092e-01	6.658701418905305092e-01	6.658701418905305092e-01	6.658701418905305092e-01	6.078946981759919543e-01	6.658701418905305092e-01	6.775588986546270398e-01	6.658701418905305092e-01	6.966525112155740329e-01	6.486613070019130456e-01	6.959611090333549521e-01	6.658701418905305092e-01	6.658701418905305092e-01	6.658701418905305092e-01	6.658701418905305092e-01	6.658701418905305092e-01	6.658701418905305092e-01	6.658701418905305092e-01	6.570062037754600404e-01	6.658701418905305092e-01	6.658701418905305092e-01	6.658701418905305092e-01	6.658701418905305092e-01	6.658701418905305092e-01	6.658701418905305092e-01	6.658701418905305092e-01	6.658701418905305092e-01	6.251794699866379812e-01	6.658701418905305092e-01	6.658701418905305092e-01	6.658701418905305092e-01	6.455499735917880066e-01	6.658701418905305092e-01	6.658701418905305092e-01	6.598402071438029814e-01	7.031681109300189636e-01	6.507373707222710024e-01	6.658701418905305092e-01	6.658701418905305092e-01	6.658701418905305092e-01	6.658701418905305092e-01	6.658701418905305092e-01	6.540420658467279713e-01	6.658701418905305092e-01
7.306343756215379903e-01	6.658701418905305092e-01	6.658701418905305092e-01	6.658701418905305092e-01	6.658701418905305092e-01	6.658701418905305092e-01	6.658701418905305092e-01	1.000000000000000000e+00	7.851903523378339633e-01	6.658701418905305092e-01	6.658701418905305092e-01	6.658701418905305092e-01	6.658701418905305092e-01	5.963582418056839751e-01	6.658701418905305092e-01	6.658701418905305092e-01	6.658701418905305092e-01	6.658701418905305092e-01	6.266214083535780466e-01	7.001286532731879619e-01	6.183631161036949875e-01	6.658701418905305092e-01	6.658701418905305092e-01	6.658701418905305092e-01	7.534324586528919898e-01	6.658701418905305092e-01	6.421009918557499807e-01	6.658701418905305092e-01	6.658701418905305092e-01	6.658701418905305092e-01	6.658701418905305092e-01	6.658701418905305092e-01	6.658701418905305092e-01	6.658701418905305092e-01	6.658701418905305092e-01	6.196519189868380240e-01	6.658701418905305092e-01	6.658701418905305092e-01	6.658701418905305092e-01	6.149356185722889556e-01	6.831411105583899968e-01	6.658701418905305092e-01	6.658701418905305092e-01	6.658701418905305092e-01	5.934143486893249664e-01	6.658701418905305092e-01	6.658701418905305092e-01	6.521509340211160133e-01	6.658701418905305092e-01	6.424318735846570316e-01	6.847269560113939946e-01	6.658701418905305092e-01	6.658701418905305092e-01	6.658701418905305092e-01	6.584575380326900262e-01	6.306287443001280524e-01	6.658701418905305092e-01	6.229191547098390513e-01	6.658701418905305092e-01	6.658701418905305092e-01	6.658701418905305092e-01	6.658701418905305092e-01	6.658701418905305092e-01	6.396256722116929749e-01	6.658701418905305092e-01	6.657169097270669855e-01	6.658701418905305092e-01	6.658701418905305092e-01	6.658701418905305092e-01	6.658701418905305092e-01	6.245552398969830277e-01	6.765065368879770169e-01	6.658701418905305092e-01	6.689095813207199814e-01	6.658701418905305092e-01	6.404919551535820377e-01	6.658701418905305092e-01	6.658701418905305092e-01	6.658701418905305092e-01	6.658701418905305092e-01	6.658701418905305092e-01	6.516267046188439771e-01	6.302727372741210310e-01	6.658701418905305092e-01	6.658701418905305092e-01	6.658701418905305092e-01	6.602471797181179713e-01	6.658701418905305092e-01	6.658701418905305092e-01	6.658701418905305092e-01	6.768314670732750171e-01	6.658701418905305092e-01	6.658701418905305092e-01	5.929158402757610524e-01	6.070886793747940491e-01	6.658701418905305092e-01	6.658701418905305092e-01	6.658701418905305092e-01	6.658701418905305092e-01	6.658701418905305092e-01	6.658701418905305092e-01	6.658701418905305092e-01	6.658701418905305092e-01	6.658701418905305092e-01	6.658701418905305092e-01	6.658701418905305092e-01	6.658701418905305092e-01	6.658701418905305092e-01	6.658701418905305092e-01	6.658701418905305092e-01	6.658701418905305092e-01	6.658701418905305092e-01	6.658701418905305092e-01	6.658701418905305092e-01	6.658701418905305092e-01	6.658701418905305092e-01	6.658701418905305092e-01	6.658701418905305092e-01	6.658701418905305092e-01	6.658701418905305092e-01	6.658701418905305092e-01	6.658701418905305092e-01	6.658701418905305092e-01	6.658701418905305092e-01
6.658701418905305092e-01	6.658701418905305092e-01	6.658701418905305092e-01	6.658701418905305092e-01	6.658701418905305092e-01	6.658701418905305092e-01	6.658701418905305092e-01	7.851903523378339633e-01	1.000000000000000000e+00	6.658701418905305092e-01	6.717711670317250139e-01	6.658701418905305092e-01	6.584361384488459645e-01	5.905110501845020066e-01	7.050069868953929841e-01	6.658701418905305092e-01	6.658701418905305092e-01	6.658701418905305092e-01	6.658701418905305092e-01	6.658701418905305092e-01	6.658701418905305092e-01	6.658701418905305092e-01	6.658701418905305092e-01	6.863025615515599975e-01	6.658701418905305092e-01	6.658701418905305092e-01	6.658701418905305092e-01	6.658701418905305092e-01	6.658701418905305092e-01	6.658701418905305092e-01	6.658701418905305092e-01	6.658701418905305092e-01	6.658701418905305092e-01	6.658701418905305092e-01	6.658701418905305092e-01	6.658701418905305092e-01	6.746676973571279490e-01	6.787493362244709783e-01	6.658701418905305092e-01	6.324204332913280213e-01	6.722109650260910119e-01	7.036383574465949753e-01	6.658701418905305092e-01	6.355197033908379645e-01	6.658701418905305092e-01	6.658701418905305092e-01	6.658701418905305092e-01	6.658701418905305092e-01	6.658701418905305092e-01	6.536691548388530171e-01	6.766944724881569506e-01	6.658701418905305092e-01	5.923087967320550540e-01	6.658701418905305092e-01	6.658701418905305092e-01	6.658701418905305092e-01	6.587014400793019808e-01	6.658701418905305092e-01	6.332534235200859563e-01	6.364381672300130077e-01	6.658701418905305092e-01	6.658701418905305092e-01	6.955073093656950478e-01	6.658701418905305092e-01	6.658701418905305092e-01	6.658701418905305092e-01	6.658701418905305092e-01	6.658701418905305092e-01	6.658701418905305092e-01	6.417480548139390395e-01	6.658701418905305092e-01	6.658701418905305092e-01	6.432787315097050485e-01	6.658701418905305092e-01	6.277991514841170240e-01	6.658701418905305092e-01	6.658701418905305092e-01	6.658701418905305092e-01	6.532984681897350265e-01	6.658701418905305092e-01	6.658701418905305092e-01	6.658701418905305092e-01	6.357267404662150234e-01	7.052368446919400347e-01	6.658701418905305092e-01	6.658701418905305092e-01	6.658701418905305092e-01	6.658701418905305092e-01	7.335408858019789591e-01	6.464751014706280330e-01	6.658701418905305092e-01	6.658701418905305092e-01	6.658701418905305092e-01	6.658701418905305092e-01	6.658701418905305092e-01	6.658701418905305092e-01	6.658701418905305092e-01	6.206090143893570055e-01	6.658701418905305092e-01	6.469075216211910284e-01	6.658701418905305092e-01	6.129574072670750384e-01	6.658701418905305092e-01	6.658701418905305092e-01	6.658701418905305092e-01	6.061594883098599951e-01	6.658701418905305092e-01	6.658701418905305092e-01	6.658701418905305092e-01	6.658701418905305092e-01	6.658701418905305092e-01	6.658701418905305092e-01	6.752798054812360062e-01	6.563142319346489950e-01	6.658701418905305092e-01	6.658701418905305092e-01	6.658701418905305092e-01	7.027203374399020319e-01	6.658701418905305092e-01	7.258097003407240067e-01	6.658701418905305092e-01	6.658701418905305092e-01	6.658701418905305092e-01	7.143846640997649766e-01
6.658701418905305092e-01	7.144139589593729855e-01	6.658701418905305092e-01	6.658701418905305092e-01	6.658701418905305092e-01	6.658701418905305092e-01	6.658701418905305092e-01	6.658701418905305092e-01	6.658701418905305092e-01	1.000000000000000000e+00	6.658701418905305092e-01	6.658701418905305092e-01	6.658701418905305092e-01	5.967541256586760268e-01	6.847197629938800434e-01	6.658701418905305092e-01	6.658701418905305092e-01	5.948779882406159958e-01	6.547387388354639626e-01	6.658701418905305092e-01	6.173468092146210395e-01	6.658701418905305092e-01	7.334014690602459474e-01	6.658701418905305092e-01	6.658701418905305092e-01	6.658701418905305092e-01	6.658701418905305092e-01	6.658701418905305092e-01	6.671745247626870157e-01	6.658701418905305092e-01	6.658701418905305092e-01	6.658701418905305092e-01	6.311645687743120403e-01	6.658701418905305092e-01	6.400473951915649495e-01	6.658701418905305092e-01	6.658701418905305092e-01	6.658701418905305092e-01	6.658701418905305092e-01	6.658701418905305092e-01	6.658701418905305092e-01	6.396302576641950122e-01	6.658701418905305092e-01	6.658701418905305092e-01	6.658701418905305092e-01	6.603790456835679779e-01	6.658701418905305092e-01	6.658701418905305092e-01	6.745820639418760312e-01	6.614043260709190353e-01	7.012980246667820383e-01	6.658701418905305092e-01	6.658701418905305092e-01	6.658701418905305092e-01	6.658701418905305092e-01	6.658701418905305092e-01	6.658701418905305092e-01	6.658701418905305092e-01	6.658701418905305092e-01	6.658701418905305092e-01	6.658701418905305092e-01	6.658701418905305092e-01	6.658701418905305092e-01	6.658701418905305092e-01	6.658701418905305092e-01	6.683608294582340514e-01	6.658701418905305092e-01	6.658701418905305092e-01	6.658701418905305092e-01	6.658701418905305092e-01	6.658701418905305092e-01	6.658701418905305092e-01	6.658701418905305092e-01	6.658701418905305092e-01	6.100560711486100463e-01	6.658701418905305092e-01	6.658701418905305092e-01	6.658701418905305092e-01	6.658701418905305092e-01	6.658701418905305092e-01	6.901890549920339790e-01	6.658701418905305092e-01	6.658701418905305092e-01	6.658701418905305092e-01	6.683248646362830447e-01	6.658701418905305092e-01	6.658701418905305092e-01	6.213363584138940077e-01	6.658701418905305092e-01	6.415931571607019768e-01	6.703395291900720032e-01	6.658701418905305092e-01	5.843743806599640545e-01	5.900955890630269485e-01	5.889958536171370218e-01	6.658701418905305092e-01	6.658701418905305092e-01	6.286859144833899515e-01	6.658701418905305092e-01	6.658701418905305092e-01	6.658701418905305092e-01	6.658701418905305092e-01	6.658701418905305092e-01	6.658701418905305092e-01	6.658701418905305092e-01	6.658701418905305092e-01	6.658701418905305092e-01	6.658701418905305092e-01	6.658701418905305092e-01	6.658701418905305092e-01	6.798672757692629798e-01	6.658701418905305092e-01	6.658701418905305092e-01	6.658701418905305092e-01	6.658701418905305092e-01	7.198365228305689811e-01	6.658701418905305092e-01	6.658701418905305092e-01	6.658701418905305092e-01	7.129362424992029545e-01	6.658701418905305092e-01	6.658701418905305092e-01	6.658701418905305092e-01	6.658701418905305092e-01
6.658701418905305092e-01	6.658701418905305092e-01	6.855994375795949614e-01	6.658701418905305092e-01	7.207449645972660024e-01	6.658701418905305092e-01	6.658701418905305092e-01	6.658701418905305092e-01	6.717711670317250139e-01	6.658701418905305092e-01	1.000000000000000000e+00	6.658701418905305092e-01	6.658701418905305092e-01	6.388596394656720356e-01	6.552287370770779606e-01	6.658701418905305092e-01	6.658701418905305092e-01	5.859156928141450171e-01	6.658701418905305092e-01	6.658701418905305092e-01	6.658701418905305092e-01	6.459748032996639466e-01	6.798574782827879748e-01	6.658701418905305092e-01	6.821186216644810063e-01	7.311711377386950206e-01	6.342290644766049867e-01	6.658701418905305092e-01	6.658701418905305092e-01	6.658701418905305092e-01	6.658701418905305092e-01	6.658701418905305092e-01	6.658701418905305092e-01	6.658701418905305092e-01	6.658701418905305092e-01	6.303450951349980347e-01	6.658701418905305092e-01	6.658701418905305092e-01	6.658701418905305092e-01	6.658701418905305092e-01	6.658701418905305092e-01	6.568784352127590154e-01	6.658701418905305092e-01	6.658701418905305092e-01	6.658701418905305092e-01	6.658701418905305092e-01	6.287894335661230460e-01	6.658701418905305092e-01	6.880597004620010448e-01	6.658701418905305092e-01	7.276505345204280495e-01	6.658701418905305092e-01	6.658701418905305092e-01	6.658701418905305092e-01	6.658701418905305092e-01	6.658701418905305092e-01	6.658701418905305092e-01	6.297011105573500078e-01	6.658701418905305092e-01	6.314164378499960151e-01	6.658701418905305092e-01	6.658701418905305092e-01	6.992998411090860511e-01	6.658701418905305092e-01	6.309546625814189680e-01	6.658701418905305092e-01	6.257946169643670009e-01	6.658701418905305092e-01	6.658701418905305092e-01	6.658701418905305092e-01	6.509119534873459845e-01	6.687392400191940478e-01	6.658701418905305092e-01	6.658701418905305092e-01	6.395281736805600303e-01	6.760851204268589765e-01	6.658701418905305092e-01	6.124940772397069466e-01	6.479357823244119574e-01	6.658701418905305092e-01	6.658701418905305092e-01	6.658701418905305092e-01	6.658701418905305092e-01	6.471954109196560445e-01	6.402051762217280118e-01	6.244347317774220363e-01	6.658701418905305092e-01	6.658701418905305092e-01	6.658701418905305092e-01	6.658701418905305092e-01	6.849364350276020419e-01	6.658701418905305092e-01	6.658701418905305092e-01	6.658701418905305092e-01	6.658701418905305092e-01	6.658701418905305092e-01	6.581812120126550036e-01	6.658701418905305092e-01	6.658701418905305092e-01	6.658701418905305092e-01	6.658701418905305092e-01	6.658701418905305092e-01	6.658701418905305092e-01	6.658701418905305092e-01	6.658701418905305092e-01	6.423457199340090185e-01	6.658701418905305092e-01	6.658701418905305092e-01	6.658701418905305092e-01	6.658701418905305092e-01	6.658701418905305092e-01	6.658701418905305092e-01	6.658701418905305092e-01	6.658701418905305092e-01	6.658701418905305092e-01	6.658701418905305092e-01	6.658701418905305092e-01	6.658701418905305092e-01	6.658701418905305092e-01	6.584672495629410038e-01	6.658701418905305092e-01	6.658701418905305092e-01	6.658701418905305092e-01	6.658701418905305092e-01
6.981417201675880202e-01	6.658701418905305092e-01	6.658701418905305092e-01	6.658701418905305092e-01	6.658701418905305092e-01	6.658701418905305092e-01	6.658701418905305092e-01	6.658701418905305092e-01	6.658701418905305092e-01	6.658701418905305092e-01	6.658701418905305092e-01	1.000000000000000000e+00	6.658701418905305092e-01	6.658701418905305092e-01	6.658701418905305092e-01	6.340221925223950006e-01	6.658701418905305092e-01	6.658701418905305092e-01	6.212468780168759475e-01	6.658701418905305092e-01	6.658701418905305092e-01	6.357821721313340335e-01	6.658701418905305092e-01	6.658701418905305092e-01	6.658701418905305092e-01	6.658701418905305092e-01	6.658701418905305092e-01	6.658701418905305092e-01	6.210980319424930229e-01	6.658701418905305092e-01	6.658701418905305092e-01	6.658701418905305092e-01	6.658701418905305092e-01	6.658701418905305092e-01	6.658701418905305092e-01	6.658701418905305092e-01	6.658701418905305092e-01	6.658701418905305092e-01	6.658701418905305092e-01	6.658701418905305092e-01	6.464264411507539831e-01	6.658701418905305092e-01	6.658701418905305092e-01	6.658701418905305092e-01	6.658701418905305092e-01	6.512430681733669680e-01	6.658701418905305092e-01	6.658701418905305092e-01	6.658701418905305092e-01	6.658701418905305092e-01	6.658701418905305092e-01	6.658701418905305092e-01	6.329861400468109744e-01	6.658701418905305092e-01	6.758955899719260030e-01	6.658701418905305092e-01	6.658701418905305092e-01	6.658701418905305092e-01	6.658701418905305092e-01	6.137855276457120368e-01	6.658701418905305092e-01	6.658701418905305092e-01	6.658701418905305092e-01	6.658701418905305092e-01	6.658701418905305092e-01	6.658701418905305092e-01	6.658701418905305092e-01	6.658701418905305092e-01	6.658701418905305092e-01	6.658701418905305092e-01	6.658701418905305092e-01	6.658701418905305092e-01	6.658701418905305092e-01	6.658701418905305092e-01	6.658701418905305092e-01	6.658701418905305092e-01	7.468317379492349639e-01	6.449463538818099861e-01	6.811165914052940140e-01	6.658701418905305092e-01	7.599161391711339864e-01	6.658701418905305092e-01	6.658701418905305092e-01	6.658701418905305092e-01	6.203154110094509788e-01	6.856662320874099548e-01	6.658701418905305092e-01	6.658701418905305092e-01	7.281578994456420206e-01	6.658701418905305092e-01	6.658701418905305092e-01	6.686437991390850044e-01	6.658701418905305092e-01	6.658701418905305092e-01	6.658701418905305092e-01	6.658701418905305092e-01	6.658701418905305092e-01	6.658701418905305092e-01	6.658701418905305092e-01	7.359177309289980373e-01	7.140931019496560284e-01	6.658701418905305092e-01	6.658701418905305092e-01	5.803911294956110023e-01	6.936148902776709813e-01	6.658701418905305092e-01	7.008057687918090028e-01	6.658701418905305092e-01	6.658701418905305092e-01	6.658701418905305092e-01	6.658701418905305092e-01	6.502165634635509450e-01	6.658701418905305092e-01	6.658701418905305092e-01	6.658701418905305092e-01	6.658701418905305092e-01	6.658701418905305092e-01	6.658701418905305092e-01	7.164296138175110240e-01	6.658701418905305092e-01	6.658701418905305092e-01	7.509838453029300531e-01	6.658701418905305092e-01	6.658701418905305092e-01
