9.999999999999990008e-01	5.542765743198394546e-01	5.542765743198394546e-01	5.427618921650919637e-01	5.542765743198394546e-01	5.542765743198394546e-01	5.542765743198394546e-01	5.542765743198394546e-01	5.542765743198394546e-01	6.484343835613429752e-01	6.016740228455550454e-01	5.542765743198394546e-01	5.842651850532799562e-01	5.542765743198394546e-01	5.542765743198394546e-01	5.542765743198394546e-01	5.542765743198394546e-01	5.542765743198394546e-01	5.691127948535960046e-01	5.542765743198394546e-01	5.327731413334360067e-01	6.107504010182259746e-01	5.542765743198394546e-01	5.542765743198394546e-01	5.542765743198394546e-01	6.154236185655970193e-01	5.542765743198394546e-01	5.542765743198394546e-01	5.542765743198394546e-01	5.542765743198394546e-01	5.542765743198394546e-01	5.542765743198394546e-01	5.687158938359010429e-01	5.542765743198394546e-01	5.542765743198394546e-01	5.542765743198394546e-01	5.542765743198394546e-01	6.021070927490459468e-01	5.542765743198394546e-01	5.542765743198394546e-01	5.542765743198394546e-01	5.542765743198394546e-01	5.542765743198394546e-01	5.542765743198394546e-01	5.542765743198394546e-01	5.542765743198394546e-01	5.542765743198394546e-01	5.542765743198394546e-01	6.048694493423939500e-01	5.542765743198394546e-01	5.542765743198394546e-01	5.542765743198394546e-01	5.542765743198394546e-01	5.542765743198394546e-01	5.542765743198394546e-01	5.542765743198394546e-01	5.795691850789219668e-01	5.484410635913250509e-01	5.542765743198394546e-01	5.542765743198394546e-01	5.542765743198394546e-01	5.542765743198394546e-01	6.345877762999080351e-01	5.525881364802089912e-01	5.209584746675509637e-01	5.542765743198394546e-01	5.759861176754329515e-01	5.542765743198394546e-01	5.542765743198394546e-01	5.542765743198394546e-01	5.620964564161430310e-01	5.542765743198394546e-01	5.542765743198394546e-01	5.542765743198394546e-01	5.157253494219410372e-01	5.542765743198394546e-01	6.687409593227030546e-01	5.032292997831300241e-01	5.457613483247549802e-01	5.542765743198394546e-01	5.542765743198394546e-01	5.542765743198394546e-01	5.542765743198394546e-01	5.542765743198394546e-01	5.542765743198394546e-01	5.542765743198394546e-01	5.771835269248649647e-01	5.542765743198394546e-01	5.542765743198394546e-01	5.646550086100160515e-01	6.010996759664920530e-01	5.542765743198394546e-01	5.542765743198394546e-01	5.031099769830329471e-01	4.788348377339329831e-01	4.961340410067899831e-01	5.542765743198394546e-01	5.542765743198394546e-01	5.542765743198394546e-01	5.542765743198394546e-01	5.063539560576379994e-01	5.542765743198394546e-01	5.542765743198394546e-01	5.542765743198394546e-01	5.321053701385829449e-01	5.542765743198394546e-01	5.394784120483410161e-01	5.542765743198394546e-01	5.542765743198394546e-01	5.542765743198394546e-01	6.095290855984080158e-01	6.253738559822630272e-01	5.542765743198394546e-01	5.542765743198394546e-01	5.542765743198394546e-01	5.542765743198394546e-01	7.215764151655730263e-01	7.269134232056869704e-01	5.542765743198394546e-01	5.542765743198394546e-01	5.252803616475989479e-01	5.542765743198394546e-01	5.542765743198394546e-01	5.542765743198394546e-01
5.542765743198394546e-01	9.999999999999990008e-01	7.194527112262479873e-01	5.323084762362000344e-01	5.542765743198394546e-01	5.835000794540780023e-01	5.542765743198394546e-01	5.542765743198394546e-01	5.542765743198394546e-01	5.542765743198394546e-01	6.014656922687730001e-01	5.942069709907880082e-01	5.542765743198394546e-01	5.213619011608420228e-01	5.691548612679649954e-01	5.542765743198394546e-01	5.542765743198394546e-01	5.542765743198394546e-01	5.542765743198394546e-01	5.542765743198394546e-01	5.317651968727420408e-01	5.542765743198394546e-01	6.085620757359170296e-01	5.888267785712739677e-01	5.692434319590830016e-01	5.542765743198394546e-01	5.542765743198394546e-01	5.952376082706279936e-01	5.542765743198394546e-01	5.542765743198394546e-01	5.542765743198394546e-01	5.542765743198394546e-01	5.262133848249630486e-01	5.542765743198394546e-01	5.542765743198394546e-01	5.542765743198394546e-01	5.542765743198394546e-01	5.542765743198394546e-01	5.542765743198394546e-01	5.542765743198394546e-01	6.097057742481409859e-01	5.300850117834620123e-01	5.661478637356810450e-01	5.666148496120040345e-01	5.542765743198394546e-01	5.542765743198394546e-01	5.353776399024710031e-01	5.542765743198394546e-01	5.542765743198394546e-01	5.542765743198394546e-01	5.940395055310370154e-01	5.542765743198394546e-01	5.542765743198394546e-01	5.282580585608459556e-01	5.542765743198394546e-01	5.542765743198394546e-01	5.542765743198394546e-01	5.235266936846220132e-01	5.542765743198394546e-01	5.542765743198394546e-01	5.542765743198394546e-01	5.508092939998759929e-01	5.542765743198394546e-01	5.542765743198394546e-01	5.542765743198394546e-01	5.542765743198394546e-01	5.422199686936040042e-01	5.542765743198394546e-01	5.542765743198394546e-01	5.542765743198394546e-01	5.461126186183600240e-01	5.863076450755400071e-01	5.542765743198394546e-01	5.542765743198394546e-01	5.126514993513550111e-01	5.542765743198394546e-01	5.542765743198394546e-01	5.542765743198394546e-01	5.542765743198394546e-01	5.542765743198394546e-01	5.542765743198394546e-01	5.542765743198394546e-01	5.542765743198394546e-01	5.542765743198394546e-01	5.542765743198394546e-01	5.542765743198394546e-01	5.556109333634680070e-01	5.542765743198394546e-01	5.542765743198394546e-01	5.542765743198394546e-01	5.542765743198394546e-01	5.542765743198394546e-01	5.542765743198394546e-01	5.542765743198394546e-01	5.542765743198394546e-01	5.047899721548130270e-01	5.611108618458759967e-01	5.542765743198394546e-01	5.542765743198394546e-01	5.542765743198394546e-01	5.320637582281430022e-01	5.397021316763089827e-01	5.542765743198394546e-01	5.542765743198394546e-01	5.542765743198394546e-01	5.314592178561120539e-01	5.542765743198394546e-01	5.542765743198394546e-01	5.542765743198394546e-01	5.542765743198394546e-01	5.542765743198394546e-01	5.542765743198394546e-01	5.732317117866649880e-01	5.542765743198394546e-01	5.711218055948199535e-01	5.542765743198394546e-01	5.542765743198394546e-01	7.262916560850080083e-01	6.955565200510139823e-01	5.542765743198394546e-01	5.210395444962789835e-01	5.542765743198394546e-01	5.542765743198394546e-01	6.150918521520899462e-01
5.542765743198394546e-01	7.194527112262479873e-01	1.000000000000000000e+00	5.542765743198394546e-01	5.542765743198394546e-01	5.948049543185830457e-01	5.542765743198394546e-01	5.542765743198394546e-01	5.542765743198394546e-01	5.542765743198394546e-01	5.542765743198394546e-01	5.542765743198394546e-01	5.542765743198394546e-01	5.542765743198394546e-01	5.542765743198394546e-01	5.542765743198394546e-01	5.542765743198394546e-01	5.542765743198394546e-01	5.560440493482320390e-01	5.556129891925479791e-01	5.243042122157609564e-01	5.542765743198394546e-01	5.542765743198394546e-01	5.542765743198394546e-01	5.542765743198394546e-01	5.542765743198394546e-01	5.542765743198394546e-01	5.827769808244830374e-01	5.542765743198394546e-01	5.542765743198394546e-01	5.542765743198394546e-01	5.542765743198394546e-01	5.542765743198394546e-01	6.311645992188109622e-01	5.542765743198394546e-01	5.542765743198394546e-01	5.542765743198394546e-01	5.542765743198394546e-01	5.542765743198394546e-01	5.542765743198394546e-01	5.804737907171629852e-01	5.542765743198394546e-01	5.542765743198394546e-01	5.472117305815970001e-01	5.542765743198394546e-01	5.542765743198394546e-01	5.542765743198394546e-01	5.542765743198394546e-01	5.542765743198394546e-01	5.936025531254880416e-01	5.542765743198394546e-01	5.542765743198394546e-01	5.542765743198394546e-01	5.141500060215700163e-01	5.469500111349420157e-01	5.542765743198394546e-01	5.542765743198394546e-01	5.542765743198394546e-01	5.542765743198394546e-01	5.542765743198394546e-01	5.542765743198394546e-01	5.542765743198394546e-01	5.542765743198394546e-01	5.542765743198394546e-01	5.542765743198394546e-01	5.542765743198394546e-01	5.567675241683059939e-01	5.542765743198394546e-01	5.542765743198394546e-01	5.542765743198394546e-01	5.542765743198394546e-01	5.542765743198394546e-01	5.542765743198394546e-01	5.542765743198394546e-01	5.175103443545010506e-01	5.542765743198394546e-01	5.542765743198394546e-01	5.542765743198394546e-01	5.542765743198394546e-01	5.542765743198394546e-01	5.542765743198394546e-01	5.542765743198394546e-01	5.542765743198394546e-01	5.542765743198394546e-01	5.542765743198394546e-01	5.542765743198394546e-01	5.817539418869159817e-01	5.553830298404770494e-01	5.542765743198394546e-01	5.542765743198394546e-01	5.542765743198394546e-01	5.542765743198394546e-01	4.919032881051830230e-01	5.542765743198394546e-01	5.542765743198394546e-01	5.542765743198394546e-01	5.542765743198394546e-01	5.137306526908680393e-01	5.542765743198394546e-01	5.542765743198394546e-01	5.542765743198394546e-01	5.542765743198394546e-01	5.542765743198394546e-01	5.542765743198394546e-01	5.542765743198394546e-01	5.542765743198394546e-01	5.542765743198394546e-01	5.431959670637940274e-01	5.542765743198394546e-01	5.542765743198394546e-01	5.542765743198394546e-01	5.542765743198394546e-01	5.542765743198394546e-01	5.542765743198394546e-01	6.036360566453959908e-01	5.542765743198394546e-01	5.542765743198394546e-01	5.542765743198394546e-01	5.542765743198394546e-01	5.895838339846539711e-01	5.542765743198394546e-01	5.542765743198394546e-01	5.542765743198394546e-01	5.542765743198394546e-01
5.427618921650919637e-01	5.323084762362000344e-01	5.542765743198394546e-01	9.999999999999980016e-01	5.542765743198394546e-01	4.815073774829479736e-01	5.542765743198394546e-01	5.542765743198394546e-01	5.542765743198394546e-01	5.542765743198394546e-01	5.542765743198394546e-01	4.855836645755060021e-01	5.542765743198394546e-01	5.542765743198394546e-01	5.542765743198394546e-01	5.542765743198394546e-01	5.542765743198394546e-01	5.542765743198394546e-01	5.890404483809209557e-01	5.542765743198394546e-01	5.542765743198394546e-01	5.625515770315649977e-01	5.147768953640230460e-01	5.542765743198394546e-01	4.780813543116450015e-01	5.542765743198394546e-01	5.542765743198394546e-01	5.183476329942580119e-01	5.542765743198394546e-01	5.693396645383510535e-01	5.568565637041019700e-01	5.542765743198394546e-01	5.542765743198394546e-01	5.677994068229299529e-01	5.542765743198394546e-01	5.451112946875960041e-01	5.542765743198394546e-01	5.542765743198394546e-01	5.542765743198394546e-01	5.542765743198394546e-01	5.542765743198394546e-01	5.542765743198394546e-01	5.542765743198394546e-01	5.542765743198394546e-01	5.542765743198394546e-01	5.542765743198394546e-01	5.542765743198394546e-01	5.542765743198394546e-01	5.889320296577890135e-01	5.542765743198394546e-01	5.542765743198394546e-01	5.542765743198394546e-01	5.542765743198394546e-01	5.542765743198394546e-01	5.542765743198394546e-01	5.242319842426089727e-01	5.384023231826999822e-01	5.542765743198394546e-01	5.542765743198394546e-01	5.542765743198394546e-01	5.542765743198394546e-01	4.671520499351110023e-01	5.542765743198394546e-01	5.542765743198394546e-01	5.542765743198394546e-01	5.542765743198394546e-01	5.542765743198394546e-01	5.569695105649840050e-01	5.542765743198394546e-01	4.899079828858500241e-01	5.066247394355000155e-01	5.542765743198394546e-01	5.542765743198394546e-01	5.542765743198394546e-01	5.542765743198394546e-01	5.542765743198394546e-01	5.542765743198394546e-01	5.542765743198394546e-01	5.542765743198394546e-01	5.070980376206509765e-01	5.542765743198394546e-01	5.542765743198394546e-01	5.542765743198394546e-01	5.542765743198394546e-01	5.542765743198394546e-01	4.699358318579779925e-01	5.542765743198394546e-01	5.542765743198394546e-01	5.542765743198394546e-01	5.542765743198394546e-01	5.542765743198394546e-01	5.542765743198394546e-01	4.850209171826069809e-01	5.542765743198394546e-01	5.542765743198394546e-01	5.542765743198394546e-01	5.379984406618030235e-01	5.542765743198394546e-01	5.542765743198394546e-01	5.542765743198394546e-01	5.542765743198394546e-01	5.542765743198394546e-01	5.542765743198394546e-01	5.440973146734660038e-01	5.542765743198394546e-01	5.542765743198394546e-01	5.542765743198394546e-01	5.542765743198394546e-01	5.709687677330209654e-01	4.919056561960429841e-01	5.542765743198394546e-01	5.542765743198394546e-01	5.542765743198394546e-01	5.542765743198394546e-01	5.223267108879120491e-01	5.542765743198394546e-01	5.542765743198394546e-01	5.542765743198394546e-01	5.542765743198394546e-01	5.332811213277159901e-01	4.946766645406949769e-01	5.116541980911489818e-01	5.542765743198394546e-01	5.542765743198394546e-01
5.542765743198394546e-01	5.542765743198394546e-01	5.542765743198394546e-01	5.542765743198394546e-01	9.999999999999970024e-01	5.836424732769589507e-01	5.542765743198394546e-01	5.542765743198394546e-01	5.542765743198394546e-01	6.147876135332860370e-01	6.216960958555389771e-01	5.542765743198394546e-01	5.542765743198394546e-01	5.542765743198394546e-01	5.542765743198394546e-01	5.542765743198394546e-01	5.542765743198394546e-01	4.658567377296969902e-01	5.542765743198394546e-01	6.659230880949029707e-01	5.542765743198394546e-01	5.542765743198394546e-01	5.542765743198394546e-01	5.542765743198394546e-01	5.542765743198394546e-01	5.542765743198394546e-01	5.542765743198394546e-01	5.542765743198394546e-01	5.542765743198394546e-01	5.542765743198394546e-01	5.542765743198394546e-01	5.046407614970139788e-01	4.573731867475809842e-01	5.542765743198394546e-01	5.206386056332470424e-01	5.542765743198394546e-01	5.542765743198394546e-01	5.542765743198394546e-01	5.197622908946509801e-01	5.542765743198394546e-01	5.554401048869560542e-01	6.140206285836400379e-01	5.542765743198394546e-01	5.542765743198394546e-01	5.542765743198394546e-01	5.542765743198394546e-01	5.542765743198394546e-01	5.542765743198394546e-01	5.441759125880080150e-01	5.542765743198394546e-01	5.697120207755089760e-01	5.542765743198394546e-01	5.143192825083009456e-01	5.435117875668350473e-01	5.542765743198394546e-01	5.268374840838290218e-01	5.542765743198394546e-01	4.860189083647299957e-01	5.014697189151720025e-01	5.542765743198394546e-01	5.542765743198394546e-01	5.542765743198394546e-01	5.542765743198394546e-01	5.538158400818029570e-01	5.542765743198394546e-01	5.542765743198394546e-01	5.542765743198394546e-01	5.516151271249409849e-01	5.224576014734589879e-01	5.542765743198394546e-01	5.542765743198394546e-01	5.542765743198394546e-01	5.542765743198394546e-01	5.261155641788130000e-01	5.542765743198394546e-01	5.542765743198394546e-01	5.542765743198394546e-01	5.542765743198394546e-01	5.542765743198394546e-01	5.542765743198394546e-01	5.542765743198394546e-01	5.542765743198394546e-01	5.060184817551109937e-01	5.542765743198394546e-01	5.542765743198394546e-01	5.542765743198394546e-01	5.576000732457410125e-01	5.542765743198394546e-01	6.368853542604040463e-01	5.258078542773120256e-01	5.853571994769379838e-01	5.542765743198394546e-01	5.056058106043509470e-01	5.542765743198394546e-01	5.542765743198394546e-01	5.542765743198394546e-01	5.542765743198394546e-01	5.542765743198394546e-01	5.460247999321270473e-01	6.015322387084149902e-01	5.542765743198394546e-01	5.542765743198394546e-01	5.542765743198394546e-01	5.542765743198394546e-01	5.542765743198394546e-01	5.542765743198394546e-01	5.470350611266620033e-01	5.542765743198394546e-01	5.542765743198394546e-01	5.542765743198394546e-01	5.055854101771539710e-01	5.542765743198394546e-01	5.542765743198394546e-01	5.542765743198394546e-01	5.542765743198394546e-01	6.137219472750300442e-01	5.542765743198394546e-01	5.542765743198394546e-01	5.542765743198394546e-01	5.542765743198394546e-01	5.542765743198394546e-01	5.542765743198394546e-01	5.523863515743779873e-01	5.542765743198394546e-01
5.542765743198394546e-01	5.835000794540780023e-01	5.948049543185830457e-01	4.815073774829479736e-01	5.836424732769589507e-01	9.999999999999980016e-01	5.542765743198394546e-01	5.542765743198394546e-01	5.420536088639450467e-01	5.263513782385389472e-01	5.753339068253839894e-01	5.542765743198394546e-01	5.542765743198394546e-01	5.542765743198394546e-01	5.542765743198394546e-01	5.542765743198394546e-01	5.542765743198394546e-01	5.542765743198394546e-01	5.542765743198394546e-01	5.542765743198394546e-01	5.542765743198394546e-01	5.542765743198394546e-01	5.542765743198394546e-01	5.134028941719950279e-01	5.542765743198394546e-01	5.542765743198394546e-01	4.615966608903980251e-01	5.116342868160930202e-01	5.542765743198394546e-01	5.542765743198394546e-01	5.542765743198394546e-01	5.542765743198394546e-01	5.542765743198394546e-01	5.542765743198394546e-01	5.542765743198394546e-01	5.542765743198394546e-01	5.542765743198394546e-01	4.878075307041480069e-01	5.542765743198394546e-01	5.542765743198394546e-01	5.542765743198394546e-01	5.542765743198394546e-01	5.542765743198394546e-01	5.564635495931460341e-01	5.542765743198394546e-01	5.542765743198394546e-01	4.708239561455250244e-01	5.542765743198394546e-01	5.542765743198394546e-01	5.542765743198394546e-01	5.542765743198394546e-01	5.542765743198394546e-01	5.092418541958200207e-01	5.542765743198394546e-01	5.547041993045449537e-01	5.542765743198394546e-01	5.542765743198394546e-01	4.625472160270749922e-01	4.898417529316830277e-01	5.542765743198394546e-01	5.665034693715920167e-01	5.542765743198394546e-01	5.542765743198394546e-01	5.239068190718020324e-01	4.628968431761260049e-01	5.542765743198394546e-01	5.542765743198394546e-01	5.542765743198394546e-01	5.542765743198394546e-01	5.575864479608589885e-01	5.542765743198394546e-01	5.297796635031239987e-01	4.946844653525879765e-01	5.542765743198394546e-01	5.542765743198394546e-01	5.662752118119970257e-01	5.389123686068030272e-01	5.619084244762080349e-01	6.013393291628009729e-01	4.972487885255569839e-01	5.542765743198394546e-01	5.542765743198394546e-01	5.542765743198394546e-01	5.542765743198394546e-01	5.542765743198394546e-01	5.542765743198394546e-01	5.542765743198394546e-01	5.542765743198394546e-01	5.542765743198394546e-01	5.542765743198394546e-01	5.542765743198394546e-01	5.542765743198394546e-01	5.301749475264450062e-01	5.542765743198394546e-01	5.542765743198394546e-01	5.542765743198394546e-01	5.542765743198394546e-01	5.542765743198394546e-01	5.542765743198394546e-01	6.270877259155079875e-01	5.542765743198394546e-01	5.664001126606219572e-01	5.542765743198394546e-01	4.651068519067769746e-01	5.542765743198394546e-01	5.689083378754670184e-01	6.097607687302010193e-01	5.542765743198394546e-01	5.542765743198394546e-01	5.542765743198394546e-01	5.542765743198394546e-01	5.542765743198394546e-01	5.542765743198394546e-01	6.042963378692309817e-01	5.542765743198394546e-01	5.542765743198394546e-01	5.415912650570049447e-01	5.542765743198394546e-01	5.542765743198394546e-01	5.345995343280289802e-01	5.542765743198394546e-01	5.542765743198394546e-01	5.542765743198394546e-01	5.542765743198394546e-01
5.542765743198394546e-01	5.542765743198394546e-01	5.542765743198394546e-01	5.542765743198394546e-01	5.542765743198394546e-01	5.542765743198394546e-01	9.999999999999990008e-01	5.542765743198394546e-01	6.343482555356719788e-01	5.542765743198394546e-01	5.542765743198394546e-01	6.542556409066010437e-01	5.753996806541820108e-01	5.542765743198394546e-01	5.542765743198394546e-01	5.542765743198394546e-01	5.542765743198394546e-01	5.542765743198394546e-01	5.542765743198394546e-01	5.542765743198394546e-01	5.542765743198394546e-01	5.542765743198394546e-01	5.542765743198394546e-01	5.141653491010740318e-01	5.542765743198394546e-01	6.616151297573910073e-01	5.542765743198394546e-01	5.542765743198394546e-01	5.542765743198394546e-01	5.542765743198394546e-01	5.542765743198394546e-01	5.542765743198394546e-01	5.542765743198394546e-01	5.542765743198394546e-01	5.542765743198394546e-01	5.542765743198394546e-01	5.542765743198394546e-01	4.917079995186959818e-01	5.542765743198394546e-01	4.847114406355459981e-01	5.330405249879649476e-01	5.542765743198394546e-01	5.969186554291679991e-01	5.542765743198394546e-01	4.451707416470709888e-01	5.542765743198394546e-01	4.872005857359599790e-01	5.542765743198394546e-01	5.318077852564110364e-01	5.542765743198394546e-01	5.542765743198394546e-01	5.542765743198394546e-01	5.542765743198394546e-01	5.542765743198394546e-01	5.542765743198394546e-01	5.346488616477109712e-01	5.651114720489629484e-01	4.796155873402480063e-01	5.542765743198394546e-01	5.542765743198394546e-01	5.614058665552039695e-01	5.016797056904720442e-01	5.542765743198394546e-01	5.542765743198394546e-01	4.615089004332150191e-01	5.542765743198394546e-01	4.943440311131059861e-01	5.542765743198394546e-01	5.244475013319369605e-01	5.542765743198394546e-01	5.350516899192510056e-01	5.427279500542540047e-01	5.542765743198394546e-01	5.542765743198394546e-01	5.542765743198394546e-01	5.542765743198394546e-01	5.542765743198394546e-01	5.542765743198394546e-01	5.542765743198394546e-01	5.542765743198394546e-01	5.542765743198394546e-01	5.542765743198394546e-01	5.542765743198394546e-01	5.403012909299900191e-01	5.542765743198394546e-01	5.592999413509409656e-01	5.542765743198394546e-01	5.542765743198394546e-01	5.542765743198394546e-01	5.335250971558059829e-01	5.542765743198394546e-01	5.401666914835520084e-01	5.542765743198394546e-01	4.618832650339990131e-01	5.542765743198394546e-01	5.542765743198394546e-01	5.542765743198394546e-01	5.542765743198394546e-01	5.542765743198394546e-01	5.542765743198394546e-01	5.542765743198394546e-01	5.576183679711920194e-01	5.320909119591960001e-01	5.542765743198394546e-01	5.542765743198394546e-01	5.279445678036079892e-01	5.581553824562850430e-01	5.542765743198394546e-01	5.542765743198394546e-01	4.731730930090389808e-01	5.542765743198394546e-01	5.542765743198394546e-01	5.358642542155549471e-01	5.542765743198394546e-01	5.542765743198394546e-01	5.542765743198394546e-01	5.360053213557149920e-01	5.542765743198394546e-01	5.542765743198394546e-01	5.542765743198394546e-01	5.542765743198394546e-01	5.542765743198394546e-01	5.542765743198394546e-01	5.542765743198394546e-01
5.542765743198394546e-01	5.542765743198394546e-01	5.542765743198394546e-01	5.542765743198394546e-01	5.542765743198394546e-01	5.542765743198394546e-01	5.542765743198394546e-01	1.000000000000000000e+00	7.039829575234729520e-01	5.542765743198394546e-01	5.542765743198394546e-01	5.542765743198394546e-01	5.542765743198394546e-01	5.542765743198394546e-01	5.542765743198394546e-01	5.542765743198394546e-01	5.542765743198394546e-01	4.701101203249369864e-01	5.542765743198394546e-01	5.960524740409910427e-01	5.542765743198394546e-01	5.542765743198394546e-01	5.542765743198394546e-01	5.542765743198394546e-01	5.542765743198394546e-01	5.983180425413120451e-01	5.257112106095800375e-01	5.542765743198394546e-01	5.236018361748050465e-01	5.542765743198394546e-01	5.542765743198394546e-01	5.542765743198394546e-01	5.542765743198394546e-01	5.542765743198394546e-01	5.542765743198394546e-01	4.992457795436590073e-01	5.542765743198394546e-01	5.542765743198394546e-01	5.542765743198394546e-01	5.542765743198394546e-01	5.751767585511919911e-01	6.046548052609359569e-01	5.542765743198394546e-01	5.542765743198394546e-01	5.542765743198394546e-01	5.542765743198394546e-01	5.542765743198394546e-01	5.542765743198394546e-01	5.542765743198394546e-01	5.542765743198394546e-01	5.542765743198394546e-01	5.542765743198394546e-01	5.542765743198394546e-01	5.542765743198394546e-01	5.542765743198394546e-01	5.542765743198394546e-01	5.483890851077349859e-01	5.542765743198394546e-01	5.542765743198394546e-01	5.542765743198394546e-01	5.542765743198394546e-01	5.542765743198394546e-01	5.542765743198394546e-01	5.542765743198394546e-01	4.873982957784480097e-01	5.542765743198394546e-01	5.542765743198394546e-01	5.542765743198394546e-01	5.542765743198394546e-01	5.270461519699739528e-01	5.542765743198394546e-01	5.542765743198394546e-01	5.224930102451950109e-01	5.542765743198394546e-01	5.542765743198394546e-01	5.238001961891930458e-01	5.542765743198394546e-01	5.542765743198394546e-01	5.293242844251719870e-01	5.542765743198394546e-01	5.542765743198394546e-01	5.542765743198394546e-01	5.542765743198394546e-01	5.542765743198394546e-01	5.542765743198394546e-01	5.542765743198394546e-01	5.474120612830459809e-01	5.542765743198394546e-01	5.542765743198394546e-01	5.542765743198394546e-01	5.542765743198394546e-01	5.542765743198394546e-01	4.539221030037879911e-01	4.682873029120879771e-01	4.846216961149629743e-01	5.542765743198394546e-01	5.542765743198394546e-01	5.542765743198394546e-01	5.542765743198394546e-01	5.542765743198394546e-01	5.542765743198394546e-01	5.542765743198394546e-01	4.992690191626720231e-01	5.542765743198394546e-01	5.127650592717919453e-01	5.542765743198394546e-01	5.198627143811940243e-01	5.148730851955379828e-01	5.265916139452899714e-01	5.542765743198394546e-01	5.542765743198394546e-01	5.813633895595839984e-01	5.542765743198394546e-01	5.542765743198394546e-01	5.678584690794949985e-01	6.128720651581850420e-01	5.542765743198394546e-01	6.020743106111620113e-01	5.542765743198394546e-01	6.070354056900160167e-01	5.542765743198394546e-01	5.542765743198394546e-01	5.542765743198394546e-01	5.542765743198394546e-01
5.542765743198394546e-01	5.542765743198394546e-01	5.542765743198394546e-01	5.542765743198394546e-01	5.542765743198394546e-01	5.420536088639450467e-01	6.343482555356719788e-01	7.039829575234729520e-01	1.000000000000000000e+00	6.388051832995139678e-01	5.542765743198394546e-01	5.542765743198394546e-01	5.452340155555429613e-01	4.655330844802699763e-01	5.542765743198394546e-01	5.542765743198394546e-01	5.542765743198394546e-01	5.542765743198394546e-01	5.542765743198394546e-01	5.834304401253059824e-01	5.542765743198394546e-01	5.489033839758109545e-01	5.542765743198394546e-01	5.790442588412709757e-01	5.542765743198394546e-01	5.542765743198394546e-01	5.542765743198394546e-01	5.542765743198394546e-01	5.542765743198394546e-01	5.542765743198394546e-01	5.542765743198394546e-01	5.542765743198394546e-01	5.542765743198394546e-01	5.542765743198394546e-01	5.542765743198394546e-01	5.122206824754079735e-01	5.648508365945119625e-01	5.542765743198394546e-01	5.499581234927579665e-01	5.142465896590020513e-01	5.542765743198394546e-01	5.542765743198394546e-01	5.886422062703949853e-01	5.179084739490480427e-01	5.542765743198394546e-01	5.542765743198394546e-01	5.542765743198394546e-01	5.542765743198394546e-01	5.542765743198394546e-01	5.542765743198394546e-01	5.542765743198394546e-01	5.122050178837119772e-01	4.675915761197509957e-01	5.065180244248550512e-01	5.542765743198394546e-01	5.542765743198394546e-01	5.542765743198394546e-01	5.542765743198394546e-01	5.542765743198394546e-01	5.542765743198394546e-01	5.542765743198394546e-01	5.542765743198394546e-01	5.542765743198394546e-01	5.280923141170089652e-01	5.542765743198394546e-01	5.552781412991739662e-01	5.542765743198394546e-01	5.523366654794440445e-01	5.136626878370540439e-01	5.542765743198394546e-01	5.067062644756059608e-01	5.542765743198394546e-01	5.542765743198394546e-01	5.624873027406279702e-01	5.542765743198394546e-01	5.210570713443229973e-01	5.542765743198394546e-01	5.542765743198394546e-01	5.390699282566600026e-01	5.193199049769769982e-01	5.542765743198394546e-01	5.542765743198394546e-01	5.542765743198394546e-01	6.023749538246340185e-01	5.542765743198394546e-01	5.542765743198394546e-01	5.602105056920440029e-01	5.542765743198394546e-01	5.542765743198394546e-01	5.542765743198394546e-01	5.542765743198394546e-01	5.542765743198394546e-01	5.542765743198394546e-01	5.542765743198394546e-01	5.542765743198394546e-01	5.542765743198394546e-01	5.280688062551950335e-01	5.003654059371870355e-01	5.542765743198394546e-01	5.542765743198394546e-01	5.145585383682990122e-01	5.542765743198394546e-01	5.542765743198394546e-01	4.928542009737780227e-01	5.542765743198394546e-01	5.542765743198394546e-01	5.542765743198394546e-01	5.542765743198394546e-01	5.291949186807090033e-01	5.542765743198394546e-01	5.542765743198394546e-01	5.542765743198394546e-01	5.542765743198394546e-01	5.426855470946599924e-01	5.542765743198394546e-01	6.049731344878199746e-01	5.542765743198394546e-01	5.992576446433940385e-01	5.542765743198394546e-01	6.280470751808330254e-01	4.868535473668669789e-01	5.864910094442119526e-01	5.542765743198394546e-01	6.137490308028969999e-01
6.484343835613429752e-01	5.542765743198394546e-01	5.542765743198394546e-01	5.542765743198394546e-01	6.147876135332860370e-01	5.263513782385389472e-01	5.542765743198394546e-01	5.542765743198394546e-01	6.388051832995139678e-01	1.000000000000000000e+00	5.542765743198394546e-01	5.542765743198394546e-01	5.542765743198394546e-01	5.542765743198394546e-01	5.771069649940400170e-01	5.542765743198394546e-01	5.000438787876579916e-01	4.705383010100990249e-01	5.542765743198394546e-01	5.542765743198394546e-01	4.965524276887099964e-01	5.542765743198394546e-01	6.376043605454599916e-01	5.542765743198394546e-01	6.160146195816169623e-01	5.542765743198394546e-01	5.542765743198394546e-01	6.395559239970469712e-01	5.557680901538739615e-01	5.542765743198394546e-01	5.542765743198394546e-01	5.542765743198394546e-01	5.127650493059600079e-01	5.809523754562400111e-01	5.542765743198394546e-01	5.296320075804029637e-01	5.542765743198394546e-01	5.542765743198394546e-01	5.542765743198394546e-01	5.542765743198394546e-01	5.542765743198394546e-01	5.542765743198394546e-01	5.610824890700339962e-01	5.542765743198394546e-01	4.715005644136079921e-01	5.475707551174390231e-01	5.542765743198394546e-01	5.298940494044790395e-01	5.542765743198394546e-01	5.542765743198394546e-01	5.542765743198394546e-01	5.002869574918159534e-01	4.911496540424399870e-01	5.542765743198394546e-01	5.542765743198394546e-01	5.074247212949469787e-01	5.542765743198394546e-01	5.182631263137990052e-01	4.967882283030359836e-01	5.160953687486480312e-01	5.402746641394220450e-01	5.542765743198394546e-01	5.542765743198394546e-01	5.542765743198394546e-01	5.162540610521080264e-01	5.542765743198394546e-01	5.411436423596970302e-01	5.408266431181499856e-01	5.542765743198394546e-01	5.542765743198394546e-01	5.009454961469480549e-01	5.542765743198394546e-01	5.225569329847189470e-01	5.542765743198394546e-01	5.542765743198394546e-01	5.542765743198394546e-01	6.295734295882039477e-01	4.769496936422120137e-01	5.170468575292730407e-01	5.542765743198394546e-01	5.542765743198394546e-01	5.356029003220630358e-01	5.542765743198394546e-01	5.826116681618089821e-01	5.542765743198394546e-01	5.542765743198394546e-01	5.542765743198394546e-01	5.012167867750879635e-01	6.428733915572859559e-01	5.542765743198394546e-01	5.542765743198394546e-01	5.542765743198394546e-01	5.542765743198394546e-01	5.542765743198394546e-01	4.638003192534699837e-01	4.789380490405290014e-01	5.156186255333600199e-01	5.098448917022959659e-01	5.542765743198394546e-01	5.252694896244309852e-01	5.542765743198394546e-01	5.542765743198394546e-01	5.045058536446189734e-01	5.542765743198394546e-01	5.542765743198394546e-01	5.542765743198394546e-01	5.542765743198394546e-01	5.542765743198394546e-01	5.542765743198394546e-01	5.230528974165420397e-01	5.711802830020390465e-01	5.542765743198394546e-01	5.542765743198394546e-01	5.542765743198394546e-01	5.542765743198394546e-01	5.542765743198394546e-01	5.865837955136430359e-01	5.542765743198394546e-01	5.542765743198394546e-01	5.542765743198394546e-01	5.542765743198394546e-01	5.542765743198394546e-01	5.542765743198394546e-01	5.542765743198394546e-01
6.016740228455550454e-01	6.014656922687730001e-01	5.542765743198394546e-01	5.542765743198394546e-01	6.216960958555389771e-01	5.753339068253839894e-01	5.542765743198394546e-01	5.542765743198394546e-01	5.542765743198394546e-01	5.542765743198394546e-01	1.000000000000000000e+00	5.542765743198394546e-01	5.542765743198394546e-01	5.542765743198394546e-01	5.413832743803159708e-01	5.542765743198394546e-01	5.184680994497840034e-01	5.542765743198394546e-01	5.132402900613499686e-01	6.100169292337319638e-01	5.542765743198394546e-01	5.303209108819699757e-01	5.542765743198394546e-01	5.542765743198394546e-01	5.542765743198394546e-01	6.347919387660759805e-01	5.542765743198394546e-01	5.694275364163380315e-01	5.542765743198394546e-01	5.433288522986640112e-01	5.542765743198394546e-01	5.542765743198394546e-01	5.542765743198394546e-01	5.542765743198394546e-01	4.939430278231090043e-01	5.117990353149579619e-01	5.542765743198394546e-01	5.542765743198394546e-01	5.395346002321219636e-01	5.542765743198394546e-01	5.542765743198394546e-01	5.542765743198394546e-01	5.772467067299570376e-01	5.665773183420299564e-01	4.720762815987750161e-01	5.542765743198394546e-01	5.099667459991740204e-01	5.542765743198394546e-01	5.542765743198394546e-01	5.542765743198394546e-01	6.303603780156410430e-01	5.542765743198394546e-01	5.542765743198394546e-01	5.542765743198394546e-01	5.731363366298679596e-01	5.542765743198394546e-01	5.542765743198394546e-01	5.110402894782419825e-01	5.542765743198394546e-01	5.130620720577420135e-01	5.427121729336099598e-01	5.592744220319210147e-01	5.542765743198394546e-01	5.542765743198394546e-01	5.125175531822749875e-01	5.542765743198394546e-01	5.064451523057440507e-01	5.542765743198394546e-01	5.542765743198394546e-01	5.542765743198394546e-01	5.542765743198394546e-01	5.576609530933960279e-01	5.542765743198394546e-01	5.542765743198394546e-01	5.226565730727139591e-01	5.542765743198394546e-01	5.542765743198394546e-01	5.542765743198394546e-01	5.542765743198394546e-01	5.194230081667110532e-01	5.542765743198394546e-01	5.550406014756880113e-01	5.542765743198394546e-01	5.542765743198394546e-01	5.542765743198394546e-01	5.542765743198394546e-01	5.542765743198394546e-01	5.542765743198394546e-01	5.542765743198394546e-01	5.542765743198394546e-01	5.542765743198394546e-01	5.542765743198394546e-01	5.026273080949770211e-01	5.542765743198394546e-01	5.542765743198394546e-01	5.542765743198394546e-01	5.542765743198394546e-01	5.407442190727490550e-01	5.485276406302369567e-01	5.542765743198394546e-01	5.542765743198394546e-01	5.542765743198394546e-01	5.542765743198394546e-01	5.542765743198394546e-01	5.542765743198394546e-01	5.542765743198394546e-01	5.293229899490949908e-01	5.542765743198394546e-01	5.542765743198394546e-01	5.542765743198394546e-01	5.542765743198394546e-01	5.542765743198394546e-01	5.542765743198394546e-01	5.542765743198394546e-01	5.319827769191549649e-01	5.542765743198394546e-01	5.542765743198394546e-01	5.542765743198394546e-01	5.542765743198394546e-01	5.542765743198394546e-01	5.542765743198394546e-01	5.953169623062859461e-01	5.542765743198394546e-01	5.542765743198394546e-01
5.542765743198394546e-01	5.942069709907880082e-01	5.542765743198394546e-01	4.855836645755060021e-01	5.542765743198394546e-01	5.542765743198394546e-01	6.542556409066010437e-01	5.542765743198394546e-01	5.542765743198394546e-01	5.542765743198394546e-01	5.542765743198394546e-01	1.000000000000000000e+00	5.542765743198394546e-01	5.319939800355919512e-01	5.542765743198394546e-01	5.542765743198394546e-01	5.542765743198394546e-01	5.542765743198394546e-01	5.011120226538160471e-01	5.542765743198394546e-01	5.397449922756729634e-01	5.542765743198394546e-01	6.037903053824920097e-01	5.092952110291010248e-01	5.542765743198394546e-01	5.542765743198394546e-01	4.672177282732080106e-01	5.542765743198394546e-01	5.542765743198394546e-01	5.542765743198394546e-01	5.542765743198394546e-01	5.542765743198394546e-01	5.542765743198394546e-01	5.542765743198394546e-01	5.542765743198394546e-01	4.660790864134050082e-01	5.542765743198394546e-01	5.542765743198394546e-01	5.542765743198394546e-01	5.542765743198394546e-01	5.542765743198394546e-01	5.542765743198394546e-01	5.542765743198394546e-01	5.768590497329509903e-01	4.307338145103800087e-01	5.542765743198394546e-01	5.542765743198394546e-01	5.542765743198394546e-01	5.542765743198394546e-01	5.401645372537690060e-01	5.542765743198394546e-01	5.542765743198394546e-01	5.149143867259899920e-01	5.406143562990429752e-01	5.542765743198394546e-01	5.542765743198394546e-01	5.542765743198394546e-01	5.542765743198394546e-01	4.938312853423310056e-01	5.542765743198394546e-01	5.542765743198394546e-01	5.542765743198394546e-01	5.542765743198394546e-01	5.542765743198394546e-01	5.542765743198394546e-01	5.947127558773409595e-01	5.542765743198394546e-01	5.542765743198394546e-01	5.542765743198394546e-01	5.542765743198394546e-01	5.542765743198394546e-01	5.615894501463469801e-01	5.542765743198394546e-01	5.542765743198394546e-01	5.542765743198394546e-01	5.542765743198394546e-01	6.546212298746769687e-01	5.542765743198394546e-01	5.542765743198394546e-01	5.051786485197790055e-01	6.713332811203780448e-01	5.542765743198394546e-01	5.542765743198394546e-01	5.541492133139089837e-01	5.000218607931460335e-01	5.782651696005529640e-01	5.840688714511990121e-01	5.542765743198394546e-01	5.542765743198394546e-01	5.436819648725790266e-01	5.542765743198394546e-01	5.542765743198394546e-01	5.066098550488880026e-01	4.650184963274340277e-01	5.523510198585389608e-01	5.542765743198394546e-01	5.542765743198394546e-01	5.542765743198394546e-01	5.542765743198394546e-01	5.542765743198394546e-01	5.542765743198394546e-01	5.734329811082310435e-01	5.542765743198394546e-01	5.542765743198394546e-01	5.542765743198394546e-01	5.476096498141329594e-01	5.542765743198394546e-01	5.033377745888080179e-01	5.542765743198394546e-01	5.542765743198394546e-01	5.542765743198394546e-01	5.542765743198394546e-01	5.393302601270769658e-01	5.681318482531629854e-01	5.542765743198394546e-01	5.542765743198394546e-01	5.542765743198394546e-01	5.542765743198394546e-01	5.542765743198394546e-01	5.750065124513540349e-01	5.542765743198394546e-01	5.542765743198394546e-01	5.542765743198394546e-01	5.542765743198394546e-01
