9.999999999999990008e-01	6.619268553455373016e-01	8.185061410891809608e-01	6.563778433582949656e-01	7.038295853361680177e-01	6.809980607195279534e-01	6.619268553455373016e-01	6.619268553455373016e-01	7.248013164861409896e-01	6.619268553455373016e-01	6.619268553455373016e-01	6.619268553455373016e-01	6.619268553455373016e-01	6.271140377251810394e-01	6.619268553455373016e-01	7.071865145681509590e-01	6.385702233984570375e-01	6.619268553455373016e-01	6.781708346199569748e-01	6.619268553455373016e-01	6.619268553455373016e-01	6.619268553455373016e-01	7.185009816164320551e-01	6.619268553455373016e-01	7.017911040700489655e-01	6.619268553455373016e-01	6.619268553455373016e-01	6.619268553455373016e-01	6.619268553455373016e-01	7.033776262916050515e-01	7.005836281752050310e-01	6.619268553455373016e-01	6.778449452944740328e-01	6.619268553455373016e-01	6.797190896140470340e-01	6.619268553455373016e-01	6.619268553455373016e-01	6.619268553455373016e-01	6.619268553455373016e-01	6.619268553455373016e-01	7.274918411884859770e-01	6.373987570049619578e-01	6.619268553455373016e-01	6.619268553455373016e-01	6.619268553455373016e-01	6.619268553455373016e-01	6.725669483272780358e-01	6.797796522430370469e-01	6.619268553455373016e-01	6.619268553455373016e-01	7.334082658689999867e-01	6.571006687993260487e-01	6.619268553455373016e-01	6.619268553455373016e-01	6.808926628782200341e-01	6.507410308480440220e-01	6.619268553455373016e-01	6.619268553455373016e-01	6.619268553455373016e-01	6.683000162517700460e-01	6.776113588431400547e-01	6.619268553455373016e-01	7.310091115134460527e-01	6.619268553455373016e-01	6.619268553455373016e-01	6.619268553455373016e-01	6.838032590886480300e-01	6.871338608853360119e-01	6.561684098866239490e-01	6.670517123503379997e-01	6.619268553455373016e-01	7.057662526931319791e-01	6.619268553455373016e-01	6.619268553455373016e-01	6.336728190860849708e-01	6.653670930856120380e-01	7.578932242642140160e-01	6.619268553455373016e-01	6.619268553455373016e-01	6.716800892497369890e-01	6.619268553455373016e-01	6.833157825898730220e-01	6.777230131637820287e-01	6.619268553455373016e-01	6.858735039836889591e-01	6.552301958384220137e-01	6.619268553455373016e-01	6.619268553455373016e-01	6.619268553455373016e-01	6.619268553455373016e-01	6.619268553455373016e-01	6.619268553455373016e-01	6.619268553455373016e-01	6.619268553455373016e-01	6.619268553455373016e-01	6.619268553455373016e-01	6.619268553455373016e-01	6.619268553455373016e-01	6.619268553455373016e-01	6.636189033906160217e-01	6.619268553455373016e-01	6.619268553455373016e-01	6.619268553455373016e-01	6.295389098902830494e-01	6.474715783174269657e-01	6.619268553455373016e-01	6.536394963548900483e-01	6.595172321297529949e-01	6.619268553455373016e-01	6.545963596858059841e-01	7.109968958296779551e-01	6.619268553455373016e-01	6.768305696404259830e-01	6.989658742885950238e-01	6.619268553455373016e-01	6.619268553455373016e-01	7.986579804370510516e-01	8.027231455711409946e-01	6.619268553455373016e-01	6.619268553455373016e-01	6.417383845317280455e-01	7.200970590900579449e-01	6.619268553455373016e-01	7.405853334919330067e-01
6.619268553455373016e-01	1.000000000000000000e+00	7.970377696582710003e-01	6.619268553455373016e-01	6.984522902778089737e-01	6.899367991274679701e-01	6.816729748704269953e-01	7.079789994423579813e-01	6.619268553455373016e-01	6.619268553455373016e-01	7.045032452873249973e-01	6.619268553455373016e-01	6.768075255667740375e-01	6.384363047914219935e-01	6.619268553455373016e-01	6.619268553455373016e-01	6.619268553455373016e-01	6.619268553455373016e-01	6.609154913896559957e-01	6.942944130068019470e-01	6.619268553455373016e-01	6.905722930842169704e-01	7.102195550792530510e-01	6.942700323021480102e-01	6.619268553455373016e-01	7.016140441816369755e-01	6.594150236917259988e-01	6.994690666177759697e-01	6.614640494770159806e-01	6.619268553455373016e-01	6.730363785619110084e-01	6.458468577899589835e-01	6.425235106858500078e-01	6.619268553455373016e-01	6.753584283102570529e-01	6.568614968116039954e-01	6.883582521038169588e-01	6.738329143567169943e-01	6.829301361983060037e-01	6.619268553455373016e-01	6.619268553455373016e-01	6.457768178814039528e-01	6.619268553455373016e-01	6.761186301245279973e-01	6.619268553455373016e-01	6.587506095209669787e-01	6.619268553455373016e-01	6.705066397255360355e-01	6.619268553455373016e-01	6.619268553455373016e-01	6.984987615408070338e-01	6.619268553455373016e-01	6.405210288720070144e-01	6.619268553455373016e-01	6.619268553455373016e-01	6.468991702968720503e-01	6.619268553455373016e-01	6.619268553455373016e-01	6.469766870973520101e-01	6.619268553455373016e-01	6.619268553455373016e-01	6.619268553455373016e-01	7.009452668320339530e-01	6.693423088324299552e-01	6.619268553455373016e-01	6.819626278699090216e-01	6.559262474115860053e-01	6.615390920534619523e-01	6.358298542779550200e-01	6.631622980730540462e-01	6.619268553455373016e-01	6.922222608069410477e-01	6.619268553455373016e-01	6.619268553455373016e-01	6.310682688007079877e-01	6.549095014148610394e-01	6.619268553455373016e-01	6.289499264572649961e-01	6.619268553455373016e-01	6.619268553455373016e-01	6.843563699587229543e-01	6.619268553455373016e-01	6.619268553455373016e-01	6.619268553455373016e-01	6.660361737851290265e-01	6.619268553455373016e-01	6.670445382932570499e-01	6.592156849254580120e-01	8.070517191128779855e-01	6.619268553455373016e-01	6.619268553455373016e-01	6.347978677780869994e-01	6.347909244586169564e-01	6.260587268911610437e-01	6.619268553455373016e-01	6.243847903068010519e-01	6.715868291685109792e-01	6.416878460222940062e-01	6.619268553455373016e-01	6.756034023124040111e-01	6.474366927288930373e-01	6.619268553455373016e-01	6.619268553455373016e-01	6.192136552457230270e-01	6.619268553455373016e-01	6.469297770072589548e-01	6.619268553455373016e-01	6.619268553455373016e-01	6.432327367637159510e-01	6.619268553455373016e-01	6.899452777116450441e-01	6.619268553455373016e-01	6.619268553455373016e-01	6.862828400119019845e-01	6.798193194322279531e-01	7.911270560235179605e-01	6.619268553455373016e-01	8.022500284254060476e-01	6.619268553455373016e-01	6.619268553455373016e-01	6.619268553455373016e-01	6.619268553455373016e-01	7.134401588683080275e-01	7.154611589023780471e-01
8.185061410891809608e-01	7.970377696582710003e-01	1.000000000000000000e+00	6.619268553455373016e-01	6.619268553455373016e-01	6.619268553455373016e-01	6.794559110714190053e-01	6.619268553455373016e-01	6.619268553455373016e-01	6.619268553455373016e-01	6.619268553455373016e-01	6.619268553455373016e-01	6.877195834211069503e-01	6.199327309152650178e-01	6.689479038981770431e-01	6.619268553455373016e-01	6.474195350575330243e-01	6.228301659373649546e-01	6.674027466200900260e-01	6.619268553455373016e-01	6.409165037922189834e-01	6.619268553455373016e-01	6.932344711763209766e-01	6.619268553455373016e-01	6.919742571141890286e-01	6.619268553455373016e-01	6.619268553455373016e-01	6.619268553455373016e-01	6.495865164475900233e-01	6.619268553455373016e-01	6.619268553455373016e-01	6.562745140819089551e-01	6.619268553455373016e-01	7.282900092489520416e-01	6.692053998123510539e-01	6.662832189387980497e-01	6.808173377199370213e-01	6.836640155841250399e-01	6.870194908203489659e-01	6.734152717794309462e-01	6.619268553455373016e-01	6.619268553455373016e-01	6.808745411190030294e-01	6.619268553455373016e-01	6.619268553455373016e-01	6.545946249509090320e-01	6.619268553455373016e-01	6.553339747858060171e-01	6.619268553455373016e-01	6.981447363304720266e-01	7.122542394204139926e-01	6.619268553455373016e-01	6.619268553455373016e-01	6.619268553455373016e-01	6.619268553455373016e-01	6.595788773509639880e-01	6.619268553455373016e-01	6.619268553455373016e-01	6.544398889702589539e-01	6.594266895328290135e-01	6.773814333065300008e-01	6.619268553455373016e-01	6.619268553455373016e-01	6.619268553455373016e-01	6.354338830659399528e-01	6.619268553455373016e-01	6.680009025704359837e-01	6.619268553455373016e-01	6.491637258387019660e-01	6.619268553455373016e-01	6.619268553455373016e-01	6.773799602594600122e-01	6.648457585255389546e-01	6.619268553455373016e-01	6.619268553455373016e-01	6.619268553455373016e-01	6.619268553455373016e-01	6.619268553455373016e-01	6.679350477505999750e-01	6.518360349192200420e-01	6.619268553455373016e-01	6.583475033699139889e-01	6.532812573327999583e-01	6.898997249390550479e-01	6.450432670364260046e-01	6.579500255820649457e-01	6.885136538802549833e-01	6.619268553455373016e-01	7.888871476470850075e-01	6.759559555834909750e-01	6.619268553455373016e-01	6.619268553455373016e-01	6.619268553455373016e-01	6.619268553455373016e-01	5.884561882514910414e-01	6.277267035789360072e-01	6.625181202965469973e-01	6.319832143623119736e-01	6.619268553455373016e-01	6.650863127027729638e-01	6.619268553455373016e-01	6.619268553455373016e-01	6.619268553455373016e-01	6.619268553455373016e-01	6.338186309989169986e-01	6.446689591492229532e-01	6.643491699859319644e-01	6.567394657281580006e-01	6.619268553455373016e-01	6.315178614638989885e-01	6.915379144748270424e-01	7.017899202857760255e-01	6.619268553455373016e-01	7.016320105051819800e-01	6.619268553455373016e-01	7.722357322277759728e-01	7.623677466053859764e-01	8.044083587664979662e-01	6.619268553455373016e-01	6.948849001597759978e-01	6.619268553455373016e-01	7.117660048815750429e-01	7.120751421587789842e-01	6.619268553455373016e-01
6.563778433582949656e-01	6.619268553455373016e-01	6.619268553455373016e-01	9.999999999999980016e-01	6.619268553455373016e-01	6.043980900903499487e-01	6.619268553455373016e-01	6.101433766403330239e-01	6.619268553455373016e-01	6.619268553455373016e-01	6.619268553455373016e-01	6.619268553455373016e-01	6.619268553455373016e-01	6.724238694464429456e-01	6.784377032901339755e-01	6.584255169570529809e-01	6.619268553455373016e-01	6.898701955340099667e-01	6.944435962719900379e-01	6.619268553455373016e-01	6.619268553455373016e-01	6.727743969946420322e-01	6.328696865123110138e-01	6.619268553455373016e-01	6.014319458046100131e-01	6.458739244462170515e-01	6.311415329618279557e-01	6.358909313112629524e-01	6.771144731706639774e-01	6.783570820790719713e-01	6.619268553455373016e-01	6.619268553455373016e-01	6.376791258453780031e-01	6.619268553455373016e-01	6.619268553455373016e-01	6.583340293630569606e-01	6.775610912422039833e-01	6.236696936247539957e-01	6.619268553455373016e-01	6.213144778515989897e-01	6.619268553455373016e-01	5.950903726010390304e-01	6.619268553455373016e-01	6.619268553455373016e-01	6.412048494259620091e-01	6.337073503006049879e-01	6.100798044478129567e-01	6.619268553455373016e-01	6.619268553455373016e-01	6.619268553455373016e-01	6.619268553455373016e-01	6.581916063476129786e-01	5.988633089127429754e-01	6.058074522146009722e-01	6.155896702810740306e-01	6.619268553455373016e-01	6.527409360685030304e-01	6.619268553455373016e-01	6.619268553455373016e-01	6.046664640461290041e-01	6.380560693608460232e-01	6.619268553455373016e-01	5.943146441960299731e-01	6.619268553455373016e-01	5.974823635794049848e-01	6.719988324807889546e-01	6.600494304698389936e-01	6.619268553455373016e-01	6.838010210886450446e-01	6.116434466959349558e-01	6.259474969795839616e-01	6.619268553455373016e-01	6.619268553455373016e-01	6.619268553455373016e-01	6.619268553455373016e-01	6.619268553455373016e-01	6.619268553455373016e-01	6.503753297007860423e-01	6.331613792623159709e-01	6.619268553455373016e-01	6.239373377005760224e-01	5.698061725565359836e-01	6.619268553455373016e-01	6.619268553455373016e-01	6.262043055375560163e-01	6.619268553455373016e-01	6.619268553455373016e-01	6.619268553455373016e-01	6.483718270018179464e-01	6.619268553455373016e-01	6.613899317319580362e-01	6.518700658317739816e-01	6.074331936022989709e-01	6.301841344539820255e-01	5.714523486875680014e-01	6.317604571686340487e-01	6.524035402380350401e-01	6.619268553455373016e-01	6.619268553455373016e-01	6.619268553455373016e-01	5.888923476988350281e-01	6.619268553455373016e-01	6.619268553455373016e-01	6.619268553455373016e-01	6.029016117791210494e-01	6.619268553455373016e-01	6.619268553455373016e-01	6.619268553455373016e-01	6.796938084295299776e-01	6.619268553455373016e-01	6.619268553455373016e-01	6.619268553455373016e-01	6.684697080971200300e-01	6.590949422466400032e-01	6.392500624789030361e-01	6.619268553455373016e-01	6.561336024794940380e-01	6.619268553455373016e-01	6.619268553455373016e-01	6.619268553455373016e-01	6.157391365429260022e-01	6.619268553455373016e-01	6.619268553455373016e-01	6.446033138503830529e-01
7.038295853361680177e-01	6.984522902778089737e-01	6.619268553455373016e-01	6.619268553455373016e-01	9.999999999999980016e-01	6.619268553455373016e-01	6.619268553455373016e-01	7.355272375743010516e-01	6.619268553455373016e-01	7.152173251115210295e-01	6.619268553455373016e-01	6.619268553455373016e-01	6.619268553455373016e-01	6.619268553455373016e-01	6.619268553455373016e-01	6.594066061730530226e-01	6.369491267112490362e-01	6.619268553455373016e-01	6.619268553455373016e-01	6.619268553455373016e-01	6.359587680006140165e-01	6.619268553455373016e-01	6.619268553455373016e-01	6.619268553455373016e-01	6.619268553455373016e-01	7.601960393385199799e-01	5.924738104363499458e-01	6.805058153410870059e-01	6.213821606883179749e-01	6.619268553455373016e-01	6.391242898700639774e-01	6.242576271041230251e-01	5.833602670906830046e-01	6.619268553455373016e-01	6.378259422697070136e-01	6.619268553455373016e-01	6.619268553455373016e-01	6.260170550200809814e-01	6.619268553455373016e-01	5.997368959970490465e-01	6.619268553455373016e-01	6.619268553455373016e-01	6.619268553455373016e-01	6.619268553455373016e-01	5.653240597027660019e-01	6.619268553455373016e-01	6.619268553455373016e-01	6.619268553455373016e-01	6.619268553455373016e-01	6.230731258749649948e-01	6.786627159231070072e-01	6.619268553455373016e-01	6.619268553455373016e-01	6.619268553455373016e-01	6.803065941020619567e-01	6.619268553455373016e-01	6.852394996501780522e-01	6.619268553455373016e-01	6.215523670683410495e-01	6.619268553455373016e-01	6.623317383636609934e-01	6.619268553455373016e-01	6.619268553455373016e-01	6.655589803912289604e-01	6.619268553455373016e-01	6.619268553455373016e-01	6.170090006972099861e-01	6.637357002912029902e-01	6.393604246106839861e-01	6.619268553455373016e-01	6.687449642682470330e-01	6.822677107573500432e-01	6.619268553455373016e-01	6.619268553455373016e-01	6.334229310390979695e-01	6.619268553455373016e-01	7.075922990535290502e-01	6.370283570300919740e-01	6.758960495450549999e-01	6.619268553455373016e-01	6.619268553455373016e-01	6.619268553455373016e-01	6.619268553455373016e-01	6.619268553455373016e-01	6.350873570154670356e-01	6.619268553455373016e-01	6.686889400694580043e-01	6.619268553455373016e-01	7.328315680504150498e-01	6.421823155578220144e-01	6.914489450348120236e-01	6.524485489188900367e-01	6.250798733952369624e-01	6.061111211448839686e-01	6.619268553455373016e-01	6.432331347138789956e-01	6.619268553455373016e-01	6.619268553455373016e-01	6.619268553455373016e-01	6.619268553455373016e-01	6.619268553455373016e-01	6.775359169390039460e-01	6.619268553455373016e-01	6.619268553455373016e-01	6.619268553455373016e-01	6.466505440468750532e-01	6.619268553455373016e-01	6.619268553455373016e-01	6.079761586594899514e-01	6.069899195353489763e-01	6.619268553455373016e-01	6.619268553455373016e-01	6.616835663388259681e-01	6.544334894920099677e-01	6.545130332158010100e-01	7.143629446125200344e-01	6.607072178572519494e-01	6.619268553455373016e-01	6.619268553455373016e-01	6.784200545508789482e-01	6.619268553455373016e-01	7.101591966961610103e-01	6.643749130991269958e-01	7.084002604969550365e-01
6.809980607195279534e-01	6.899367991274679701e-01	6.619268553455373016e-01	6.043980900903499487e-01	6.619268553455373016e-01	9.999999999999980016e-01	6.619268553455373016e-01	6.453095057616450303e-01	6.619268553455373016e-01	6.426395934741050420e-01	6.619268553455373016e-01	6.619268553455373016e-01	6.619268553455373016e-01	6.619268553455373016e-01	6.619268553455373016e-01	6.358163227353289537e-01	6.619268553455373016e-01	6.619268553455373016e-01	6.128790739442649960e-01	6.737563642508880291e-01	6.604230753646710417e-01	6.619268553455373016e-01	6.290518221339590488e-01	6.317053919985570198e-01	6.619268553455373016e-01	6.778564823477060131e-01	6.619268553455373016e-01	6.302052903054380373e-01	5.984964377938190028e-01	6.619268553455373016e-01	6.619268553455373016e-01	6.137652581458500345e-01	6.619268553455373016e-01	6.988284596346749922e-01	6.314241518987919743e-01	6.104708628213389998e-01	6.221586034869439619e-01	6.098354956040840102e-01	6.330071081897760132e-01	6.279535289485279614e-01	6.619268553455373016e-01	6.847572275237829853e-01	6.619268553455373016e-01	6.677496113327999749e-01	5.779068984108479690e-01	6.619268553455373016e-01	5.951267788663170411e-01	6.619268553455373016e-01	6.767138796867590012e-01	6.549520619634540131e-01	6.644676326700440505e-01	7.138945806134689986e-01	6.281735017059250081e-01	6.619268553455373016e-01	6.662943430355799945e-01	6.870226812660580329e-01	6.619268553455373016e-01	5.878989947545479877e-01	6.115864765350239596e-01	6.619268553455373016e-01	6.760270594467290284e-01	6.179459464804649693e-01	6.619268553455373016e-01	6.405817775721980301e-01	5.882051211709610206e-01	6.619268553455373016e-01	6.619268553455373016e-01	6.699781013623880010e-01	6.364175122467690127e-01	6.619268553455373016e-01	6.610123134844200221e-01	6.619268553455373016e-01	6.619268553455373016e-01	6.619268553455373016e-01	6.619268553455373016e-01	6.758393811978230525e-01	6.619268553455373016e-01	6.619268553455373016e-01	7.044012672450069568e-01	6.179431627767080215e-01	6.832617718801220486e-01	6.619268553455373016e-01	6.619268553455373016e-01	6.619268553455373016e-01	5.902456686821899723e-01	6.635461267299850308e-01	6.970944020902649640e-01	7.104075480276480503e-01	6.930596388739780345e-01	6.731981938984540337e-01	6.619268553455373016e-01	6.739739716871110398e-01	6.619268553455373016e-01	5.751665450138260249e-01	6.619268553455373016e-01	6.735847786901719703e-01	6.619268553455373016e-01	6.331258428699140239e-01	6.619268553455373016e-01	7.250456700238669949e-01	6.876864431771030350e-01	6.619268553455373016e-01	6.491660224400549462e-01	5.901384989367619571e-01	6.619268553455373016e-01	6.619268553455373016e-01	7.111830797056259978e-01	6.353681336329629614e-01	5.866551060375589932e-01	6.619268553455373016e-01	6.619268553455373016e-01	6.538950125315440287e-01	6.519570274986740133e-01	7.067859007509169622e-01	6.729784773542090148e-01	6.619268553455373016e-01	6.554021598299499818e-01	6.619268553455373016e-01	6.827659791555690250e-01	6.619268553455373016e-01	7.037612738070639917e-01	6.619268553455373016e-01	6.619268553455373016e-01	6.577914781265800093e-01
6.619268553455373016e-01	6.816729748704269953e-01	6.794559110714190053e-01	6.619268553455373016e-01	6.619268553455373016e-01	6.619268553455373016e-01	9.999999999999990008e-01	6.619268553455373016e-01	7.308190037720440069e-01	6.619268553455373016e-01	6.619268553455373016e-01	6.619268553455373016e-01	6.619268553455373016e-01	6.619268553455373016e-01	6.568788716055009580e-01	6.619268553455373016e-01	6.619268553455373016e-01	6.028074023554269578e-01	6.022856628546690017e-01	7.426135682408430139e-01	6.619268553455373016e-01	6.302196502416990143e-01	6.619268553455373016e-01	6.619268553455373016e-01	6.619268553455373016e-01	7.523199806889879770e-01	5.884939601612100279e-01	6.833183091281319621e-01	6.619268553455373016e-01	6.257202132936989791e-01	6.380103954383929965e-01	6.619268553455373016e-01	5.723470010402780250e-01	6.619268553455373016e-01	6.298424858083729871e-01	5.799918118940540213e-01	6.619268553455373016e-01	6.131908821853859770e-01	6.326909339484150241e-01	6.619268553455373016e-01	6.482553472133220085e-01	7.503989776076660512e-01	7.008294695139599684e-01	6.619268553455373016e-01	6.619268553455373016e-01	6.619268553455373016e-01	6.619268553455373016e-01	6.619268553455373016e-01	6.619268553455373016e-01	6.619268553455373016e-01	6.619268553455373016e-01	6.619268553455373016e-01	6.206739860633939676e-01	6.619268553455373016e-01	6.674338763464969793e-01	6.496023215630649661e-01	6.748821633928530073e-01	6.027610516554410269e-01	6.619268553455373016e-01	6.619268553455373016e-01	6.718300758875920264e-01	6.619268553455373016e-01	6.619268553455373016e-01	6.619268553455373016e-01	5.869894421833500298e-01	6.863313953023050251e-01	6.154538464426959621e-01	6.619268553455373016e-01	6.410371775690989482e-01	6.619268553455373016e-01	6.499394908761639833e-01	6.563495628190819664e-01	6.272718893350199831e-01	6.478218389913590336e-01	6.619268553455373016e-01	6.722533529057399537e-01	6.988311746450950324e-01	6.619268553455373016e-01	6.619268553455373016e-01	6.619268553455373016e-01	7.479087294248699669e-01	6.331216416069850306e-01	6.163755113725920554e-01	6.619268553455373016e-01	6.619268553455373016e-01	6.619268553455373016e-01	6.619268553455373016e-01	6.619268553455373016e-01	6.966525112155740329e-01	6.486613070019130456e-01	6.619268553455373016e-01	6.619268553455373016e-01	6.223055841640230401e-01	5.873174545852529738e-01	6.619268553455373016e-01	6.487243888317679730e-01	6.777560762864449639e-01	6.619268553455373016e-01	6.619268553455373016e-01	6.619268553455373016e-01	6.619268553455373016e-01	6.687040556575399863e-01	6.474594573143590548e-01	5.878453982618410123e-01	6.653730027428680360e-01	6.439791313804640316e-01	6.691476826010189782e-01	6.619268553455373016e-01	6.619268553455373016e-01	6.619268553455373016e-01	6.181029391451310362e-01	6.619268553455373016e-01	6.619268553455373016e-01	6.556269231051670143e-01	6.619268553455373016e-01	7.031681109300189636e-01	6.619268553455373016e-01	6.948641215966450124e-01	6.896600683529390263e-01	6.684136230713569882e-01	6.619268553455373016e-01	7.019984957644650470e-01	6.540420658467279713e-01	6.619268553455373016e-01
6.619268553455373016e-01	7.079789994423579813e-01	6.619268553455373016e-01	6.101433766403330239e-01	7.355272375743010516e-01	6.453095057616450303e-01	6.619268553455373016e-01	1.000000000000000000e+00	6.619268553455373016e-01	6.619268553455373016e-01	6.619268553455373016e-01	6.619268553455373016e-01	6.631429168989919631e-01	6.619268553455373016e-01	6.860003863169320537e-01	6.840982777127320169e-01	6.619268553455373016e-01	6.619268553455373016e-01	6.266214083535780466e-01	7.001286532731879619e-01	6.619268553455373016e-01	6.614388314470029950e-01	7.564944738580610117e-01	6.801745877951249630e-01	6.619268553455373016e-01	6.619268553455373016e-01	6.619268553455373016e-01	7.549345763982699964e-01	6.619268553455373016e-01	6.619268553455373016e-01	6.885811814937400355e-01	6.152120684545729912e-01	6.619268553455373016e-01	6.717714006985090469e-01	6.619268553455373016e-01	6.619268553455373016e-01	6.602203448309450495e-01	6.619268553455373016e-01	6.619268553455373016e-01	6.619268553455373016e-01	6.619268553455373016e-01	7.070747342523400203e-01	6.619268553455373016e-01	6.619268553455373016e-01	6.619268553455373016e-01	6.619268553455373016e-01	6.619268553455373016e-01	6.521509340211160133e-01	6.602341305803219873e-01	6.619268553455373016e-01	6.619268553455373016e-01	6.619268553455373016e-01	6.619268553455373016e-01	6.619268553455373016e-01	6.619268553455373016e-01	6.306287443001280524e-01	6.619268553455373016e-01	6.619268553455373016e-01	6.294709131640600086e-01	6.352129550098549737e-01	6.619268553455373016e-01	6.619268553455373016e-01	7.193139540569849499e-01	6.619268553455373016e-01	6.094829676042200495e-01	6.657169097270669855e-01	6.750851955703679463e-01	6.619268553455373016e-01	6.213979183433260278e-01	6.619268553455373016e-01	6.245552398969830277e-01	6.619268553455373016e-01	6.393902785078879880e-01	6.689095813207199814e-01	6.619268553455373016e-01	6.619268553455373016e-01	7.256635566220469569e-01	6.174909877088949894e-01	6.451381677775289702e-01	6.345947409072469902e-01	7.033537954762330013e-01	6.619268553455373016e-01	6.619268553455373016e-01	7.111899434744000104e-01	6.619268553455373016e-01	6.619268553455373016e-01	6.619268553455373016e-01	6.619268553455373016e-01	7.405854679102069626e-01	6.336543830657880294e-01	6.768314670732750171e-01	6.619268553455373016e-01	6.619268553455373016e-01	5.929158402757610524e-01	6.619268553455373016e-01	6.114223033288329612e-01	6.619268553455373016e-01	6.619268553455373016e-01	6.217610133187839727e-01	6.501101147796719548e-01	6.619268553455373016e-01	6.619268553455373016e-01	6.619268553455373016e-01	6.619268553455373016e-01	6.311645772258900333e-01	6.619268553455373016e-01	6.371709028712609912e-01	6.619268553455373016e-01	6.428416619201039461e-01	6.319579438806719462e-01	6.619268553455373016e-01	6.619268553455373016e-01	6.619268553455373016e-01	6.453276474868300250e-01	6.771406854185759716e-01	7.136812347449249527e-01	6.836763990778009781e-01	7.049943215103070537e-01	6.619268553455373016e-01	7.089915432183799826e-01	6.619268553455373016e-01	6.619268553455373016e-01	6.619268553455373016e-01	7.200753889618489723e-01
7.248013164861409896e-01	6.619268553455373016e-01	6.619268553455373016e-01	6.619268553455373016e-01	6.619268553455373016e-01	6.619268553455373016e-01	7.308190037720440069e-01	6.619268553455373016e-01	1.000000000000000000e+00	7.343528234844830527e-01	6.717711670317250139e-01	6.971862675536020237e-01	6.584361384488459645e-01	5.905110501845020066e-01	6.619268553455373016e-01	6.619268553455373016e-01	6.619268553455373016e-01	6.026865965300469696e-01	6.619268553455373016e-01	6.898800667377830154e-01	6.619268553455373016e-01	6.614859194003019915e-01	6.619268553455373016e-01	6.863025615515599975e-01	7.545385266746390540e-01	6.619268553455373016e-01	6.619268553455373016e-01	6.619268553455373016e-01	6.619268553455373016e-01	6.886058299585590126e-01	6.866324645723259623e-01	6.619268553455373016e-01	6.619268553455373016e-01	6.996850521753269492e-01	6.619268553455373016e-01	6.307028392668130312e-01	6.619268553455373016e-01	6.787493362244709783e-01	6.619268553455373016e-01	6.324204332913280213e-01	6.619268553455373016e-01	6.619268553455373016e-01	6.941200884664679993e-01	6.619268553455373016e-01	5.996027652331390456e-01	6.894470279667600510e-01	6.345635858796889739e-01	6.450624962626000380e-01	6.780300914618709873e-01	6.619268553455373016e-01	6.619268553455373016e-01	6.619268553455373016e-01	5.923087967320550540e-01	6.258566540140479972e-01	6.619268553455373016e-01	6.619268553455373016e-01	6.587014400793019808e-01	6.619268553455373016e-01	6.619268553455373016e-01	6.364381672300130077e-01	6.619268553455373016e-01	6.255852271660350405e-01	6.619268553455373016e-01	6.619268553455373016e-01	6.619268553455373016e-01	6.667692438005869970e-01	6.748896023814699996e-01	6.619268553455373016e-01	6.619268553455373016e-01	6.417480548139390395e-01	6.619268553455373016e-01	6.572959133101109463e-01	6.432787315097050485e-01	6.619268553455373016e-01	6.619268553455373016e-01	6.381791022382480305e-01	7.162407051228919519e-01	6.619268553455373016e-01	6.619268553455373016e-01	6.619268553455373016e-01	6.619268553455373016e-01	6.485798936403309733e-01	6.619268553455373016e-01	7.052368446919400347e-01	6.619268553455373016e-01	6.375005770950620265e-01	6.619268553455373016e-01	6.619268553455373016e-01	7.335408858019789591e-01	6.619268553455373016e-01	6.836575458850580045e-01	6.214798598960940001e-01	6.619268553455373016e-01	6.619268553455373016e-01	6.619268553455373016e-01	6.104304337934739477e-01	6.619268553455373016e-01	6.619268553455373016e-01	6.221104393504059971e-01	6.619268553455373016e-01	6.619268553455373016e-01	6.129574072670750384e-01	6.619268553455373016e-01	6.141753286716800098e-01	6.223723438114350248e-01	6.061594883098599951e-01	6.619268553455373016e-01	6.619268553455373016e-01	6.450295335283050546e-01	6.380643324580800302e-01	6.844449262349799890e-01	6.619268553455373016e-01	6.619268553455373016e-01	6.619268553455373016e-01	6.619268553455373016e-01	7.073311819617850160e-01	6.619268553455373016e-01	7.027203374399020319e-01	6.619268553455373016e-01	7.258097003407240067e-01	6.090135610963139934e-01	6.619268553455373016e-01	7.064089121886120148e-01	6.619268553455373016e-01
6.619268553455373016e-01	6.619268553455373016e-01	6.619268553455373016e-01	6.619268553455373016e-01	7.152173251115210295e-01	6.426395934741050420e-01	6.619268553455373016e-01	6.619268553455373016e-01	7.343528234844830527e-01	1.000000000000000000e+00	7.119785354403620481e-01	6.619268553455373016e-01	6.569518586957100448e-01	5.967541256586760268e-01	6.619268553455373016e-01	6.777273978138019794e-01	6.203342300905539952e-01	6.619268553455373016e-01	6.547387388354639626e-01	7.039527207961140398e-01	6.173468092146210395e-01	6.768170917989579927e-01	6.619268553455373016e-01	6.872121867658510519e-01	6.619268553455373016e-01	7.318404129914809486e-01	6.690917354938139550e-01	7.349473168420039837e-01	6.619268553455373016e-01	6.619268553455373016e-01	6.619268553455373016e-01	6.619268553455373016e-01	6.619268553455373016e-01	6.878599126168439826e-01	6.619268553455373016e-01	6.619268553455373016e-01	6.719160391240239782e-01	6.895565298179060498e-01	6.619268553455373016e-01	6.142671713306280257e-01	6.619268553455373016e-01	6.619268553455373016e-01	6.619268553455373016e-01	6.619268553455373016e-01	6.619268553455373016e-01	6.603790456835679779e-01	6.619268553455373016e-01	6.456165268858149453e-01	6.745820639418760312e-01	6.619268553455373016e-01	7.012980246667820383e-01	6.205419756584139579e-01	6.619268553455373016e-01	6.235298448916239966e-01	6.619268553455373016e-01	6.266283057086200481e-01	6.627111396624439932e-01	6.358195041129459657e-01	6.175487746327610328e-01	6.619268553455373016e-01	6.619268553455373016e-01	6.619268553455373016e-01	6.984755085243640194e-01	6.619268553455373016e-01	6.619268553455373016e-01	6.619268553455373016e-01	6.619268553455373016e-01	6.547645156169490388e-01	6.148120831925969476e-01	6.619268553455373016e-01	6.211046335880100466e-01	6.634172497512640376e-01	6.619268553455373016e-01	6.575509179970010498e-01	6.100560711486100463e-01	6.413617558016919684e-01	7.270245485183769452e-01	6.619268553455373016e-01	6.347910811088329774e-01	6.619268553455373016e-01	6.619268553455373016e-01	6.504007288838740131e-01	6.405930650737780008e-01	6.619268553455373016e-01	6.619268553455373016e-01	6.619268553455373016e-01	6.619268553455373016e-01	6.619268553455373016e-01	7.375717452612009506e-01	6.619268553455373016e-01	6.703395291900720032e-01	6.137033073331490396e-01	5.843743806599640545e-01	6.619268553455373016e-01	6.619268553455373016e-01	6.619268553455373016e-01	6.335824703111430090e-01	6.286859144833899515e-01	6.203144794136340456e-01	6.619268553455373016e-01	6.619268553455373016e-01	6.062438843873589889e-01	6.619268553455373016e-01	5.951357698760439963e-01	6.254033677758870091e-01	6.089524580982069724e-01	6.619268553455373016e-01	6.619268553455373016e-01	6.619268553455373016e-01	6.398622478241470235e-01	6.798672757692629798e-01	6.619268553455373016e-01	6.419712950657889827e-01	6.616028202610869657e-01	6.710148581823169867e-01	7.198365228305689811e-01	6.924468733397259879e-01	6.619268553455373016e-01	6.619268553455373016e-01	7.129362424992029545e-01	6.619268553455373016e-01	7.067554208401569671e-01	7.225917350707180553e-01	7.321859697751049723e-01
6.619268553455373016e-01	7.045032452873249973e-01	6.619268553455373016e-01	6.619268553455373016e-01	6.619268553455373016e-01	6.619268553455373016e-01	6.619268553455373016e-01	6.619268553455373016e-01	6.717711670317250139e-01	7.119785354403620481e-01	1.000000000000000000e+00	7.342883868852879692e-01	6.872990918287249507e-01	6.619268553455373016e-01	6.619268553455373016e-01	6.619268553455373016e-01	6.619268553455373016e-01	5.859156928141450171e-01	6.315675412162810032e-01	6.619268553455373016e-01	6.463817780773279953e-01	6.619268553455373016e-01	6.619268553455373016e-01	6.536483162543630376e-01	6.821186216644810063e-01	7.311711377386950206e-01	6.342290644766049867e-01	6.784292138270939798e-01	6.619268553455373016e-01	6.568501527839250009e-01	6.619268553455373016e-01	6.619268553455373016e-01	5.958701384285990388e-01	6.897120920214659945e-01	6.151098380928700093e-01	6.303450951349980347e-01	6.468773359456010397e-01	6.619268553455373016e-01	6.619268553455373016e-01	6.164547181714770119e-01	6.424370075481929954e-01	6.619268553455373016e-01	6.848339893646140375e-01	6.619268553455373016e-01	6.619268553455373016e-01	6.486107211441609621e-01	6.619268553455373016e-01	6.719698509881300019e-01	6.619268553455373016e-01	6.619268553455373016e-01	6.619268553455373016e-01	6.619268553455373016e-01	6.619268553455373016e-01	6.619268553455373016e-01	6.619268553455373016e-01	6.619268553455373016e-01	6.833495440050240122e-01	6.297011105573500078e-01	6.270535216907739962e-01	6.619268553455373016e-01	6.619268553455373016e-01	6.619268553455373016e-01	6.992998411090860511e-01	6.516340544669400048e-01	6.619268553455373016e-01	6.619268553455373016e-01	6.619268553455373016e-01	6.935055995270370532e-01	6.511702591023950104e-01	6.619268553455373016e-01	6.619268553455373016e-01	6.687392400191940478e-01	6.619268553455373016e-01	6.619268553455373016e-01	6.619268553455373016e-01	6.760851204268589765e-01	6.619268553455373016e-01	6.124940772397069466e-01	6.619268553455373016e-01	6.619268553455373016e-01	7.220860929555480423e-01	6.619268553455373016e-01	6.619268553455373016e-01	6.619268553455373016e-01	6.402051762217280118e-01	6.244347317774220363e-01	6.632617111330439963e-01	6.367393924948420159e-01	6.619268553455373016e-01	6.640168600983720193e-01	6.849364350276020419e-01	6.619268553455373016e-01	6.619268553455373016e-01	5.764016494577739458e-01	6.619268553455373016e-01	6.619268553455373016e-01	6.581812120126550036e-01	6.619268553455373016e-01	6.619268553455373016e-01	6.926783339232990278e-01	6.619268553455373016e-01	6.500668504324289554e-01	6.619268553455373016e-01	6.106056717776969789e-01	6.619268553455373016e-01	6.423457199340090185e-01	6.451370807884999614e-01	6.504031682639119794e-01	6.215848911253579745e-01	6.619268553455373016e-01	6.206940177867550368e-01	6.745813748127149623e-01	6.441656007984239984e-01	6.619268553455373016e-01	6.619268553455373016e-01	6.619268553455373016e-01	6.607579306237929551e-01	7.080659993940280339e-01	7.149560454242069873e-01	6.619268553455373016e-01	6.548193193170790405e-01	6.995333114522620521e-01	6.755047872724270208e-01	6.619268553455373016e-01
6.619268553455373016e-01	6.619268553455373016e-01	6.619268553455373016e-01	6.619268553455373016e-01	6.619268553455373016e-01	6.619268553455373016e-01	6.619268553455373016e-01	6.619268553455373016e-01	6.971862675536020237e-01	6.619268553455373016e-01	7.342883868852879692e-01	1.000000000000000000e+00	6.619268553455373016e-01	6.473781918683190195e-01	6.619268553455373016e-01	6.340221925223950006e-01	6.338248104386730031e-01	5.660862703632609794e-01	6.212468780168759475e-01	7.371830337682380163e-01	6.538620111187649631e-01	6.357821721313340335e-01	7.063780766026539482e-01	6.619268553455373016e-01	6.859397444254170528e-01	7.334635476363779993e-01	6.619268553455373016e-01	6.619268553455373016e-01	6.619268553455373016e-01	6.443308103392459962e-01	6.619268553455373016e-01	6.172836543697990397e-01	5.741318791052150150e-01	6.625476397827959607e-01	6.280585979319469603e-01	6.619268553455373016e-01	6.619268553455373016e-01	6.096467669897970287e-01	6.260778341120389889e-01	6.043224845253759581e-01	6.464264411507539831e-01	6.619268553455373016e-01	6.619268553455373016e-01	6.845170932693720456e-01	6.619268553455373016e-01	6.512430681733669680e-01	5.903631046262219906e-01	6.619268553455373016e-01	6.518984207037360479e-01	6.542121364859260213e-01	7.349902959964910165e-01	6.639059969406070350e-01	6.329861400468109744e-01	6.619268553455373016e-01	6.758955899719260030e-01	6.619268553455373016e-01	6.619268553455373016e-01	5.974319427267780203e-01	6.619268553455373016e-01	6.137855276457120368e-01	6.856644736306759524e-01	6.293018728354510261e-01	7.275108821357310074e-01	6.619268553455373016e-01	5.945935469313919919e-01	6.619268553455373016e-01	6.619268553455373016e-01	6.619268553455373016e-01	6.619268553455373016e-01	6.838136137842010243e-01	6.619268553455373016e-01	6.619268553455373016e-01	6.619268553455373016e-01	6.397901245496709910e-01	6.619268553455373016e-01	6.794164771332740216e-01	7.468317379492349639e-01	6.449463538818099861e-01	6.619268553455373016e-01	6.619268553455373016e-01	6.619268553455373016e-01	6.398885601450829963e-01	6.093096862983650164e-01	6.658349818027119449e-01	6.619268553455373016e-01	6.856662320874099548e-01	6.904000925166370317e-01	6.758537551732359816e-01	6.619268553455373016e-01	6.619268553455373016e-01	6.619268553455373016e-01	6.686437991390850044e-01	6.619268553455373016e-01	5.900612579043269523e-01	6.643456352354399908e-01	6.711306048515810474e-01	6.619268553455373016e-01	6.619268553455373016e-01	6.771994053765749699e-01	6.619268553455373016e-01	7.140931019496560284e-01	6.817135150201339977e-01	6.668620497941439851e-01	6.619268553455373016e-01	6.936148902776709813e-01	6.604113632522859989e-01	7.008057687918090028e-01	6.231466728366490404e-01	5.983345823417749454e-01	5.929823585294730082e-01	6.241029119107259771e-01	6.619268553455373016e-01	6.535158190241660003e-01	6.619268553455373016e-01	6.619268553455373016e-01	6.619268553455373016e-01	6.680991437477460382e-01	6.619268553455373016e-01	7.164296138175110240e-01	6.830017928549430017e-01	7.293689094229579561e-01	7.509838453029300531e-01	6.619268553455373016e-01	7.364608888703230161e-01
