1.000000000000000000e+00	4.228086507674799766e-01	5.981029075063842848e-01	5.981029075063842848e-01	7.745754771185000553e-01	5.981029075063842848e-01	6.406906020857040529e-01	5.981029075063842848e-01	5.981029075063842848e-01	5.562142219463079851e-01	8.252020191593339993e-01	3.285938886505569978e-01	5.981029075063842848e-01	1.266015045633659963e-01	8.224029418133289582e-01	6.835844094958669626e-01	6.964529250310409481e-01	5.981029075063842848e-01	5.981029075063842848e-01	7.973838528247449986e-01	3.467315710315240218e-01	5.981029075063842848e-01	5.040936915901780280e-01	5.981029075063842848e-01	7.519875455151190380e-01	8.612904201302870044e-01	5.981029075063842848e-01	5.981029075063842848e-01	5.981029075063842848e-01	6.677002277271969488e-01	5.981029075063842848e-01	8.763292280852029714e-01	8.432347098425080345e-01	6.559905398210710281e-01	5.981029075063842848e-01	8.192268215087950001e-01	5.981029075063842848e-01	5.981029075063842848e-01	8.914538688036719449e-01	5.981029075063842848e-01	5.981029075063842848e-01	5.981029075063842848e-01	5.981029075063842848e-01	8.622330538682529966e-01	5.981029075063842848e-01	3.336646472196839741e-01	4.347264803069920136e-01	8.720083844378649918e-01	5.981029075063842848e-01	5.981029075063842848e-01	8.506111428949679754e-01	7.714311078447929626e-01	6.655764372702589471e-01	8.527888217639190138e-01	8.375926355676700519e-01	5.245839402652530126e-01	5.981029075063842848e-01	5.981029075063842848e-01	5.981029075063842848e-01	8.516934636769769584e-01	5.981029075063842848e-01	5.981029075063842848e-01	8.386469246015370027e-01	5.981029075063842848e-01	5.981029075063842848e-01	5.981029075063842848e-01	5.981029075063842848e-01	5.981029075063842848e-01	7.977764459201049929e-01	5.981029075063842848e-01	8.572019402631000373e-01	5.981029075063842848e-01	5.981029075063842848e-01	5.981029075063842848e-01	2.334118753600269991e-01	3.810598984647460274e-01	8.335197691112220530e-01	8.133727349651590499e-01	5.322459728374000498e-01	8.683378777273069726e-01	8.034688433295590348e-01	5.981029075063842848e-01	7.884019525723530153e-01	5.981029075063842848e-01	8.617262600739310496e-01	8.746832363850010061e-01	5.981029075063842848e-01	7.800063363912459469e-01	1.000000000000000021e-03	5.981029075063842848e-01	4.231180522071300021e-01	4.217059032418269959e-01	8.222848802286579772e-01	8.100985600679969645e-01	5.981029075063842848e-01	8.515711972369339744e-01	5.981029075063842848e-01	8.915209103036200178e-01	5.981029075063842848e-01	7.980873858667949516e-01	5.981029075063842848e-01	5.981029075063842848e-01	8.423934688250559466e-01	5.981029075063842848e-01	8.884118446640469902e-01	8.632003241284590400e-01	3.675551451303240014e-01	5.981029075063842848e-01	5.601600156323790491e-01	5.981029075063842848e-01	5.981029075063842848e-01	6.388972749224609560e-01	5.981029075063842848e-01	4.731058427322770155e-01	3.895920253823870194e-01	5.981029075063842848e-01	8.188068789173430506e-01	8.778762836135359793e-01	8.644404863915670090e-01	8.343749651804710510e-01	4.370598126385479842e-01	8.189468358572520312e-01	5.981029075063842848e-01	8.431078937610519963e-01
4.228086507674799766e-01	1.000000000000000000e+00	6.759444420592229941e-01	4.138601880222440021e-01	5.203441869080019933e-01	5.240176052998499756e-01	5.621510831966569643e-01	5.981029075063842848e-01	5.981029075063842848e-01	6.229261705202769894e-01	5.981029075063842848e-01	5.981029075063842848e-01	5.981029075063842848e-01	5.981029075063842848e-01	3.342925422302759908e-01	5.981029075063842848e-01	5.981029075063842848e-01	4.239113838493139830e-01	3.328399067467049943e-01	5.981029075063842848e-01	4.594568833841010114e-01	3.088353935681940055e-01	5.981029075063842848e-01	5.981029075063842848e-01	5.981029075063842848e-01	5.981029075063842848e-01	5.981029075063842848e-01	4.656771400607179756e-01	5.981029075063842848e-01	5.981029075063842848e-01	5.981029075063842848e-01	5.981029075063842848e-01	3.173431376637820267e-01	5.981029075063842848e-01	5.981029075063842848e-01	5.981029075063842848e-01	4.928315388562469757e-01	5.981029075063842848e-01	5.981029075063842848e-01	5.981029075063842848e-01	3.585630828043980256e-01	5.981029075063842848e-01	5.981029075063842848e-01	5.981029075063842848e-01	3.025720232429779943e-01	5.981029075063842848e-01	5.817667095721099635e-01	3.296964912698959749e-01	5.981029075063842848e-01	5.981029075063842848e-01	3.221962210414299754e-01	3.407835920115789841e-01	5.981029075063842848e-01	3.172433551388070261e-01	5.981029075063842848e-01	5.585577294392880532e-01	3.336076243691940002e-01	3.113794503717939866e-01	5.981029075063842848e-01	3.157849168002829776e-01	5.981029075063842848e-01	5.468558501265390337e-01	3.089557647088849723e-01	5.981029075063842848e-01	5.981029075063842848e-01	6.827110520833760132e-01	5.981029075063842848e-01	5.981029075063842848e-01	5.981029075063842848e-01	5.981029075063842848e-01	5.981029075063842848e-01	3.429876695554249788e-01	2.806851882033529755e-01	5.981029075063842848e-01	5.981029075063842848e-01	5.425696105593079688e-01	3.153555930610419944e-01	3.271727262190339824e-01	5.981029075063842848e-01	5.981029075063842848e-01	5.981029075063842848e-01	2.982815466032859852e-01	5.981029075063842848e-01	5.981029075063842848e-01	5.981029075063842848e-01	5.981029075063842848e-01	2.948490644679149786e-01	5.981029075063842848e-01	5.981029075063842848e-01	6.412076626083870190e-01	5.981029075063842848e-01	5.981029075063842848e-01	4.375501150652519877e-01	5.981029075063842848e-01	5.981029075063842848e-01	2.658551609473410182e-01	4.928888195784080217e-01	2.980980740403689766e-01	3.076910488320350190e-01	5.981029075063842848e-01	4.286968467141339945e-01	5.900783519695760315e-01	5.981029075063842848e-01	5.981029075063842848e-01	5.981029075063842848e-01	5.981029075063842848e-01	5.981029075063842848e-01	3.167145982752139766e-01	5.638600402737039552e-01	2.770116929179560206e-01	3.094377186109890099e-01	5.981029075063842848e-01	5.981029075063842848e-01	5.981029075063842848e-01	5.922972284347040040e-01	5.981029075063842848e-01	3.784170851910589883e-01	5.981029075063842848e-01	4.304442239962210093e-01	5.981029075063842848e-01	5.981029075063842848e-01	5.981029075063842848e-01	5.981029075063842848e-01	3.062555865964179946e-01
5.981029075063842848e-01	6.759444420592229941e-01	1.000000000000000000e+00	5.981029075063842848e-01	6.215011536916410506e-01	5.981029075063842848e-01	5.981029075063842848e-01	5.643613931457619470e-01	6.069641294105390106e-01	6.814054368916030446e-01	5.720761811143250108e-01	6.954204840622609796e-01	5.981029075063842848e-01	5.981029075063842848e-01	5.981029075063842848e-01	5.654040893198409856e-01	5.981029075063842848e-01	5.981029075063842848e-01	5.981029075063842848e-01	5.981029075063842848e-01	5.471812048446960119e-01	3.670378721640569775e-01	6.718027995096079730e-01	6.476708133048000304e-01	5.981029075063842848e-01	3.979939954353050036e-01	4.227826366650260237e-01	5.981029075063842848e-01	5.981029075063842848e-01	5.981029075063842848e-01	5.981029075063842848e-01	3.319037319255739860e-01	3.113368781725370238e-01	5.981029075063842848e-01	5.981029075063842848e-01	5.981029075063842848e-01	5.981029075063842848e-01	5.174813104526280183e-01	3.388530357196180010e-01	5.981029075063842848e-01	5.981029075063842848e-01	6.337076321156419612e-01	4.464488490127470066e-01	3.181077305777860187e-01	3.359650553829949815e-01	5.981029075063842848e-01	7.595205851662040208e-01	3.355748201158360033e-01	6.043018377845880140e-01	7.284629205836899990e-01	5.981029075063842848e-01	5.981029075063842848e-01	5.981029075063842848e-01	3.477999121548029926e-01	3.055717028954439973e-01	7.215042260436099752e-01	3.272666822296509959e-01	3.703195201447789797e-01	3.022784326338039951e-01	3.895547387514459725e-01	3.179968374779689744e-01	7.109524213583400254e-01	3.088691772232929900e-01	5.431559957084279855e-01	6.269721996134880460e-01	6.295105364560570349e-01	5.981029075063842848e-01	6.759952762424179529e-01	5.981029075063842848e-01	5.981029075063842848e-01	3.370762606691720120e-01	5.981029075063842848e-01	3.203381114372049754e-01	5.981029075063842848e-01	5.199565802449439555e-01	5.981029075063842848e-01	5.981029075063842848e-01	5.981029075063842848e-01	5.981029075063842848e-01	5.981029075063842848e-01	5.981029075063842848e-01	3.366709244458970240e-01	5.981029075063842848e-01	5.981029075063842848e-01	5.981029075063842848e-01	3.436871459629329828e-01	3.607119568857780068e-01	5.981029075063842848e-01	1.000000000000000021e-03	6.264537699159220541e-01	5.981029075063842848e-01	5.981029075063842848e-01	4.908678146496109895e-01	5.981029075063842848e-01	5.981029075063842848e-01	3.049268675911759874e-01	5.268590093183349587e-01	3.393932288752299908e-01	5.981029075063842848e-01	4.402987663918500050e-01	4.916268191959520251e-01	6.932843526972729542e-01	3.441385707617909961e-01	6.468787179141679555e-01	3.978715738315730110e-01	5.981029075063842848e-01	5.881411418616260267e-01	3.761601644764510088e-01	5.404187849347009687e-01	5.981029075063842848e-01	5.981029075063842848e-01	4.591554375259659926e-01	5.132498352086489746e-01	5.981029075063842848e-01	5.981029075063842848e-01	5.981029075063842848e-01	3.698160541695399983e-01	5.279298569353619852e-01	5.981029075063842848e-01	3.284411660595660254e-01	5.981029075063842848e-01	3.208334343646629949e-01	5.981029075063842848e-01	3.606330529174480160e-01
5.981029075063842848e-01	4.138601880222440021e-01	5.981029075063842848e-01	1.000000000000000000e+00	5.981029075063842848e-01	5.981029075063842848e-01	5.981029075063842848e-01	6.131785259294599832e-01	5.981029075063842848e-01	6.256405716754519508e-01	5.981029075063842848e-01	5.981029075063842848e-01	5.981029075063842848e-01	2.073743809098350099e-01	5.981029075063842848e-01	5.981029075063842848e-01	5.981029075063842848e-01	3.307801790269899733e-01	5.981029075063842848e-01	5.981029075063842848e-01	5.981029075063842848e-01	6.092048516964170268e-01	5.981029075063842848e-01	6.100509028456040372e-01	6.847584264675540267e-01	5.981029075063842848e-01	6.717890212474569855e-01	5.934605065591750384e-01	5.981029075063842848e-01	6.656173906399790452e-01	6.323098229726209496e-01	5.869240866346839836e-01	5.981029075063842848e-01	5.981029075063842848e-01	5.981029075063842848e-01	5.625278394358810274e-01	6.360949167888410027e-01	5.981029075063842848e-01	5.981029075063842848e-01	6.361297072048179846e-01	5.981029075063842848e-01	5.981029075063842848e-01	5.981029075063842848e-01	5.715289006869560540e-01	5.981029075063842848e-01	4.270966931562290014e-01	5.981029075063842848e-01	5.981029075063842848e-01	6.976013495714380452e-01	5.981029075063842848e-01	5.981029075063842848e-01	6.031420487968229827e-01	5.870203951387079622e-01	5.981029075063842848e-01	5.525303712580400539e-01	5.981029075063842848e-01	5.827339885838389577e-01	6.073418540808459554e-01	5.639525641932270350e-01	6.156147211004290298e-01	5.981029075063842848e-01	5.981029075063842848e-01	5.981029075063842848e-01	5.981029075063842848e-01	6.508578050252730174e-01	5.981029075063842848e-01	5.981029075063842848e-01	5.887808039036299679e-01	5.981029075063842848e-01	5.315150931073350238e-01	5.981029075063842848e-01	6.075494951599480498e-01	5.981029075063842848e-01	5.750327014082200483e-01	5.981029075063842848e-01	4.487622564496849820e-01	5.981029075063842848e-01	5.849172503137619605e-01	5.033429681070720196e-01	5.981029075063842848e-01	6.153622527101429984e-01	6.127636569106380549e-01	5.663015743650680056e-01	5.981029075063842848e-01	5.981029075063842848e-01	6.191686398805360536e-01	5.981029075063842848e-01	5.407033432684339447e-01	1.000000000000000021e-03	5.981029075063842848e-01	5.981029075063842848e-01	5.981029075063842848e-01	5.981029075063842848e-01	5.659803278063899601e-01	5.981029075063842848e-01	5.981029075063842848e-01	6.139335529927729684e-01	6.126966337255209671e-01	5.981029075063842848e-01	5.981029075063842848e-01	6.905030263874429863e-01	5.981029075063842848e-01	5.787993078883699738e-01	5.981029075063842848e-01	5.981029075063842848e-01	5.981029075063842848e-01	5.981029075063842848e-01	5.981029075063842848e-01	5.466502659246430529e-01	5.981029075063842848e-01	5.981029075063842848e-01	6.339329550054230156e-01	5.981029075063842848e-01	5.981029075063842848e-01	5.981029075063842848e-01	6.290975198037239702e-01	5.981029075063842848e-01	6.233521815779620168e-01	7.036797597430940465e-01	5.981029075063842848e-01	5.291620329785350352e-01	5.981029075063842848e-01	5.981029075063842848e-01	6.017170385365759877e-01
7.745754771185000553e-01	5.203441869080019933e-01	6.215011536916410506e-01	5.981029075063842848e-01	1.000000000000000000e+00	5.981029075063842848e-01	7.581665545520800409e-01	5.981029075063842848e-01	8.206057455690159985e-01	6.724644885248729498e-01	5.981029075063842848e-01	5.981029075063842848e-01	5.981029075063842848e-01	5.981029075063842848e-01	5.981029075063842848e-01	5.981029075063842848e-01	7.313021502481330538e-01	3.403063220775390252e-01	5.981029075063842848e-01	5.981029075063842848e-01	5.981029075063842848e-01	5.981029075063842848e-01	5.981029075063842848e-01	6.839490277303530430e-01	7.844824651346270494e-01	5.981029075063842848e-01	5.981029075063842848e-01	5.981029075063842848e-01	5.981029075063842848e-01	7.286820805784880450e-01	5.981029075063842848e-01	6.898518844666090555e-01	6.398457999322769707e-01	5.981029075063842848e-01	7.088558050635700436e-01	6.285687382060519690e-01	7.647674591782920306e-01	7.596088625676770123e-01	5.981029075063842848e-01	7.907446580926309476e-01	6.847958784733340076e-01	5.698200737695270357e-01	5.981029075063842848e-01	6.620185967279049732e-01	6.562910835564149670e-01	5.981029075063842848e-01	6.146769028422489622e-01	5.981029075063842848e-01	7.875669551399220314e-01	5.981029075063842848e-01	5.981029075063842848e-01	6.855875309704120291e-01	5.981029075063842848e-01	5.981029075063842848e-01	5.981029075063842848e-01	6.421464473865430289e-01	6.681934031806030516e-01	5.981029075063842848e-01	5.981029075063842848e-01	7.154185619187719558e-01	5.981029075063842848e-01	5.100039309271630072e-01	5.981029075063842848e-01	2.438995989371300077e-01	7.492933653335249744e-01	4.967622092219209917e-01	6.638450538164759607e-01	6.584437618731320274e-01	5.981029075063842848e-01	6.204949768176559743e-01	5.981029075063842848e-01	6.983743837152319722e-01	6.784398181481009482e-01	6.514587796658249941e-01	3.769968737042039830e-01	5.981029075063842848e-01	5.981029075063842848e-01	7.385067920868120250e-01	5.981029075063842848e-01	6.910697363165669849e-01	5.981029075063842848e-01	5.981029075063842848e-01	5.981029075063842848e-01	5.416023479500530202e-01	5.981029075063842848e-01	5.981029075063842848e-01	6.916983832575900326e-01	6.003036030021520197e-01	5.981029075063842848e-01	5.981029075063842848e-01	5.804001374337279806e-01	5.555111900310959472e-01	7.713889176926349567e-01	6.490448936901209720e-01	7.135380099205530513e-01	6.689429958853400082e-01	5.981029075063842848e-01	7.174708211994630380e-01	7.212921559956769757e-01	5.981029075063842848e-01	8.075880859859250194e-01	5.981029075063842848e-01	7.044498975116739725e-01	6.927916032016420145e-01	5.981029075063842848e-01	5.981029075063842848e-01	5.981029075063842848e-01	5.270463408076060396e-01	6.316530977141440184e-01	6.068686977345469913e-01	6.596196947943380184e-01	6.742045246417139870e-01	6.621045946246689740e-01	5.981029075063842848e-01	5.571542517153299512e-01	7.054089325526330390e-01	6.684446973188630237e-01	8.172465814633259606e-01	7.647465460362690148e-01	6.903708609540050167e-01	5.981029075063842848e-01	6.592184703934730328e-01	5.981029075063842848e-01	7.226544345516340284e-01
5.981029075063842848e-01	5.240176052998499756e-01	5.981029075063842848e-01	5.981029075063842848e-01	5.981029075063842848e-01	1.000000000000000000e+00	5.981029075063842848e-01	5.981029075063842848e-01	5.981029075063842848e-01	5.981029075063842848e-01	5.981029075063842848e-01	5.981029075063842848e-01	5.981029075063842848e-01	2.758155081346400084e-01	5.396840613897789796e-01	5.981029075063842848e-01	5.981029075063842848e-01	3.387904938447550141e-01	5.981029075063842848e-01	5.422321697491769843e-01	5.981029075063842848e-01	5.981029075063842848e-01	5.647859629701420525e-01	5.981029075063842848e-01	5.981029075063842848e-01	5.981029075063842848e-01	5.981029075063842848e-01	6.165792612599839684e-01	5.170216037037560497e-01	6.072837272966890021e-01	5.936593432287620153e-01	5.191006029778979514e-01	5.124749651413379459e-01	5.981029075063842848e-01	5.555301792050010290e-01	5.981029075063842848e-01	6.314760715513549894e-01	5.918560236359799998e-01	5.981029075063842848e-01	6.381595359756150332e-01	5.208566974734309962e-01	5.981029075063842848e-01	5.857896398042440333e-01	5.051458952222499521e-01	5.981029075063842848e-01	4.805544817067730068e-01	5.586684797489720467e-01	5.981029075063842848e-01	5.981029075063842848e-01	6.291061215528279682e-01	5.512249384007019692e-01	5.981029075063842848e-01	6.217688928234359480e-01	5.981029075063842848e-01	5.981029075063842848e-01	5.927549714648380208e-01	5.141980992926530325e-01	5.540093070781499929e-01	5.981029075063842848e-01	5.981029075063842848e-01	5.981029075063842848e-01	5.531123958665720153e-01	5.981029075063842848e-01	2.710025212224220215e-01	6.186566627770629934e-01	5.103910968536370385e-01	5.317695143655869483e-01	5.981029075063842848e-01	5.325480720071840146e-01	4.855841723649960140e-01	5.318894980516020166e-01	5.981029075063842848e-01	5.102480553998309798e-01	5.981029075063842848e-01	5.981029075063842848e-01	5.981029075063842848e-01	5.981029075063842848e-01	5.981029075063842848e-01	5.668244733492560083e-01	5.981029075063842848e-01	5.149262880681959587e-01	5.388434953448330011e-01	4.899826736471339927e-01	5.358385401660390457e-01	5.291041540157519485e-01	5.981029075063842848e-01	5.335028116310960300e-01	5.981029075063842848e-01	5.981029075063842848e-01	6.009277344126889853e-01	5.981029075063842848e-01	5.397689281075319645e-01	6.195497240509120207e-01	5.981029075063842848e-01	5.981029075063842848e-01	5.041591746407489971e-01	5.981029075063842848e-01	5.981029075063842848e-01	5.479186431906779564e-01	5.981029075063842848e-01	5.981029075063842848e-01	4.898018187996420192e-01	5.981029075063842848e-01	5.798330015769249668e-01	5.759887840681220395e-01	5.981029075063842848e-01	4.626814829602949874e-01	5.981029075063842848e-01	5.981029075063842848e-01	5.981029075063842848e-01	5.981029075063842848e-01	6.034348812427029474e-01	5.447662381497979656e-01	5.177113170839490186e-01	5.344373402530949724e-01	5.549949333653450001e-01	5.981029075063842848e-01	5.981029075063842848e-01	5.981029075063842848e-01	5.981029075063842848e-01	5.688703414263980296e-01	5.093210035990960449e-01	4.644022581390129800e-01	5.981029075063842848e-01
6.406906020857040529e-01	5.621510831966569643e-01	5.981029075063842848e-01	5.981029075063842848e-01	7.581665545520800409e-01	5.981029075063842848e-01	1.000000000000000000e+00	7.944672815611270034e-01	7.029441030180380023e-01	5.981029075063842848e-01	6.807302963462570355e-01	5.981029075063842848e-01	6.399157929779949461e-01	2.455609872230599955e-01	5.704086120404090465e-01	5.981029075063842848e-01	5.981029075063842848e-01	5.981029075063842848e-01	5.792545394969069728e-01	5.981029075063842848e-01	5.981029075063842848e-01	5.801779762220039549e-01	5.981029075063842848e-01	5.981029075063842848e-01	5.981029075063842848e-01	6.083932473840759636e-01	6.146138722019830469e-01	5.981029075063842848e-01	5.981029075063842848e-01	6.019556779879380315e-01	5.603476951000320172e-01	5.532258486136889530e-01	5.627817155089750445e-01	5.999671697533519588e-01	6.399070434285779596e-01	5.981029075063842848e-01	6.704905416940819540e-01	5.981029075063842848e-01	5.625201480096290174e-01	6.843091621318859730e-01	6.175030954151820017e-01	5.966335842806860246e-01	5.981029075063842848e-01	5.944716125988680488e-01	5.396324099207769898e-01	5.092757397509809492e-01	5.981029075063842848e-01	5.981029075063842848e-01	5.981029075063842848e-01	5.839263868126669532e-01	5.981029075063842848e-01	5.749304985298829829e-01	5.981029075063842848e-01	5.981029075063842848e-01	5.981029075063842848e-01	5.981029075063842848e-01	5.981029075063842848e-01	5.729490030558009872e-01	5.981029075063842848e-01	5.809042826030399453e-01	5.435794772743069991e-01	5.025899266580999836e-01	5.981029075063842848e-01	5.981029075063842848e-01	5.981029075063842848e-01	5.981029075063842848e-01	5.807216282796670015e-01	6.339199534304870154e-01	6.714859709635510043e-01	5.918236545813250205e-01	5.458398965373519873e-01	5.981029075063842848e-01	5.495317342068839483e-01	5.981029075063842848e-01	5.981029075063842848e-01	5.981029075063842848e-01	5.981029075063842848e-01	5.981029075063842848e-01	6.126547479575950028e-01	5.812816853483869783e-01	5.981029075063842848e-01	5.571199717455119771e-01	5.981029075063842848e-01	5.355785105999819606e-01	5.981029075063842848e-01	5.981029075063842848e-01	5.981029075063842848e-01	5.981029075063842848e-01	5.981029075063842848e-01	6.783424234575390344e-01	5.981029075063842848e-01	5.981029075063842848e-01	5.981029075063842848e-01	5.981029075063842848e-01	5.706426370288649741e-01	5.981029075063842848e-01	5.978012921531929980e-01	5.981029075063842848e-01	5.786133597122240513e-01	5.981029075063842848e-01	6.816244192156000192e-01	5.981029075063842848e-01	5.981029075063842848e-01	5.981029075063842848e-01	5.981029075063842848e-01	6.645761381287309533e-01	5.748401034333779913e-01	4.534684963137439739e-01	5.981029075063842848e-01	5.300454720697980182e-01	5.462990827408970018e-01	5.799559000474819870e-01	7.085844745547820178e-01	5.654698049893860379e-01	5.981029075063842848e-01	6.460213396712169986e-01	6.275768614603780549e-01	6.961911015199310215e-01	5.981029075063842848e-01	5.981029075063842848e-01	5.981029075063842848e-01	5.981029075063842848e-01	5.981029075063842848e-01	5.536306862954679664e-01
5.981029075063842848e-01	5.981029075063842848e-01	5.643613931457619470e-01	6.131785259294599832e-01	5.981029075063842848e-01	5.981029075063842848e-01	7.944672815611270034e-01	1.000000000000000000e+00	5.981029075063842848e-01	5.981029075063842848e-01	7.179320405117299853e-01	4.559304757264620034e-01	6.869340322520329778e-01	5.981029075063842848e-01	6.253497888811410110e-01	5.981029075063842848e-01	6.503729781966509638e-01	3.438305031654450006e-01	5.981029075063842848e-01	6.362384395194790043e-01	5.981029075063842848e-01	5.981029075063842848e-01	5.681085882736709447e-01	6.368389764302929690e-01	7.499493409919619769e-01	5.981029075063842848e-01	5.981029075063842848e-01	6.676500173235320190e-01	5.938217082652490486e-01	5.981029075063842848e-01	5.981029075063842848e-01	5.981029075063842848e-01	6.320764345228819803e-01	6.136440161300029672e-01	5.981029075063842848e-01	5.981029075063842848e-01	6.896774073459509546e-01	6.654444935519030491e-01	6.128935351963550326e-01	6.761385567823799958e-01	5.981029075063842848e-01	5.981029075063842848e-01	6.585518060565860310e-01	6.511604488489529663e-01	5.981029075063842848e-01	5.981029075063842848e-01	5.596394386446470470e-01	6.548076467759299524e-01	6.694553960316530494e-01	5.772936603194009919e-01	5.902921974458380516e-01	6.048350142575590338e-01	5.981029075063842848e-01	5.981029075063842848e-01	5.981029075063842848e-01	5.981029075063842848e-01	6.654444935519030491e-01	5.981029075063842848e-01	5.981029075063842848e-01	5.981029075063842848e-01	5.921919570624349927e-01	4.991622604784790029e-01	6.275382486062119902e-01	2.349327501357549863e-01	5.981029075063842848e-01	5.736309638125739463e-01	6.572654319077180229e-01	5.981029075063842848e-01	5.981029075063842848e-01	5.981029075063842848e-01	6.190035762107359840e-01	6.754363104272920193e-01	5.975234483910629724e-01	5.981029075063842848e-01	3.077478496438110223e-01	5.184622032652249635e-01	5.981029075063842848e-01	6.102594701078839501e-01	6.191093811918000345e-01	5.981029075063842848e-01	5.981029075063842848e-01	6.069682789542459878e-01	6.639993772755029555e-01	5.981029075063842848e-01	5.981029075063842848e-01	6.085846052594060529e-01	5.981029075063842848e-01	5.902558786011919967e-01	5.981029075063842848e-01	6.971436591002260208e-01	5.981029075063842848e-01	5.981029075063842848e-01	5.981029075063842848e-01	5.981029075063842848e-01	6.217858960269530000e-01	5.560963545754029624e-01	5.981029075063842848e-01	6.131911021017519836e-01	6.317481078205430256e-01	6.460787573126159922e-01	5.981029075063842848e-01	5.981029075063842848e-01	5.981029075063842848e-01	6.372265798550179605e-01	5.981029075063842848e-01	5.981029075063842848e-01	5.981029075063842848e-01	5.981029075063842848e-01	5.981029075063842848e-01	5.981029075063842848e-01	5.991965465058169960e-01	6.409753719587959475e-01	5.981029075063842848e-01	5.816116168528340236e-01	5.160116858517439509e-01	6.876811413972999665e-01	5.981029075063842848e-01	5.981029075063842848e-01	7.014511181503939596e-01	5.981029075063842848e-01	5.698824066667319554e-01	5.981029075063842848e-01	5.981029075063842848e-01	6.035792875784079525e-01
5.981029075063842848e-01	5.981029075063842848e-01	6.069641294105390106e-01	5.981029075063842848e-01	8.206057455690159985e-01	5.981029075063842848e-01	7.029441030180380023e-01	5.981029075063842848e-01	1.000000000000000000e+00	5.981029075063842848e-01	5.981029075063842848e-01	4.990121313599990005e-01	5.981029075063842848e-01	2.312169648730159899e-01	5.981029075063842848e-01	5.981029075063842848e-01	5.981029075063842848e-01	5.981029075063842848e-01	5.981029075063842848e-01	5.981029075063842848e-01	5.981029075063842848e-01	7.332896756301250374e-01	5.981029075063842848e-01	7.293549148720489539e-01	7.891838806385319538e-01	5.981029075063842848e-01	7.556413531244150494e-01	5.981029075063842848e-01	5.981029075063842848e-01	5.981029075063842848e-01	5.981029075063842848e-01	5.981029075063842848e-01	6.532561030520770418e-01	5.981029075063842848e-01	5.981029075063842848e-01	6.384780997087160515e-01	5.981029075063842848e-01	5.981029075063842848e-01	5.981029075063842848e-01	5.981029075063842848e-01	6.857891033559520011e-01	5.981029075063842848e-01	7.603310451720139973e-01	6.819273830779140066e-01	6.892908855766040066e-01	5.981029075063842848e-01	6.335603489145630318e-01	5.981029075063842848e-01	7.853302989578769822e-01	5.981029075063842848e-01	7.266076874068020386e-01	7.033334724887729816e-01	5.981029075063842848e-01	5.981029075063842848e-01	6.537654261924390475e-01	6.887680121448980231e-01	6.833274237559829878e-01	5.981029075063842848e-01	6.525999299322859937e-01	5.981029075063842848e-01	6.725794314673839702e-01	5.981029075063842848e-01	6.655536864869769920e-01	2.637443484233010227e-01	7.794732648240210171e-01	5.981029075063842848e-01	5.981029075063842848e-01	5.981029075063842848e-01	7.028624108711279961e-01	6.434252248602260194e-01	6.945652428341350104e-01	7.005740916963709708e-01	5.981029075063842848e-01	5.981029075063842848e-01	5.981029075063842848e-01	5.664835659197640094e-01	5.981029075063842848e-01	7.315221644326790340e-01	6.711647033823600061e-01	7.120565997929589885e-01	7.624965023495110517e-01	7.124266637352080211e-01	6.519934451846469692e-01	5.981029075063842848e-01	6.906729905522870361e-01	5.981029075063842848e-01	7.124315342793410277e-01	5.981029075063842848e-01	5.981029075063842848e-01	5.981029075063842848e-01	5.981029075063842848e-01	5.835552459027140149e-01	5.981029075063842848e-01	5.981029075063842848e-01	5.981029075063842848e-01	5.981029075063842848e-01	5.981029075063842848e-01	5.981029075063842848e-01	7.341875802233339687e-01	5.981029075063842848e-01	7.834641301976169592e-01	4.843640539544880053e-01	7.004830971633300152e-01	5.981029075063842848e-01	5.981029075063842848e-01	7.108503592605239785e-01	5.981029075063842848e-01	5.458958741839969875e-01	6.464366283619750186e-01	6.331446752137970257e-01	5.981029075063842848e-01	6.976871999811720126e-01	5.981029075063842848e-01	5.981029075063842848e-01	5.698044916105490243e-01	5.981029075063842848e-01	7.005118310021219985e-01	7.608458240612839818e-01	5.981029075063842848e-01	7.051196388570950546e-01	5.467138018786810161e-01	5.981029075063842848e-01	6.529881976379769970e-01	7.145973486819310327e-01
5.562142219463079851e-01	6.229261705202769894e-01	6.814054368916030446e-01	6.256405716754519508e-01	6.724644885248729498e-01	5.981029075063842848e-01	5.981029075063842848e-01	5.981029075063842848e-01	5.981029075063842848e-01	1.000000000000000000e+00	6.593581950065140473e-01	5.981029075063842848e-01	6.134510674189760371e-01	5.981029075063842848e-01	5.981029075063842848e-01	6.295449667475859767e-01	5.981029075063842848e-01	5.981029075063842848e-01	5.416208616746309712e-01	5.303136916891929564e-01	5.981029075063842848e-01	5.981029075063842848e-01	6.975727351157889888e-01	5.981029075063842848e-01	5.981029075063842848e-01	5.453028031000100029e-01	5.981029075063842848e-01	5.981029075063842848e-01	4.654161566644179904e-01	5.981029075063842848e-01	6.370784787974680397e-01	5.981029075063842848e-01	5.981029075063842848e-01	6.288868136856280433e-01	5.336815597046530302e-01	5.981029075063842848e-01	5.943009438929549582e-01	6.350216984550239863e-01	5.981029075063842848e-01	6.559008519500859613e-01	5.981029075063842848e-01	6.617968642234319798e-01	5.601791637182179651e-01	4.855509763837669857e-01	5.981029075063842848e-01	5.981029075063842848e-01	5.981029075063842848e-01	4.982246939664080054e-01	5.981029075063842848e-01	7.067798673624650085e-01	4.816135219033729764e-01	5.981029075063842848e-01	5.981029075063842848e-01	4.836724717748980273e-01	5.981029075063842848e-01	6.691899969761040401e-01	5.981029075063842848e-01	5.108099852455330048e-01	5.981029075063842848e-01	5.231549425800939845e-01	5.981029075063842848e-01	6.436540029649490124e-01	5.981029075063842848e-01	3.552495846063309926e-01	7.207351527262120250e-01	6.737207301400910398e-01	5.937689347581279753e-01	5.981029075063842848e-01	5.258730156909250386e-01	5.981029075063842848e-01	5.981029075063842848e-01	5.036252190677209528e-01	4.541603574092010209e-01	5.981029075063842848e-01	3.896373068037299880e-01	6.548345070063029683e-01	4.839867048149419926e-01	5.981029075063842848e-01	6.637179908407609963e-01	5.981029075063842848e-01	5.981029075063842848e-01	5.981029075063842848e-01	5.981029075063842848e-01	5.981029075063842848e-01	5.981029075063842848e-01	4.839304586456910084e-01	5.015190459009469803e-01	4.498404095803310021e-01	1.000000000000000021e-03	7.124217932243720464e-01	6.313249909104919899e-01	5.981029075063842848e-01	5.981029075063842848e-01	4.884842670764479866e-01	4.747323024475609832e-01	4.396971544829609835e-01	5.981029075063842848e-01	4.750504702182100081e-01	5.004436042519160299e-01	5.981029075063842848e-01	5.918560236359799998e-01	5.806541401303709771e-01	5.981029075063842848e-01	6.426471086794529608e-01	5.110160647557200342e-01	5.515415805200080124e-01	5.847413293395089529e-01	5.981029075063842848e-01	5.981029075063842848e-01	5.981029075063842848e-01	5.981029075063842848e-01	5.981029075063842848e-01	6.500307035403439793e-01	5.981029075063842848e-01	5.981029075063842848e-01	5.981029075063842848e-01	5.371222223537650553e-01	5.981029075063842848e-01	5.981029075063842848e-01	4.813468978772780238e-01	6.503463009708230214e-01	5.981029075063842848e-01	5.981029075063842848e-01	5.981029075063842848e-01
8.252020191593339993e-01	5.981029075063842848e-01	5.720761811143250108e-01	5.981029075063842848e-01	5.981029075063842848e-01	5.981029075063842848e-01	6.807302963462570355e-01	7.179320405117299853e-01	5.981029075063842848e-01	6.593581950065140473e-01	1.000000000000000000e+00	4.471636264342179756e-01	8.044416822318090077e-01	2.046757395132849933e-01	5.981029075063842848e-01	5.981029075063842848e-01	7.129041353590740426e-01	5.981029075063842848e-01	7.917075030849319850e-01	5.981029075063842848e-01	4.676711574148180173e-01	5.981029075063842848e-01	6.263766847797339610e-01	6.962482182533630271e-01	7.839516939858830469e-01	8.067272532617899561e-01	5.981029075063842848e-01	7.315621741226250307e-01	5.981029075063842848e-01	7.473135517606059874e-01	6.721519430923980076e-01	7.852121912590359631e-01	7.232623654639429578e-01	7.205233087301989858e-01	5.981029075063842848e-01	7.322026268492339840e-01	7.816451447521289841e-01	7.614754715938000240e-01	7.899989886663100203e-01	5.981029075063842848e-01	5.981029075063842848e-01	5.556289333734829583e-01	5.981029075063842848e-01	5.981029075063842848e-01	7.619701880937469474e-01	4.512974037490540269e-01	5.771555428196309956e-01	5.981029075063842848e-01	7.956794076695410389e-01	5.981029075063842848e-01	5.981029075063842848e-01	5.981029075063842848e-01	5.981029075063842848e-01	7.806038093648040022e-01	5.981029075063842848e-01	6.731866560140929989e-01	5.981029075063842848e-01	8.211837890759999814e-01	5.981029075063842848e-01	5.981029075063842848e-01	5.981029075063842848e-01	5.981029075063842848e-01	5.981029075063842848e-01	5.981029075063842848e-01	7.557808470824990410e-01	5.981029075063842848e-01	5.981029075063842848e-01	6.484417127664019453e-01	7.495187922226750343e-01	7.056693983574130469e-01	7.849438307254239522e-01	5.981029075063842848e-01	7.711569130973600084e-01	5.981029075063842848e-01	5.981029075063842848e-01	5.101294660644110079e-01	5.981029075063842848e-01	5.981029075063842848e-01	6.452886089916789469e-01	5.981029075063842848e-01	8.081790599785210194e-01	5.981029075063842848e-01	5.981029075063842848e-01	5.981029075063842848e-01	7.563080566925639570e-01	8.068982430904340086e-01	5.981029075063842848e-01	6.901018880539150357e-01	1.000000000000000021e-03	5.981029075063842848e-01	5.179662130010870280e-01	5.981029075063842848e-01	5.981029075063842848e-01	5.981029075063842848e-01	5.981029075063842848e-01	7.603726305276630182e-01	5.981029075063842848e-01	5.981029075063842848e-01	5.981029075063842848e-01	5.981029075063842848e-01	8.537980288355699887e-01	5.981029075063842848e-01	5.981029075063842848e-01	6.448520146871690173e-01	8.238660615619719518e-01	7.662485164745229671e-01	5.981029075063842848e-01	5.911483546117149990e-01	6.153664596680840093e-01	6.791637594733219707e-01	5.981029075063842848e-01	7.068040273902990167e-01	5.981029075063842848e-01	5.981029075063842848e-01	5.981029075063842848e-01	5.981029075063842848e-01	5.981029075063842848e-01	5.981029075063842848e-01	5.981029075063842848e-01	7.822652646606199633e-01	5.254561438942340068e-01	7.460475851270079728e-01	5.981029075063842848e-01	7.894590879253200466e-01
3.285938886505569978e-01	5.981029075063842848e-01	6.954204840622609796e-01	5.981029075063842848e-01	5.981029075063842848e-01	5.981029075063842848e-01	5.981029075063842848e-01	4.559304757264620034e-01	4.990121313599990005e-01	5.981029075063842848e-01	4.471636264342179756e-01	1.000000000000000000e+00	4.659191577855960054e-01	5.981029075063842848e-01	2.771859772499570274e-01	4.164343978204170238e-01	5.981029075063842848e-01	5.981029075063842848e-01	3.228775762131489979e-01	2.794903367989099996e-01	5.981029075063842848e-01	2.737846648298349894e-01	6.069724285263230490e-01	5.981029075063842848e-01	4.264139921157010238e-01	5.981029075063842848e-01	3.223416323537769967e-01	5.981029075063842848e-01	5.981029075063842848e-01	4.495022484428090048e-01	4.501080444600549790e-01	2.414359960461290033e-01	2.339566532641980112e-01	5.575086016032230196e-01	2.821087819336060010e-01	5.981029075063842848e-01	5.981029075063842848e-01	4.023658285271429769e-01	5.981029075063842848e-01	5.981029075063842848e-01	5.981029075063842848e-01	5.981029075063842848e-01	5.981029075063842848e-01	5.981029075063842848e-01	5.981029075063842848e-01	6.429371436126589678e-01	7.222494311867360128e-01	2.573183541337160096e-01	4.614558122561550069e-01	7.198094099655959477e-01	5.981029075063842848e-01	5.981029075063842848e-01	4.536762540594280191e-01	5.981029075063842848e-01	2.344978931611899908e-01	5.981029075063842848e-01	5.981029075063842848e-01	2.814326388838779835e-01	2.218517060152520037e-01	2.989511583770799730e-01	5.981029075063842848e-01	6.973009563194929594e-01	5.981029075063842848e-01	5.981029075063842848e-01	5.553023519531630203e-01	5.981029075063842848e-01	4.556375734340579742e-01	5.981029075063842848e-01	3.000199221733459987e-01	2.329925760423459946e-01	2.758324792499720068e-01	2.594043378309749959e-01	2.373089024300299998e-01	2.960002806936870012e-01	5.981029075063842848e-01	5.981029075063842848e-01	5.981029075063842848e-01	5.981029075063842848e-01	6.117507139498550295e-01	2.857951575408370082e-01	5.981029075063842848e-01	2.562667688785180142e-01	5.981029075063842848e-01	8.532495254711099930e-01	2.556927645943239957e-01	2.661388464451330260e-01	5.981029075063842848e-01	2.457692448830159915e-01	1.000000000000000021e-03	5.981029075063842848e-01	6.282680040628719764e-01	5.981029075063842848e-01	5.981029075063842848e-01	2.560758746403650199e-01	2.737060631380879849e-01	2.293748969335620003e-01	3.991138573145299739e-01	2.576510512291569910e-01	5.981029075063842848e-01	5.981029075063842848e-01	3.447508204432440104e-01	5.981029075063842848e-01	5.981029075063842848e-01	5.892841712836589529e-01	5.981029075063842848e-01	5.981029075063842848e-01	6.477726612192410416e-01	5.981029075063842848e-01	5.426252528275500309e-01	5.981029075063842848e-01	5.981029075063842848e-01	5.981029075063842848e-01	5.981029075063842848e-01	5.981029075063842848e-01	8.234549999323460545e-01	5.981029075063842848e-01	5.981029075063842848e-01	3.867816089318220074e-01	5.981029075063842848e-01	5.981029075063842848e-01	5.981029075063842848e-01	2.582117983330030064e-01	5.981029075063842848e-01	2.778291240915909954e-01
