1.000000000000220046e+00	8.120597651707509579e-01	5.988758531603074475e-01	6.756050661858690187e-01	6.836719606936899618e-01	7.182895091636369855e-01	7.160582492708049696e-01	6.764951410492759942e-01	7.144950638896719886e-01	5.988758531603074475e-01	6.623195728496500401e-01	5.988758531603074475e-01	5.988758531603074475e-01	5.988758531603074475e-01	1.000000000000000021e-03	5.988758531603074475e-01	5.988758531603074475e-01	6.804470654368279803e-01	5.988758531603074475e-01	5.988758531603074475e-01	6.868872948958689717e-01	5.988758531603074475e-01	5.988758531603074475e-01	6.411379691863090535e-01	6.426224676805689651e-01	7.247001035791850176e-01	6.919870481385580474e-01	6.386459651798730430e-01	5.988758531603074475e-01	5.988758531603074475e-01	6.967538598585270027e-01	5.988758531603074475e-01	7.258756849407940193e-01	7.421559346004880098e-01	5.988758531603074475e-01	7.122519562673299554e-01	6.439834061377329721e-01	7.242924103278920445e-01	5.988758531603074475e-01	6.538845323637719753e-01	5.988758531603074475e-01	5.988758531603074475e-01	5.988758531603074475e-01	5.753896988157980452e-01	5.988758531603074475e-01	5.988758531603074475e-01	5.988758531603074475e-01	5.988758531603074475e-01	5.988758531603074475e-01	6.658935594369630451e-01	5.988758531603074475e-01	6.216251196167179582e-01	5.988758531603074475e-01	5.456196721177090092e-01	5.988758531603074475e-01	7.346924048645080418e-01	5.057937856201679683e-01	5.258751385445680215e-01	6.161402274025830073e-01	5.061420680520279936e-01	5.988758531603074475e-01	5.988758531603074475e-01	7.388867180791159894e-01	5.988758531603074475e-01	5.448205791439539869e-01	5.988758531603074475e-01	6.549637603375080275e-01	5.988758531603074475e-01	5.829152190795939825e-01	5.227590365182029908e-01	5.988758531603074475e-01	5.988758531603074475e-01	5.988758531603074475e-01	5.988758531603074475e-01	6.933568587862759536e-01	5.017455500974019600e-01	7.307530704365540197e-01	7.164452301735070305e-01	6.930811154196260260e-01	5.988758531603074475e-01	7.145922722414530526e-01	5.988758531603074475e-01	5.988758531603074475e-01	5.988758531603074475e-01	5.723106148146519523e-01	5.644961984664790267e-01	5.988758531603074475e-01	5.988758531603074475e-01	5.988758531603074475e-01	6.490346155905899472e-01	5.988758531603074475e-01	5.988758531603074475e-01	5.617944060546230522e-01	5.442739870248309852e-01	5.988758531603074475e-01	5.988758531603074475e-01	5.988758531603074475e-01	5.157620818102479632e-01	5.988758531603074475e-01	5.988758531603074475e-01	5.988758531603074475e-01	5.617401270812150127e-01	5.988758531603074475e-01	5.988758531603074475e-01	5.360256453105229912e-01	5.701023303160850375e-01	5.988758531603074475e-01	5.988758531603074475e-01	5.988758531603074475e-01	5.988758531603074475e-01	5.988758531603074475e-01	5.988758531603074475e-01	6.682182910426309741e-01	6.985361569367599666e-01	7.204380032053859795e-01	5.988758531603074475e-01	5.988758531603074475e-01	5.988758531603074475e-01	5.988758531603074475e-01	6.513747605946660357e-01	5.988758531603074475e-01	7.094034668168049951e-01	5.988758531603074475e-01	7.044911272692570003e-01
8.120597651707509579e-01	1.000000000000049960e+00	5.988758531603074475e-01	5.988758531603074475e-01	5.988758531603074475e-01	6.359360202027120046e-01	6.649072484889539947e-01	5.988758531603074475e-01	5.988758531603074475e-01	5.988758531603074475e-01	5.988758531603074475e-01	6.045841637771549593e-01	5.988758531603074475e-01	5.549777834697280365e-01	1.000000000000000021e-03	6.360165187666020348e-01	5.166384437117990114e-01	6.071477759761320092e-01	5.980130368319980239e-01	5.988758531603074475e-01	6.006012507489869590e-01	5.363121366951120184e-01	5.988758531603074475e-01	6.151010236826469635e-01	6.076442583739880554e-01	6.669409087193189922e-01	5.988758531603074475e-01	6.200906085802799783e-01	4.440125884785010024e-01	5.988758531603074475e-01	6.468154217555800445e-01	5.988758531603074475e-01	5.988758531603074475e-01	6.752067315657479529e-01	5.988758531603074475e-01	5.988758531603074475e-01	5.665390339684329701e-01	5.988758531603074475e-01	5.180373452088440356e-01	6.150865222437780222e-01	5.988758531603074475e-01	5.988758531603074475e-01	6.050280613694459797e-01	5.152271611861080070e-01	6.379163511206570325e-01	5.988758531603074475e-01	5.988758531603074475e-01	5.988758531603074475e-01	6.333497017628240133e-01	5.988758531603074475e-01	5.988758531603074475e-01	5.988758531603074475e-01	5.988758531603074475e-01	4.785095071331920136e-01	5.490122507787880135e-01	5.988758531603074475e-01	5.988758531603074475e-01	5.988758531603074475e-01	5.473774892837699468e-01	5.988758531603074475e-01	5.988758531603074475e-01	5.833403163689200310e-01	6.967765741856120076e-01	5.988758531603074475e-01	5.988758531603074475e-01	5.988758531603074475e-01	5.828435092892579883e-01	5.652705034673040085e-01	5.988758531603074475e-01	4.490116494833549798e-01	5.988758531603074475e-01	4.992826009354510153e-01	5.988758531603074475e-01	5.988758531603074475e-01	6.180238058064030371e-01	5.988758531603074475e-01	5.988758531603074475e-01	5.988758531603074475e-01	5.988758531603074475e-01	5.988758531603074475e-01	5.988758531603074475e-01	5.156758036461349670e-01	5.151576775567410227e-01	5.988758531603074475e-01	4.913795031535400093e-01	5.988758531603074475e-01	5.988758531603074475e-01	5.988758531603074475e-01	8.254388379814360244e-01	6.133343852621030434e-01	6.567922528952889749e-01	6.014388450321700441e-01	4.966358985360599942e-01	4.916565379410109959e-01	4.824840350181670012e-01	5.988758531603074475e-01	5.988758531603074475e-01	4.845047204836669952e-01	5.988758531603074475e-01	6.331463055879720248e-01	6.420092999254279897e-01	5.988758531603074475e-01	5.988758531603074475e-01	4.929224711931239900e-01	4.637409246758629755e-01	5.386470197426550532e-01	5.988758531603074475e-01	5.988758531603074475e-01	5.441682092115099900e-01	5.988758531603074475e-01	6.628700749166449580e-01	6.198549606633200204e-01	5.902951493177960307e-01	6.543161197722839884e-01	5.988758531603074475e-01	7.444043151934219837e-01	5.988758531603074475e-01	5.988758531603074475e-01	7.517714009790169571e-01	6.296972984267510398e-01	5.988758531603074475e-01	5.988758531603074475e-01	6.751347440534879452e-01	6.591681341771640223e-01
5.988758531603074475e-01	5.988758531603074475e-01	1.000000000000069944e+00	6.501643488895809675e-01	5.988758531603074475e-01	5.988758531603074475e-01	6.957759228932619555e-01	6.748868575157069838e-01	7.291399085706280481e-01	5.988758531603074475e-01	6.282590334297200041e-01	5.660309450000009512e-01	6.853345109259579848e-01	6.232077793988970438e-01	1.000000000000000021e-03	5.988758531603074475e-01	6.508489458395609883e-01	5.988758531603074475e-01	5.988758531603074475e-01	5.988758531603074475e-01	6.905383456155510524e-01	4.925633163115870072e-01	6.160843587084590123e-01	6.036878439057510315e-01	5.988758531603074475e-01	7.114084894041560192e-01	5.988758531603074475e-01	6.222332251724229657e-01	5.988758531603074475e-01	6.187921195091440341e-01	6.734430162093729688e-01	6.910994368210580108e-01	7.275607326593169777e-01	7.072404410745689596e-01	5.988758531603074475e-01	6.867231138826760395e-01	5.988758531603074475e-01	6.761558304017779575e-01	5.904080928800919947e-01	5.985891619064339642e-01	5.988758531603074475e-01	5.988758531603074475e-01	5.988758531603074475e-01	5.578289786943879669e-01	5.988758531603074475e-01	6.132897649577200294e-01	5.752856945549430501e-01	6.360274163310839501e-01	5.988758531603074475e-01	6.301664787236519460e-01	5.988758531603074475e-01	5.988758531603074475e-01	6.057552052288850408e-01	5.406508318060370133e-01	6.035867124587309673e-01	5.988758531603074475e-01	5.988758531603074475e-01	4.703750501213829760e-01	5.984691691935960511e-01	4.719046215393359889e-01	6.096762680422940228e-01	6.210050710344370284e-01	7.303411915072529625e-01	5.839913413839560308e-01	5.631414610658660447e-01	5.988758531603074475e-01	6.468389383640099632e-01	5.988758531603074475e-01	5.988758531603074475e-01	5.988758531603074475e-01	5.459824088314060297e-01	5.682066637922980057e-01	5.988758531603074475e-01	7.080028880634690047e-01	6.796824313553530006e-01	5.988758531603074475e-01	5.988758531603074475e-01	6.847695593040350470e-01	6.776449314640570210e-01	6.750962963068000144e-01	5.988758531603074475e-01	5.988758531603074475e-01	5.988758531603074475e-01	7.124364418203490423e-01	5.816577388256209957e-01	5.988758531603074475e-01	5.988758531603074475e-01	7.098010587673180272e-01	8.263710881985849577e-01	5.988758531603074475e-01	5.988758531603074475e-01	5.988758531603074475e-01	5.988758531603074475e-01	5.988758531603074475e-01	5.988758531603074475e-01	7.175406931939539712e-01	5.988758531603074475e-01	4.738864804317999835e-01	5.820908263781510161e-01	6.190410029820260229e-01	7.016553452475710051e-01	5.988758531603074475e-01	5.988758531603074475e-01	4.312609409434079999e-01	5.510795282841359777e-01	5.988758531603074475e-01	5.988758531603074475e-01	6.752623602221079491e-01	5.988758531603074475e-01	5.988758531603074475e-01	5.988758531603074475e-01	5.988758531603074475e-01	5.988758531603074475e-01	6.504656120162749522e-01	6.978751633686800515e-01	5.988758531603074475e-01	8.070572084543530256e-01	5.988758531603074475e-01	5.988758531603074475e-01	5.988758531603074475e-01	5.988758531603074475e-01	5.988758531603074475e-01	7.305395078360970018e-01	5.988758531603074475e-01
6.756050661858690187e-01	5.988758531603074475e-01	6.501643488895809675e-01	9.999999999998909761e-01	5.988758531603074475e-01	6.234730538663539878e-01	6.608871909047500104e-01	5.988758531603074475e-01	5.988758531603074475e-01	6.302614775088269949e-01	6.542750421875660471e-01	6.006176010327189951e-01	6.885176547196609764e-01	5.988758531603074475e-01	5.988758531603074475e-01	5.988758531603074475e-01	5.988758531603074475e-01	6.996987659335159870e-01	5.988758531603074475e-01	6.287587251761630469e-01	6.504116146248439811e-01	6.070351357176979601e-01	6.444763375212629875e-01	7.060036673226229853e-01	6.617433922962070447e-01	6.639547656290289979e-01	7.150000419305739818e-01	6.625960506718250320e-01	5.988758531603074475e-01	5.919262078449509801e-01	7.166929620207369567e-01	5.988758531603074475e-01	5.988758531603074475e-01	7.408333388985209877e-01	5.571503376455729795e-01	5.988758531603074475e-01	6.354275546552800025e-01	5.988758531603074475e-01	5.988758531603074475e-01	5.988758531603074475e-01	5.988758531603074475e-01	5.988758531603074475e-01	5.988758531603074475e-01	5.988758531603074475e-01	7.131961188177340372e-01	5.846411224165829479e-01	5.988758531603074475e-01	5.541000272902439905e-01	7.550778290979419660e-01	6.389682255984630022e-01	6.131486230265349446e-01	6.789012444335249530e-01	6.320273246724480432e-01	5.007251098687020008e-01	5.988758531603074475e-01	6.576046828651149756e-01	5.988758531603074475e-01	5.988758531603074475e-01	5.988758531603074475e-01	5.988758531603074475e-01	7.018351192896129520e-01	6.045509166064499951e-01	6.481152593262049511e-01	5.393378969996980299e-01	4.808529083545630134e-01	7.150936944159459463e-01	5.988758531603074475e-01	5.988758531603074475e-01	6.657075644043449758e-01	5.988758531603074475e-01	5.988758531603074475e-01	5.988758531603074475e-01	6.586389836541199916e-01	5.988758531603074475e-01	7.009168724064529510e-01	5.959381949797609712e-01	5.988758531603074475e-01	5.988758531603074475e-01	6.369525191045599666e-01	6.711770452148170252e-01	6.478052726918990256e-01	5.424780423542170382e-01	5.445978862969740319e-01	5.988758531603074475e-01	5.988758531603074475e-01	5.988758531603074475e-01	6.284132712632970463e-01	5.988758531603074475e-01	6.978368450177410143e-01	5.988758531603074475e-01	5.988758531603074475e-01	5.988758531603074475e-01	5.988758531603074475e-01	5.988758531603074475e-01	5.988758531603074475e-01	5.988758531603074475e-01	5.988758531603074475e-01	5.988758531603074475e-01	5.988758531603074475e-01	6.706415596371360088e-01	6.442971557781439484e-01	4.922080039501259829e-01	4.959177672044419727e-01	6.113654303144570035e-01	4.580164343694619888e-01	5.988758531603074475e-01	6.887692372650600081e-01	5.988758531603074475e-01	6.619946542825260183e-01	5.988758531603074475e-01	6.871645919582429762e-01	5.988758531603074475e-01	5.988758531603074475e-01	6.899132249847299558e-01	6.726839746334579706e-01	6.766222267155620473e-01	6.898256001070880439e-01	5.988758531603074475e-01	6.799265527505700124e-01	6.040976107654619787e-01	6.836844869699779670e-01	5.988758531603074475e-01	5.988758531603074475e-01	5.988758531603074475e-01
6.836719606936899618e-01	5.988758531603074475e-01	5.988758531603074475e-01	5.988758531603074475e-01	9.999999999998619993e-01	6.084549702701299578e-01	7.250902678183199779e-01	6.695872242941529606e-01	5.988758531603074475e-01	6.971560632035790350e-01	5.988758531603074475e-01	5.988758531603074475e-01	6.451939633688930087e-01	5.442516544294020431e-01	5.988758531603074475e-01	6.456441486034739663e-01	4.925379472904909961e-01	5.988758531603074475e-01	5.964313368776690272e-01	7.509951651462709599e-01	5.988758531603074475e-01	5.579312709567679773e-01	5.988758531603074475e-01	6.241189597508429721e-01	6.819346747066989955e-01	5.988758531603074475e-01	5.988758531603074475e-01	5.988758531603074475e-01	4.964231048027170079e-01	5.105555822498260010e-01	6.365297621579619758e-01	5.981014352104190301e-01	5.988758531603074475e-01	6.804549466530930291e-01	5.988758531603074475e-01	5.988758531603074475e-01	5.473708816834169655e-01	5.988758531603074475e-01	5.988758531603074475e-01	5.988758531603074475e-01	5.988758531603074475e-01	5.988758531603074475e-01	5.941374890984669754e-01	5.255547535270710391e-01	5.988758531603074475e-01	5.988758531603074475e-01	5.988758531603074475e-01	5.226449067300049656e-01	6.453652350018700412e-01	6.107360567137130047e-01	6.399455151696979982e-01	5.931873759407899627e-01	5.752678362799690248e-01	5.988758531603074475e-01	5.988758531603074475e-01	5.988758531603074475e-01	5.075919202458869517e-01	5.664500605744839934e-01	5.988758531603074475e-01	5.988758531603074475e-01	6.693501577678210301e-01	5.563835714030309632e-01	5.988758531603074475e-01	4.898477043036020273e-01	5.988758531603074475e-01	5.988758531603074475e-01	5.988758531603074475e-01	5.604424822889909619e-01	5.988758531603074475e-01	4.242070885010439940e-01	5.297588590556040478e-01	5.988758531603074475e-01	6.136884187478820474e-01	5.988758531603074475e-01	5.988758531603074475e-01	5.502448618424530258e-01	5.988758531603074475e-01	5.988758531603074475e-01	5.988758531603074475e-01	6.141955610709249891e-01	7.098458088071040173e-01	5.988758531603074475e-01	5.988758531603074475e-01	5.429910178991920189e-01	5.988758531603074475e-01	5.988758531603074475e-01	5.703923662444370102e-01	5.988758531603074475e-01	5.988758531603074475e-01	5.990151082913770519e-01	5.988758531603074475e-01	5.903686067251929792e-01	4.574467990752559832e-01	4.789120689223380078e-01	5.988758531603074475e-01	6.108000822659019891e-01	6.672563441113229521e-01	5.042613214355879947e-01	5.988758531603074475e-01	5.988758531603074475e-01	5.988758531603074475e-01	5.988758531603074475e-01	5.988758531603074475e-01	5.468566548860650522e-01	4.332749435136710181e-01	5.200293804150259991e-01	5.988758531603074475e-01	5.548354982602560215e-01	5.988758531603074475e-01	5.988758531603074475e-01	5.988758531603074475e-01	5.988758531603074475e-01	5.988758531603074475e-01	6.672565713314829727e-01	6.508648901553230059e-01	6.791380556282320402e-01	6.974417509725110431e-01	6.880473552224030120e-01	6.887228014905409923e-01	6.777915836038550523e-01	5.988758531603074475e-01	7.019132433483209477e-01	6.540526284814079938e-01	6.925332355602540346e-01
7.182895091636369855e-01	6.359360202027120046e-01	5.988758531603074475e-01	6.234730538663539878e-01	6.084549702701299578e-01	1.000000000000029976e+00	5.988758531603074475e-01	5.988758531603074475e-01	7.011788490896979642e-01	5.988758531603074475e-01	5.691720168548509706e-01	5.988758531603074475e-01	6.673456968430230285e-01	5.988758531603074475e-01	5.988758531603074475e-01	5.928441976526750423e-01	6.525992348582380087e-01	6.558440810871629667e-01	5.779662903074870295e-01	5.565517443168660483e-01	6.733826127729479749e-01	5.988758531603074475e-01	5.557005429235349903e-01	5.568894302167110011e-01	5.988758531603074475e-01	6.590209140827409939e-01	6.202859375902359806e-01	5.988758531603074475e-01	3.551780514239700204e-01	5.988758531603074475e-01	6.434931284203669888e-01	5.988758531603074475e-01	5.988758531603074475e-01	7.727350764902860547e-01	5.680520797202790462e-01	6.453042986394520453e-01	5.988758531603074475e-01	5.988758531603074475e-01	5.988758531603074475e-01	5.988758531603074475e-01	5.546246421247349456e-01	5.627661444618660136e-01	5.988758531603074475e-01	5.286990578350030390e-01	5.988758531603074475e-01	5.975198479453519562e-01	5.303502177523730099e-01	5.988758531603074475e-01	5.989265040987350464e-01	5.733551180571370143e-01	6.902117088171649817e-01	5.988758531603074475e-01	5.647728323962070140e-01	5.988758531603074475e-01	5.988758531603074475e-01	5.988758531603074475e-01	5.988758531603074475e-01	5.988758531603074475e-01	5.988758531603074475e-01	4.457169501586670246e-01	5.678564096904179515e-01	5.676971410178159871e-01	6.708588857787749493e-01	5.988758531603074475e-01	5.179740391485060380e-01	5.988758531603074475e-01	5.988758531603074475e-01	5.988758531603074475e-01	5.988758531603074475e-01	5.060092616747150496e-01	5.988758531603074475e-01	5.988758531603074475e-01	6.411990604157640217e-01	6.670543700427989942e-01	5.988758531603074475e-01	5.988758531603074475e-01	5.988758531603074475e-01	6.436467039564499615e-01	5.988758531603074475e-01	6.508038472644610550e-01	6.798990336639439969e-01	5.988758531603074475e-01	5.988758531603074475e-01	5.988758531603074475e-01	5.988758531603074475e-01	5.988758531603074475e-01	5.988758531603074475e-01	6.590984232218629613e-01	5.988758531603074475e-01	5.531735146802260195e-01	5.958171454957239543e-01	5.988758531603074475e-01	5.988758531603074475e-01	5.988758531603074475e-01	4.656031271599149757e-01	5.988758531603074475e-01	6.521563353061260448e-01	4.336117991915749981e-01	5.647980986951499638e-01	5.561751452173160359e-01	5.988758531603074475e-01	5.988758531603074475e-01	5.988758531603074475e-01	5.988758531603074475e-01	5.988758531603074475e-01	5.988758531603074475e-01	6.195970748360389857e-01	6.448980266001940187e-01	5.988758531603074475e-01	5.988758531603074475e-01	5.988758531603074475e-01	5.988758531603074475e-01	5.988758531603074475e-01	5.988758531603074475e-01	6.634523015492009845e-01	5.988758531603074475e-01	7.081600313920729528e-01	7.117496748791910521e-01	7.083402078323970397e-01	5.988758531603074475e-01	5.988758531603074475e-01	6.412414075533160451e-01	6.732020430643920195e-01	5.988758531603074475e-01
7.160582492708049696e-01	6.649072484889539947e-01	6.957759228932619555e-01	6.608871909047500104e-01	7.250902678183199779e-01	5.988758531603074475e-01	1.000000000000039968e+00	7.725660219394779871e-01	7.829731361746450347e-01	5.988758531603074475e-01	5.988758531603074475e-01	5.988758531603074475e-01	6.861256374873859754e-01	5.988758531603074475e-01	1.000000000000000021e-03	6.343845791621529617e-01	5.988758531603074475e-01	6.468997200890740373e-01	6.037967391555709717e-01	5.988758531603074475e-01	6.249655063566650348e-01	5.988758531603074475e-01	7.165426702159719552e-01	5.988758531603074475e-01	6.863409365529630213e-01	7.315833991393989599e-01	6.468675233191549800e-01	7.303101080712259829e-01	4.372013257911789852e-01	5.988758531603074475e-01	6.580419911263110100e-01	5.988758531603074475e-01	6.537481419006440087e-01	7.176451990050629615e-01	5.503407723329509782e-01	6.611072058071459923e-01	5.902067449980969993e-01	5.988758531603074475e-01	5.599118959135429563e-01	6.269910172638949453e-01	5.141760923007330231e-01	5.988758531603074475e-01	6.442410056986890288e-01	5.471862864191759934e-01	5.988758531603074475e-01	5.988758531603074475e-01	5.988758531603074475e-01	5.988758531603074475e-01	6.266725429383439572e-01	5.988758531603074475e-01	5.988758531603074475e-01	5.984374261844309650e-01	5.988758531603074475e-01	5.024481156895550527e-01	5.826162233405940416e-01	5.988758531603074475e-01	4.851219083297739765e-01	5.988758531603074475e-01	5.988758531603074475e-01	5.988758531603074475e-01	6.497414467199349453e-01	5.988758531603074475e-01	7.236540486849839526e-01	5.988758531603074475e-01	5.988758531603074475e-01	6.288278760922000332e-01	5.988758531603074475e-01	6.016945017165920007e-01	5.988758531603074475e-01	4.764386984473020226e-01	5.988758531603074475e-01	5.357601631502370010e-01	6.423587130032519799e-01	5.988758531603074475e-01	5.988758531603074475e-01	5.141994931589329854e-01	5.988758531603074475e-01	5.988758531603074475e-01	6.262002025435690067e-01	5.988758531603074475e-01	5.988758531603074475e-01	5.988758531603074475e-01	5.988758531603074475e-01	5.988758531603074475e-01	5.988758531603074475e-01	5.988758531603074475e-01	5.988758531603074475e-01	6.926549041132930018e-01	7.177277802575720012e-01	5.988758531603074475e-01	6.363061182405289617e-01	6.405694621676359946e-01	5.988758531603074475e-01	5.988758531603074475e-01	5.084590660272939600e-01	6.657213943781310483e-01	6.751492483199580397e-01	4.923623319150409738e-01	6.105293947842840296e-01	6.170858173247180112e-01	5.988758531603074475e-01	5.151144062199709550e-01	5.988758531603074475e-01	5.026499423993799898e-01	5.988758531603074475e-01	5.241563762189560549e-01	6.790278657710959731e-01	5.988758531603074475e-01	5.771396661407169892e-01	5.457387060550219493e-01	6.616422575899879588e-01	5.988758531603074475e-01	6.174323439895500476e-01	6.736008294509140404e-01	6.814974073687759537e-01	7.132127862399290086e-01	7.148766614176980116e-01	5.988758531603074475e-01	7.224973777241370243e-01	5.988758531603074475e-01	7.213391123880119604e-01	7.049344031769579910e-01	6.891766486133089620e-01	5.988758531603074475e-01
6.764951410492759942e-01	5.988758531603074475e-01	6.748868575157069838e-01	5.988758531603074475e-01	6.695872242941529606e-01	5.988758531603074475e-01	7.725660219394779871e-01	9.999999999999440448e-01	5.988758531603074475e-01	5.988758531603074475e-01	5.988758531603074475e-01	5.779995454602899763e-01	5.988758531603074475e-01	5.579863434281440160e-01	5.988758531603074475e-01	6.211888705548479495e-01	5.623690060650390343e-01	6.251081798187330119e-01	5.988758531603074475e-01	6.221267442047000440e-01	5.988758531603074475e-01	5.988758531603074475e-01	5.988758531603074475e-01	5.988758531603074475e-01	6.946323776145070239e-01	6.832600496515639499e-01	6.003562113099309983e-01	5.988758531603074475e-01	5.988758531603074475e-01	5.988758531603074475e-01	5.988758531603074475e-01	6.014156537654710144e-01	6.310675131999500254e-01	6.432875646737910014e-01	5.988758531603074475e-01	5.988758531603074475e-01	5.608806265903270027e-01	6.117746285801529682e-01	5.311828762408340454e-01	5.556192700375139903e-01	4.974268800476530084e-01	5.988758531603074475e-01	6.453155016575340408e-01	4.982894667142589995e-01	5.988758531603074475e-01	5.787198431937380372e-01	4.879962844987040249e-01	5.440347172169279766e-01	5.839932091002899561e-01	5.745618111573880249e-01	5.988758531603074475e-01	5.438654528537300026e-01	5.988758531603074475e-01	5.988758531603074475e-01	5.320839030270519965e-01	5.988758531603074475e-01	5.988758531603074475e-01	5.988758531603074475e-01	5.988758531603074475e-01	4.250084744347559784e-01	5.822811277214819947e-01	5.424318438181080504e-01	6.924337612690200094e-01	5.988758531603074475e-01	5.988758531603074475e-01	5.689212204955440555e-01	5.988758531603074475e-01	5.988758531603074475e-01	5.988758531603074475e-01	4.561818832235159937e-01	5.988758531603074475e-01	4.994507282152950145e-01	5.988758531603074475e-01	6.307950971455630329e-01	6.098217700151099541e-01	5.988758531603074475e-01	5.988758531603074475e-01	6.202452217859789618e-01	5.888833805492580398e-01	5.988758531603074475e-01	5.988758531603074475e-01	5.988758531603074475e-01	5.988758531603074475e-01	6.076092727266759752e-01	5.988758531603074475e-01	5.988758531603074475e-01	5.988758531603074475e-01	5.988758531603074475e-01	6.673936616865610016e-01	5.988758531603074475e-01	5.988758531603074475e-01	5.988758531603074475e-01	5.988758531603074475e-01	5.988758531603074475e-01	4.473827262405180027e-01	6.357212508606500112e-01	5.988758531603074475e-01	5.988758531603074475e-01	5.458691665662219750e-01	5.988758531603074475e-01	6.971573742629929571e-01	5.988758531603074475e-01	5.988758531603074475e-01	4.335325324282049975e-01	4.575165364457279837e-01	4.916848010868939967e-01	5.988758531603074475e-01	5.988758531603074475e-01	5.095692971851379927e-01	5.988758531603074475e-01	5.988758531603074475e-01	6.265396623124740438e-01	5.988758531603074475e-01	6.013463637229640169e-01	5.988758531603074475e-01	5.988758531603074475e-01	6.616525094657269568e-01	6.686677168563449625e-01	5.988758531603074475e-01	6.292658777420370164e-01	6.706015655762199712e-01	5.988758531603074475e-01	5.988758531603074475e-01	6.459285131021600401e-01
7.144950638896719886e-01	5.988758531603074475e-01	7.291399085706280481e-01	5.988758531603074475e-01	5.988758531603074475e-01	7.011788490896979642e-01	7.829731361746450347e-01	5.988758531603074475e-01	1.000000000000190070e+00	5.988758531603074475e-01	6.037244468910759609e-01	5.372163587217889669e-01	5.988758531603074475e-01	5.988758531603074475e-01	5.988758531603074475e-01	6.293216964559029680e-01	5.988758531603074475e-01	5.988758531603074475e-01	5.825594474275379575e-01	5.912452208198469839e-01	6.949407295801930395e-01	4.545215598561500037e-01	5.988758531603074475e-01	5.988758531603074475e-01	6.837560607333570406e-01	6.990064168649939846e-01	5.988758531603074475e-01	5.988758531603074475e-01	3.503281431406150004e-01	6.270765313520260120e-01	6.600400053846670057e-01	5.988758531603074475e-01	6.854071311297470492e-01	6.800943131078579507e-01	5.988758531603074475e-01	6.321128422109949518e-01	6.161455839445979521e-01	5.988758531603074475e-01	5.956767690875689469e-01	5.574521827251449624e-01	5.988758531603074475e-01	5.988758531603074475e-01	5.988758531603074475e-01	5.988758531603074475e-01	6.933941940898940004e-01	5.988758531603074475e-01	5.988758531603074475e-01	5.988758531603074475e-01	5.923929084664929512e-01	5.988758531603074475e-01	7.111554267712459909e-01	5.521364324343099872e-01	5.988758531603074475e-01	5.212065784607089469e-01	5.769997250116030152e-01	6.988711771097180225e-01	5.988758531603074475e-01	5.988758531603074475e-01	5.715409639258159924e-01	4.507586740254029833e-01	5.988758531603074475e-01	5.769885605194210454e-01	5.988758531603074475e-01	5.988758531603074475e-01	5.404916027371110543e-01	5.988758531603074475e-01	5.988758531603074475e-01	6.073568453844679915e-01	5.988758531603074475e-01	5.301065006743189700e-01	5.262346199468540542e-01	5.988758531603074475e-01	5.988758531603074475e-01	6.611094697250839980e-01	5.988758531603074475e-01	5.988758531603074475e-01	5.988758531603074475e-01	6.319096262717599499e-01	5.988758531603074475e-01	5.988758531603074475e-01	5.988758531603074475e-01	5.988758531603074475e-01	5.146768587987370358e-01	5.988758531603074475e-01	5.583538128105549614e-01	5.988758531603074475e-01	5.988758531603074475e-01	5.988758531603074475e-01	6.824968871513460433e-01	5.707003516408889476e-01	5.817102100308260137e-01	5.988758531603074475e-01	5.988758531603074475e-01	5.988758531603074475e-01	5.988758531603074475e-01	5.988758531603074475e-01	6.576172412406140477e-01	4.501711164778929852e-01	5.772984669501799448e-01	5.988758531603074475e-01	7.041182094698249516e-01	5.561368526297509884e-01	5.014001217553040179e-01	4.201495853884770204e-01	5.304111677412870485e-01	5.181044669790350055e-01	6.075935442427500277e-01	6.793928947020909659e-01	5.988758531603074475e-01	5.610018148050019970e-01	5.988758531603074475e-01	7.026268513261150206e-01	5.988758531603074475e-01	5.988758531603074475e-01	6.521513625669860259e-01	6.891395235677719722e-01	5.988758531603074475e-01	5.988758531603074475e-01	7.022435910216540123e-01	5.988758531603074475e-01	5.988758531603074475e-01	6.664507660764129593e-01	6.847648428563619660e-01	5.988758531603074475e-01
5.988758531603074475e-01	5.988758531603074475e-01	5.988758531603074475e-01	6.302614775088269949e-01	6.971560632035790350e-01	5.988758531603074475e-01	5.988758531603074475e-01	5.988758531603074475e-01	5.988758531603074475e-01	1.000000000000099920e+00	5.988758531603074475e-01	5.988758531603074475e-01	5.988758531603074475e-01	5.988758531603074475e-01	1.000000000000000021e-03	5.988758531603074475e-01	4.710456829492989939e-01	5.829459708691300257e-01	5.988758531603074475e-01	6.832942355961819647e-01	5.573819874508819661e-01	5.988758531603074475e-01	5.988758531603074475e-01	5.988758531603074475e-01	6.383013578805849519e-01	7.336433632723640130e-01	5.988758531603074475e-01	5.988758531603074475e-01	5.988758531603074475e-01	5.988758531603074475e-01	5.988758531603074475e-01	5.348582299691050368e-01	5.988758531603074475e-01	6.223703261489259564e-01	5.988758531603074475e-01	5.988758531603074475e-01	5.988758531603074475e-01	5.988758531603074475e-01	5.988758531603074475e-01	5.988758531603074475e-01	5.988758531603074475e-01	5.988758531603074475e-01	5.886582316990589536e-01	5.145957642873609794e-01	5.988758531603074475e-01	5.111338729253650515e-01	5.988758531603074475e-01	5.178322176792280462e-01	5.988758531603074475e-01	5.988758531603074475e-01	6.279603360153890312e-01	5.927004876517230070e-01	5.988758531603074475e-01	5.988758531603074475e-01	5.988758531603074475e-01	5.785609649348270045e-01	5.988758531603074475e-01	5.988758531603074475e-01	5.433713997388800454e-01	4.973737653246559920e-01	6.649661342762159810e-01	5.988758531603074475e-01	6.502563699384950047e-01	5.988758531603074475e-01	4.650274081909829826e-01	6.488397962177879785e-01	5.447747964978300050e-01	5.988758531603074475e-01	5.728708249120939566e-01	5.988758531603074475e-01	5.988758531603074475e-01	4.802083771928850053e-01	5.988758531603074475e-01	6.352214839705170313e-01	5.890501813303320455e-01	5.344766770263810196e-01	6.220326446913450047e-01	6.257170453768540197e-01	5.988758531603074475e-01	5.872107455005589616e-01	6.299189913076429503e-01	5.988758531603074475e-01	5.296913331405269654e-01	5.988758531603074475e-01	5.988758531603074475e-01	5.988758531603074475e-01	5.988758531603074475e-01	6.550394655894989926e-01	6.416693841170200141e-01	5.988758531603074475e-01	5.988758531603074475e-01	5.637051443513539928e-01	5.988758531603074475e-01	5.096195470290859619e-01	5.988758531603074475e-01	5.578986426646289631e-01	5.988758531603074475e-01	5.338882408566709703e-01	5.789940275597630359e-01	6.575595442280409708e-01	5.988758531603074475e-01	5.988758531603074475e-01	4.801483069562649808e-01	5.988758531603074475e-01	5.988758531603074475e-01	5.810170270059760167e-01	6.584348081467680247e-01	5.988758531603074475e-01	5.988758531603074475e-01	5.311980417829890166e-01	5.988758531603074475e-01	5.988758531603074475e-01	5.988758531603074475e-01	6.396832767578910506e-01	6.090068687534729852e-01	6.069621098003660231e-01	6.440957045661439562e-01	6.262703089017109814e-01	6.405065297110179579e-01	6.249647395393700400e-01	5.988758531603074475e-01	5.988758531603074475e-01	6.389554958353079739e-01	5.988758531603074475e-01
6.623195728496500401e-01	5.988758531603074475e-01	6.282590334297200041e-01	6.542750421875660471e-01	5.988758531603074475e-01	5.691720168548509706e-01	5.988758531603074475e-01	5.988758531603074475e-01	6.037244468910759609e-01	5.988758531603074475e-01	9.999999999999870104e-01	5.988758531603074475e-01	6.227643199699419707e-01	5.329979296372520103e-01	1.000000000000000021e-03	5.988758531603074475e-01	5.988758531603074475e-01	5.988758531603074475e-01	5.992294989466590005e-01	5.988758531603074475e-01	5.433345143848420378e-01	5.988758531603074475e-01	5.988758531603074475e-01	6.321817713006190331e-01	5.988758531603074475e-01	5.988758531603074475e-01	5.988758531603074475e-01	6.764723934624979895e-01	5.988758531603074475e-01	4.803248756019760091e-01	5.988758531603074475e-01	5.772358598426839960e-01	5.790070372362999818e-01	6.614635895315990055e-01	4.985218129129709852e-01	5.988758531603074475e-01	5.988758531603074475e-01	5.988758531603074475e-01	5.988758531603074475e-01	6.388663925674560318e-01	5.988758531603074475e-01	6.424967488153410233e-01	5.778365896473900420e-01	5.215821857175559906e-01	5.988758531603074475e-01	5.204570196922280179e-01	5.988758531603074475e-01	5.988758531603074475e-01	5.988758531603074475e-01	6.305741747468810443e-01	5.988758531603074475e-01	6.006862094697229537e-01	5.988758531603074475e-01	5.988758531603074475e-01	5.988758531603074475e-01	5.747714783892230450e-01	5.988758531603074475e-01	5.953950426426379838e-01	5.288366716643549958e-01	4.845306601037889793e-01	6.804774251556859888e-01	5.988758531603074475e-01	6.909032856575429982e-01	5.988758531603074475e-01	4.345384026786440201e-01	5.988758531603074475e-01	5.988758531603074475e-01	5.988758531603074475e-01	5.696905025024849856e-01	5.988758531603074475e-01	5.389219695823519451e-01	4.816847539437790204e-01	5.988758531603074475e-01	5.988758531603074475e-01	5.988758531603074475e-01	5.599511174176959871e-01	6.675610975102279632e-01	6.377046843991639458e-01	5.782335937115840041e-01	6.089717107539239782e-01	7.009220590554029462e-01	5.288742621883499861e-01	4.994984613518029803e-01	5.988758531603074475e-01	5.988758531603074475e-01	5.988758531603074475e-01	5.744832968939850293e-01	5.988758531603074475e-01	5.988758531603074475e-01	5.988758531603074475e-01	6.549733182349950500e-01	5.594190564868130044e-01	5.988758531603074475e-01	4.862517012133910077e-01	5.988758531603074475e-01	5.988758531603074475e-01	6.530670978098720436e-01	5.232759708775439611e-01	5.988758531603074475e-01	6.806738378843659731e-01	5.988758531603074475e-01	4.557869375353679753e-01	5.988758531603074475e-01	5.988758531603074475e-01	4.298456711787260187e-01	5.988758531603074475e-01	5.988758531603074475e-01	5.988758531603074475e-01	5.722597283287550463e-01	5.099799463936940391e-01	6.441213960762049995e-01	5.988758531603074475e-01	5.988758531603074475e-01	5.988758531603074475e-01	5.988758531603074475e-01	6.577084161367769966e-01	6.719520996423520298e-01	5.988758531603074475e-01	6.687187479805759560e-01	5.988758531603074475e-01	6.972737920860320182e-01	6.989526453030779907e-01	6.472334454218410249e-01	5.988758531603074475e-01
5.988758531603074475e-01	6.045841637771549593e-01	5.660309450000009512e-01	6.006176010327189951e-01	5.988758531603074475e-01	5.988758531603074475e-01	5.988758531603074475e-01	5.779995454602899763e-01	5.372163587217889669e-01	5.988758531603074475e-01	5.988758531603074475e-01	1.000000000000059952e+00	5.988758531603074475e-01	4.969526236029550015e-01	1.000000000000000021e-03	5.616186416333339704e-01	5.988758531603074475e-01	5.988758531603074475e-01	5.621299747583810014e-01	6.616466571653959461e-01	4.755413550198649975e-01	5.787589127048320403e-01	6.480198323133230520e-01	5.988758531603074475e-01	5.988758531603074475e-01	5.988758531603074475e-01	5.988758531603074475e-01	5.988758531603074475e-01	5.379310082866890497e-01	5.988758531603074475e-01	5.599449358655500530e-01	5.434159496924010346e-01	5.236920896457010199e-01	5.988758531603074475e-01	4.658273828439319919e-01	5.880583430234630482e-01	5.988758531603074475e-01	5.988758531603074475e-01	4.579176005164909968e-01	6.278227390438809730e-01	5.988758531603074475e-01	5.996967524000229588e-01	5.053624479876710485e-01	5.988758531603074475e-01	5.572029185368040372e-01	5.988758531603074475e-01	4.618349396851649802e-01	4.760301416662769958e-01	5.886456793744540006e-01	5.988758531603074475e-01	5.998176685173080003e-01	5.804478347363180024e-01	5.553739368684540434e-01	4.490609212291810093e-01	5.988758531603074475e-01	5.212196365041029678e-01	5.244306270000189674e-01	5.888456508996949834e-01	4.974684201025810215e-01	4.793527313243879928e-01	5.988758531603074475e-01	5.988758531603074475e-01	7.230385643509930071e-01	5.988758531603074475e-01	3.833067678491219876e-01	5.894488587201159868e-01	4.977161318303919835e-01	5.988758531603074475e-01	5.988758531603074475e-01	3.791664138850660004e-01	5.988758531603074475e-01	4.579308707529879952e-01	5.783344928834579513e-01	5.988758531603074475e-01	5.594067875670699630e-01	5.771783427655360343e-01	5.988758531603074475e-01	5.988758531603074475e-01	5.988758531603074475e-01	5.988758531603074475e-01	5.988758531603074475e-01	5.056541829513500064e-01	4.494140369892509757e-01	4.723613800060060264e-01	4.172792191790359873e-01	5.988758531603074475e-01	5.988758531603074475e-01	6.250855322364109457e-01	5.988758531603074475e-01	5.988758531603074475e-01	6.156026614223889526e-01	5.214167955355619721e-01	4.129501944061779728e-01	4.611378605542790221e-01	5.165450778003269905e-01	5.988758531603074475e-01	5.929691640189069801e-01	5.988758531603074475e-01	5.988758531603074475e-01	6.036449499092549908e-01	6.044204892349059888e-01	4.216178049084319812e-01	4.437936969668960230e-01	5.988758531603074475e-01	3.947423926369280078e-01	4.969854320437370188e-01	5.988758531603074475e-01	5.988758531603074475e-01	5.501814283167789643e-01	5.988758531603074475e-01	6.128545587330550548e-01	5.033275348764469914e-01	5.142847347187270435e-01	6.404233499220020054e-01	6.076071281455189821e-01	5.988758531603074475e-01	6.213238353040430040e-01	6.100221612644090019e-01	6.230986389978240281e-01	6.627130552637660044e-01	5.988758531603074475e-01	5.988758531603074475e-01	6.632034702512179525e-01	6.934899450831759626e-01
