1.000000000000000000e+00	8.158532122453570068e-01	8.158532122453570068e-01	8.158532122453570068e-01	8.158532122453570068e-01	8.063465959714080089e-01	8.158532122453570068e-01	8.471002149769489842e-01	8.912093790823839567e-01	8.158532122453570068e-01	9.225132488705030109e-01	8.158532122453570068e-01	8.158532122453570068e-01	4.199623450072699771e-01	8.158532122453570068e-01	8.158532122453570068e-01	8.158532122453570068e-01	8.158532122453570068e-01	9.270091101042320370e-01	9.093282926205690231e-01	6.410509725250299606e-01	8.158532122453570068e-01	7.500952021834760286e-01	8.158532122453570068e-01	8.158532122453570068e-01	9.392393512056299576e-01	8.158532122453570068e-01	8.476668542650750426e-01	9.353791942996559916e-01	8.158532122453570068e-01	8.234323131038420174e-01	8.158532122453570068e-01	8.158532122453570068e-01	8.158532122453570068e-01	9.397974953730100500e-01	9.197031969497639903e-01	9.036906102313869704e-01	8.158532122453570068e-01	9.529099672367059570e-01	8.158532122453570068e-01	9.459481561053070253e-01	8.158532122453570068e-01	8.158532122453570068e-01	8.158532122453570068e-01	8.158532122453570068e-01	8.158532122453570068e-01	8.158532122453570068e-01	9.441282771009029684e-01	8.158532122453570068e-01	8.158532122453570068e-01	8.158532122453570068e-01	8.158532122453570068e-01	8.158532122453570068e-01	9.353362437748780067e-01	8.158532122453570068e-01	8.158532122453570068e-01	9.350973674746499986e-01	9.483020982489860362e-01	9.253212641190680099e-01	8.158532122453570068e-01	9.501027549699030406e-01	8.158532122453570068e-01	8.158532122453570068e-01	8.158532122453570068e-01	8.158532122453570068e-01	8.158532122453570068e-01	8.158532122453570068e-01	7.674500899938979659e-01	8.158532122453570068e-01	8.158532122453570068e-01	8.158532122453570068e-01	8.158532122453570068e-01	8.158532122453570068e-01	8.158532122453570068e-01	5.429284510988340307e-01	8.158532122453570068e-01	8.158532122453570068e-01	9.169385455860580292e-01	8.158532122453570068e-01	8.158532122453570068e-01	9.122349204494479835e-01	9.523713675590970151e-01	9.050142767147789646e-01	8.158532122453570068e-01	9.394388429253890394e-01	8.158532122453570068e-01	9.490835069363849907e-01	8.158532122453570068e-01	1.000000000000000021e-03	8.158532122453570068e-01	8.158532122453570068e-01	8.158532122453570068e-01	8.158532122453570068e-01	9.153872471148469803e-01	8.158532122453570068e-01	9.347753836489159918e-01	8.158532122453570068e-01	8.158532122453570068e-01	9.564114352990460421e-01	8.158532122453570068e-01	9.513360343911200223e-01	8.158532122453570068e-01	8.158532122453570068e-01	8.158532122453570068e-01	8.158532122453570068e-01	8.158532122453570068e-01	6.569397542862880357e-01	8.158532122453570068e-01	8.158532122453570068e-01	9.023507517880530182e-01	8.158532122453570068e-01	8.285550358753609457e-01	7.905450604771729894e-01	8.158532122453570068e-01	8.158532122453570068e-01	8.158532122453570068e-01	8.158532122453570068e-01	8.158532122453570068e-01	8.158532122453570068e-01	8.158532122453570068e-01	8.158532122453570068e-01	8.158532122453570068e-01	9.197427900090719977e-01	8.158532122453570068e-01
8.158532122453570068e-01	1.000000000000000000e+00	8.483945561440570104e-01	8.158532122453570068e-01	8.158532122453570068e-01	8.158532122453570068e-01	7.852177838477539806e-01	7.800853440636840164e-01	8.158532122453570068e-01	8.158532122453570068e-01	8.158532122453570068e-01	7.936594434260489939e-01	8.158532122453570068e-01	8.158532122453570068e-01	8.158532122453570068e-01	7.106720556092429586e-01	8.158532122453570068e-01	8.158532122453570068e-01	6.301412145574210033e-01	6.427070604347649985e-01	7.214609064705890251e-01	6.106482637605380459e-01	8.158532122453570068e-01	8.158532122453570068e-01	7.032059097555449778e-01	8.158532122453570068e-01	8.158532122453570068e-01	8.158532122453570068e-01	8.158532122453570068e-01	8.158532122453570068e-01	8.158532122453570068e-01	8.158532122453570068e-01	8.158532122453570068e-01	8.158532122453570068e-01	8.158532122453570068e-01	5.566183945353799789e-01	8.158532122453570068e-01	8.158532122453570068e-01	8.158532122453570068e-01	8.158532122453570068e-01	6.501444524813400072e-01	8.158532122453570068e-01	8.158532122453570068e-01	8.158532122453570068e-01	6.054184979038680359e-01	8.158532122453570068e-01	8.158532122453570068e-01	8.158532122453570068e-01	8.158532122453570068e-01	8.158532122453570068e-01	8.158532122453570068e-01	6.364113877989719947e-01	7.661538984545329667e-01	8.158532122453570068e-01	8.158532122453570068e-01	8.158532122453570068e-01	8.158532122453570068e-01	8.158532122453570068e-01	8.158532122453570068e-01	8.158532122453570068e-01	8.158532122453570068e-01	8.158532122453570068e-01	8.158532122453570068e-01	8.158532122453570068e-01	8.158532122453570068e-01	8.519495306946830437e-01	6.701746194513370503e-01	8.158532122453570068e-01	6.675562957250229523e-01	8.158532122453570068e-01	8.158532122453570068e-01	8.158532122453570068e-01	8.158532122453570068e-01	8.158532122453570068e-01	7.003198406561049749e-01	8.158532122453570068e-01	6.160275061558160292e-01	6.256147018001629867e-01	8.158532122453570068e-01	8.158532122453570068e-01	8.158532122453570068e-01	8.158532122453570068e-01	6.384731337361549963e-01	8.241321145782789515e-01	8.158532122453570068e-01	8.158532122453570068e-01	8.158532122453570068e-01	8.158532122453570068e-01	1.000000000000000021e-03	8.158532122453570068e-01	8.158532122453570068e-01	8.158532122453570068e-01	8.158532122453570068e-01	6.381598751865720232e-01	6.004195936987990478e-01	8.158532122453570068e-01	8.158532122453570068e-01	8.158532122453570068e-01	6.096973889084570386e-01	8.158532122453570068e-01	8.158532122453570068e-01	8.158532122453570068e-01	8.158532122453570068e-01	8.158532122453570068e-01	8.158532122453570068e-01	8.158532122453570068e-01	8.158532122453570068e-01	6.171405532920739567e-01	8.158532122453570068e-01	5.833977503429730316e-01	8.158532122453570068e-01	7.034057349120209635e-01	8.158532122453570068e-01	7.955567909044249930e-01	8.158532122453570068e-01	6.857099100712350515e-01	8.158532122453570068e-01	8.158532122453570068e-01	7.019739010915839739e-01	8.158532122453570068e-01	8.158532122453570068e-01	8.158532122453570068e-01	8.158532122453570068e-01	6.085017088190209922e-01
8.158532122453570068e-01	8.483945561440570104e-01	1.000000000000000000e+00	8.158532122453570068e-01	8.158532122453570068e-01	7.797921180236220273e-01	8.049107853332609919e-01	7.865123687585170442e-01	8.109114119917889552e-01	8.158532122453570068e-01	8.158532122453570068e-01	8.158532122453570068e-01	8.158532122453570068e-01	8.158532122453570068e-01	6.527600473502109812e-01	8.158532122453570068e-01	8.158532122453570068e-01	8.158532122453570068e-01	6.923541618900159733e-01	8.158532122453570068e-01	7.763711109172199976e-01	6.565514831119959593e-01	8.158532122453570068e-01	8.333125368835260227e-01	8.158532122453570068e-01	6.792522218779950549e-01	8.158532122453570068e-01	8.158532122453570068e-01	8.158532122453570068e-01	7.564422853086669729e-01	7.268081235845690324e-01	6.293965698153060062e-01	8.158532122453570068e-01	8.084389883649459874e-01	8.158532122453570068e-01	5.805583578792780086e-01	7.145209234520979447e-01	8.158532122453570068e-01	8.158532122453570068e-01	8.158532122453570068e-01	6.347296233795559628e-01	8.158532122453570068e-01	8.158532122453570068e-01	8.158532122453570068e-01	8.158532122453570068e-01	8.158532122453570068e-01	8.909459743685690380e-01	6.323096623635660052e-01	8.158532122453570068e-01	8.158532122453570068e-01	8.158532122453570068e-01	8.158532122453570068e-01	7.808155303193190511e-01	6.418794034510669766e-01	8.158532122453570068e-01	8.719462426859490023e-01	8.158532122453570068e-01	8.158532122453570068e-01	8.158532122453570068e-01	8.158532122453570068e-01	6.181881899464299890e-01	8.158532122453570068e-01	8.158532122453570068e-01	8.158532122453570068e-01	8.158532122453570068e-01	8.158532122453570068e-01	8.158532122453570068e-01	8.158532122453570068e-01	6.598856294702950542e-01	8.158532122453570068e-01	8.158532122453570068e-01	8.158532122453570068e-01	6.200947919485100268e-01	8.158532122453570068e-01	8.158532122453570068e-01	8.158532122453570068e-01	8.158532122453570068e-01	8.158532122453570068e-01	8.490424681803200313e-01	8.158532122453570068e-01	8.158532122453570068e-01	6.331758585221339830e-01	8.158532122453570068e-01	8.998396727171880105e-01	8.158532122453570068e-01	6.386820581932639573e-01	8.158532122453570068e-01	8.158532122453570068e-01	8.158532122453570068e-01	8.158532122453570068e-01	8.158532122453570068e-01	8.549058021556700249e-01	7.417698285996630059e-01	8.158532122453570068e-01	8.158532122453570068e-01	8.158532122453570068e-01	8.158532122453570068e-01	8.158532122453570068e-01	8.158532122453570068e-01	8.158532122453570068e-01	8.158532122453570068e-01	8.158532122453570068e-01	6.390340855068330495e-01	8.328845601531339460e-01	8.158532122453570068e-01	8.158532122453570068e-01	8.002580149059560499e-01	8.158532122453570068e-01	8.158532122453570068e-01	8.158532122453570068e-01	8.158532122453570068e-01	8.158532122453570068e-01	8.158532122453570068e-01	7.773275664747689717e-01	8.581555121303610090e-01	8.158532122453570068e-01	6.586331087282639718e-01	7.647852666559989965e-01	8.158532122453570068e-01	8.158532122453570068e-01	8.158532122453570068e-01	6.204971179771230361e-01	8.158532122453570068e-01	8.158532122453570068e-01
8.158532122453570068e-01	8.158532122453570068e-01	8.158532122453570068e-01	1.000000000000000000e+00	8.158532122453570068e-01	8.158532122453570068e-01	8.158532122453570068e-01	8.158532122453570068e-01	8.158532122453570068e-01	8.158532122453570068e-01	8.158532122453570068e-01	7.011162001884809758e-01	8.158532122453570068e-01	5.166289656638739514e-01	8.158532122453570068e-01	8.158532122453570068e-01	8.158532122453570068e-01	6.285012715631459468e-01	8.119640143041260139e-01	8.158532122453570068e-01	8.158532122453570068e-01	8.121667737105600082e-01	8.158532122453570068e-01	8.158532122453570068e-01	8.158532122453570068e-01	8.158532122453570068e-01	8.158532122453570068e-01	8.158532122453570068e-01	8.092607425027009693e-01	8.429290003287690514e-01	8.158532122453570068e-01	8.158532122453570068e-01	8.158532122453570068e-01	8.211432064029969835e-01	8.246029235104700428e-01	8.158532122453570068e-01	8.158532122453570068e-01	8.097881260304370388e-01	8.158532122453570068e-01	8.158532122453570068e-01	8.158532122453570068e-01	8.158532122453570068e-01	8.158532122453570068e-01	7.906902774054089811e-01	7.994729351477789514e-01	8.158532122453570068e-01	7.537421326033909574e-01	8.158532122453570068e-01	8.158532122453570068e-01	8.158532122453570068e-01	8.158532122453570068e-01	8.087638760827320361e-01	8.158532122453570068e-01	8.158532122453570068e-01	7.795482200625669655e-01	7.909762511921519801e-01	8.158532122453570068e-01	8.158532122453570068e-01	7.862731384930670142e-01	8.158532122453570068e-01	7.927647945873239621e-01	7.156003654096589894e-01	7.941219602112810083e-01	8.158532122453570068e-01	8.158532122453570068e-01	8.158532122453570068e-01	7.851073692669080506e-01	8.006232706093849849e-01	8.158532122453570068e-01	8.158532122453570068e-01	8.158532122453570068e-01	8.158532122453570068e-01	8.158532122453570068e-01	8.158532122453570068e-01	8.158532122453570068e-01	8.158532122453570068e-01	8.158532122453570068e-01	8.158532122453570068e-01	8.158532122453570068e-01	8.158532122453570068e-01	8.158532122453570068e-01	8.141550953633499565e-01	8.158532122453570068e-01	8.158532122453570068e-01	7.970239497159119502e-01	8.158532122453570068e-01	8.158532122453570068e-01	8.158532122453570068e-01	8.158532122453570068e-01	7.630664172109300480e-01	8.158532122453570068e-01	8.158532122453570068e-01	8.158532122453570068e-01	7.874587180963279476e-01	8.158532122453570068e-01	8.158532122453570068e-01	8.148072581132990155e-01	8.158532122453570068e-01	8.133913969543390410e-01	8.308338063929510131e-01	8.158532122453570068e-01	7.006254069909549909e-01	8.158532122453570068e-01	8.158532122453570068e-01	8.310221978658589581e-01	8.158532122453570068e-01	8.158532122453570068e-01	7.473190406179109901e-01	8.158532122453570068e-01	8.158532122453570068e-01	8.158532122453570068e-01	8.158532122453570068e-01	7.888384941176329601e-01	8.158532122453570068e-01	7.298913263700039789e-01	8.158532122453570068e-01	8.158532122453570068e-01	8.200316345413229957e-01	8.628377902147950085e-01	8.193870480762469599e-01	8.158532122453570068e-01	8.158532122453570068e-01	7.775328338785589821e-01	8.158532122453570068e-01
8.158532122453570068e-01	8.158532122453570068e-01	8.158532122453570068e-01	8.158532122453570068e-01	1.000000000000000000e+00	8.158532122453570068e-01	8.902788604675959672e-01	8.158532122453570068e-01	8.158532122453570068e-01	8.158532122453570068e-01	8.158532122453570068e-01	8.158532122453570068e-01	8.158532122453570068e-01	5.537869452341359633e-01	8.158532122453570068e-01	9.077325547837850062e-01	8.158532122453570068e-01	8.158532122453570068e-01	8.636107358713329685e-01	8.158532122453570068e-01	7.310128700564729742e-01	8.158532122453570068e-01	8.158532122453570068e-01	8.158532122453570068e-01	9.031228065956989903e-01	8.158532122453570068e-01	8.984874735413379554e-01	8.158532122453570068e-01	8.393225361127359951e-01	8.158532122453570068e-01	8.158532122453570068e-01	8.158532122453570068e-01	8.290711991406369830e-01	8.158532122453570068e-01	8.158532122453570068e-01	8.158532122453570068e-01	8.158532122453570068e-01	8.909894435681039448e-01	8.158532122453570068e-01	8.158532122453570068e-01	8.158532122453570068e-01	7.896969822097610336e-01	8.158532122453570068e-01	8.158532122453570068e-01	8.379506460080949903e-01	8.158532122453570068e-01	8.158532122453570068e-01	8.158532122453570068e-01	8.158532122453570068e-01	8.158532122453570068e-01	8.158532122453570068e-01	8.158532122453570068e-01	8.158532122453570068e-01	8.158532122453570068e-01	8.158532122453570068e-01	8.303213116718070053e-01	8.158532122453570068e-01	8.158532122453570068e-01	8.280320647591780103e-01	8.158532122453570068e-01	8.158532122453570068e-01	8.158532122453570068e-01	8.158532122453570068e-01	5.530388775646010169e-01	8.158532122453570068e-01	8.158532122453570068e-01	8.158532122453570068e-01	8.158532122453570068e-01	8.738175567463299931e-01	8.158532122453570068e-01	8.158532122453570068e-01	8.601008970806970355e-01	8.158532122453570068e-01	8.158532122453570068e-01	8.158532122453570068e-01	8.158532122453570068e-01	8.158532122453570068e-01	8.158532122453570068e-01	8.377486623952810074e-01	8.158532122453570068e-01	8.718786799223290362e-01	8.158532122453570068e-01	8.158532122453570068e-01	8.158532122453570068e-01	8.158532122453570068e-01	8.158532122453570068e-01	8.158532122453570068e-01	8.158532122453570068e-01	8.158532122453570068e-01	8.317403847559590169e-01	8.158532122453570068e-01	8.158532122453570068e-01	8.967640498850170117e-01	8.340542459232309636e-01	8.678917659334299817e-01	8.446944025586580196e-01	8.158532122453570068e-01	8.158532122453570068e-01	8.158532122453570068e-01	8.158532122453570068e-01	8.158532122453570068e-01	8.158532122453570068e-01	8.158532122453570068e-01	8.158532122453570068e-01	8.939169782898129801e-01	8.158532122453570068e-01	8.158532122453570068e-01	8.158532122453570068e-01	8.245981904246759697e-01	8.158532122453570068e-01	8.158532122453570068e-01	8.158532122453570068e-01	8.158532122453570068e-01	8.158532122453570068e-01	7.822801989907790521e-01	8.158532122453570068e-01	8.158532122453570068e-01	8.158532122453570068e-01	8.935142892980939555e-01	8.158532122453570068e-01	8.158532122453570068e-01	8.395176710981659962e-01	8.158532122453570068e-01	8.158532122453570068e-01
8.063465959714080089e-01	8.158532122453570068e-01	7.797921180236220273e-01	8.158532122453570068e-01	8.158532122453570068e-01	1.000000000000000000e+00	8.158532122453570068e-01	7.868713506408050451e-01	8.399249506709529633e-01	8.158532122453570068e-01	8.158532122453570068e-01	8.158532122453570068e-01	8.158532122453570068e-01	8.158532122453570068e-01	8.158532122453570068e-01	8.158532122453570068e-01	8.158532122453570068e-01	8.158532122453570068e-01	7.767165475735759994e-01	7.734155688855790522e-01	8.158532122453570068e-01	8.158532122453570068e-01	8.158532122453570068e-01	8.273004597031899943e-01	8.082765934506990213e-01	7.903136761205169503e-01	8.158532122453570068e-01	8.162794632927480309e-01	8.158532122453570068e-01	8.110906305098229963e-01	8.034014395508880524e-01	8.158532122453570068e-01	7.553055709963439890e-01	8.158532122453570068e-01	8.158532122453570068e-01	8.158532122453570068e-01	8.245011681526289715e-01	8.023760566265240035e-01	7.639735930349970117e-01	8.158532122453570068e-01	8.158532122453570068e-01	8.158532122453570068e-01	8.158532122453570068e-01	8.158532122453570068e-01	7.561991798100979878e-01	8.158532122453570068e-01	8.158532122453570068e-01	8.158532122453570068e-01	8.666074718044769476e-01	8.158532122453570068e-01	8.158532122453570068e-01	8.158532122453570068e-01	8.158532122453570068e-01	7.604386390525309514e-01	7.474777690191749535e-01	8.158532122453570068e-01	7.563706478897550545e-01	7.804234742387079482e-01	8.158532122453570068e-01	8.158532122453570068e-01	8.158532122453570068e-01	8.158532122453570068e-01	8.158532122453570068e-01	8.158532122453570068e-01	8.158532122453570068e-01	7.540147431287109736e-01	8.158532122453570068e-01	8.158532122453570068e-01	7.675866587101080052e-01	8.158532122453570068e-01	8.158532122453570068e-01	7.663078302863429725e-01	8.158532122453570068e-01	7.649191658986700393e-01	8.158532122453570068e-01	8.158532122453570068e-01	8.158532122453570068e-01	7.770554476230699947e-01	8.158532122453570068e-01	7.805175497410899998e-01	7.568201220998760359e-01	8.158532122453570068e-01	7.412080317039300148e-01	7.695740555143839590e-01	8.158532122453570068e-01	8.158532122453570068e-01	8.158532122453570068e-01	7.487681504507669450e-01	1.000000000000000021e-03	8.158532122453570068e-01	8.158532122453570068e-01	7.719386966915650072e-01	8.158532122453570068e-01	7.547031986805510240e-01	8.158532122453570068e-01	8.158532122453570068e-01	8.158532122453570068e-01	8.158532122453570068e-01	8.158532122453570068e-01	7.916393817466790273e-01	8.158532122453570068e-01	8.158532122453570068e-01	7.632679187003089671e-01	8.158532122453570068e-01	7.932745979957529503e-01	8.158532122453570068e-01	8.158532122453570068e-01	8.158532122453570068e-01	8.158532122453570068e-01	7.271148134874400037e-01	8.158532122453570068e-01	8.158532122453570068e-01	8.158532122453570068e-01	8.158532122453570068e-01	8.158532122453570068e-01	7.810060286167790355e-01	8.158532122453570068e-01	8.236639383070070153e-01	8.158532122453570068e-01	8.158532122453570068e-01	7.891441809667280038e-01	8.158532122453570068e-01	8.158532122453570068e-01	8.158532122453570068e-01
8.158532122453570068e-01	7.852177838477539806e-01	8.049107853332609919e-01	8.158532122453570068e-01	8.902788604675959672e-01	8.158532122453570068e-01	1.000000000000000000e+00	9.079305659239940152e-01	8.158532122453570068e-01	8.158532122453570068e-01	8.158532122453570068e-01	8.158532122453570068e-01	8.158532122453570068e-01	8.158532122453570068e-01	8.158532122453570068e-01	8.158532122453570068e-01	8.158532122453570068e-01	6.392138409008449873e-01	8.158532122453570068e-01	8.158532122453570068e-01	8.158532122453570068e-01	8.158532122453570068e-01	8.158532122453570068e-01	8.177191258100019455e-01	8.158532122453570068e-01	8.158532122453570068e-01	8.151861729602980500e-01	8.158532122453570068e-01	7.710065734729639741e-01	8.158532122453570068e-01	8.158532122453570068e-01	7.799599820370609615e-01	8.158532122453570068e-01	8.158532122453570068e-01	8.158532122453570068e-01	8.158532122453570068e-01	8.158532122453570068e-01	8.158532122453570068e-01	7.854341513071859682e-01	8.158532122453570068e-01	8.167926675254499891e-01	8.158532122453570068e-01	8.158532122453570068e-01	8.158532122453570068e-01	8.158532122453570068e-01	7.533225916268010414e-01	8.158532122453570068e-01	8.158532122453570068e-01	8.158532122453570068e-01	8.158532122453570068e-01	8.158532122453570068e-01	7.926624182511310401e-01	8.253700422094220057e-01	7.859257071873659850e-01	8.158532122453570068e-01	8.158532122453570068e-01	8.158532122453570068e-01	8.158532122453570068e-01	8.158532122453570068e-01	7.961095146628770491e-01	7.742217201370720225e-01	8.158532122453570068e-01	8.158532122453570068e-01	8.158532122453570068e-01	8.158532122453570068e-01	8.158532122453570068e-01	8.158532122453570068e-01	8.158532122453570068e-01	8.158532122453570068e-01	8.158532122453570068e-01	7.755716249151110020e-01	8.158532122453570068e-01	8.158532122453570068e-01	8.158532122453570068e-01	6.523817356158050362e-01	7.740106627723629673e-01	8.158532122453570068e-01	8.158532122453570068e-01	8.158532122453570068e-01	8.158532122453570068e-01	8.083670665924189702e-01	8.158532122453570068e-01	8.141200476398700037e-01	8.158532122453570068e-01	8.158532122453570068e-01	7.859437517859130251e-01	7.789287491816180298e-01	7.744061647294570028e-01	8.158532122453570068e-01	8.158532122453570068e-01	8.158532122453570068e-01	8.158532122453570068e-01	8.263678891886190314e-01	8.158532122453570068e-01	7.901753315640950293e-01	8.158532122453570068e-01	8.057497648716109850e-01	8.158532122453570068e-01	8.158532122453570068e-01	8.158532122453570068e-01	8.158532122453570068e-01	8.158532122453570068e-01	8.290331300417109750e-01	8.158532122453570068e-01	8.158532122453570068e-01	8.423751983143870081e-01	8.158532122453570068e-01	8.158532122453570068e-01	8.158532122453570068e-01	8.158532122453570068e-01	7.758454507596259653e-01	8.158532122453570068e-01	8.158532122453570068e-01	7.871604613851479471e-01	8.158532122453570068e-01	8.324209676502879462e-01	8.158532122453570068e-01	8.158532122453570068e-01	8.158532122453570068e-01	8.158532122453570068e-01	8.018857185859730174e-01	8.158532122453570068e-01	7.495077403310730357e-01	8.158532122453570068e-01
8.471002149769489842e-01	7.800853440636840164e-01	7.865123687585170442e-01	8.158532122453570068e-01	8.158532122453570068e-01	7.868713506408050451e-01	9.079305659239940152e-01	1.000000000000000000e+00	8.950362258970080420e-01	8.158532122453570068e-01	8.158532122453570068e-01	8.158532122453570068e-01	8.541578069742450374e-01	8.158532122453570068e-01	8.158532122453570068e-01	8.509769633380660503e-01	8.158532122453570068e-01	6.387938791809689709e-01	8.158532122453570068e-01	8.158532122453570068e-01	7.440703907434510489e-01	8.158532122453570068e-01	8.158532122453570068e-01	8.158532122453570068e-01	8.158532122453570068e-01	8.158532122453570068e-01	8.284860798780769864e-01	8.440086294415020118e-01	8.034936729644750475e-01	8.351944134901210237e-01	8.144472184073470178e-01	8.158532122453570068e-01	8.158532122453570068e-01	8.146459219454460499e-01	8.158532122453570068e-01	7.731869791609150555e-01	8.555881519704440219e-01	8.158532122453570068e-01	8.158532122453570068e-01	8.158532122453570068e-01	8.440183184676609551e-01	8.131533257114670343e-01	8.391611624372420364e-01	8.158532122453570068e-01	8.158532122453570068e-01	8.158532122453570068e-01	8.158532122453570068e-01	8.158532122453570068e-01	8.158532122453570068e-01	8.158532122453570068e-01	8.158532122453570068e-01	8.158532122453570068e-01	8.158532122453570068e-01	8.158532122453570068e-01	8.299020164318220427e-01	7.977654120099539892e-01	8.428370778624110216e-01	8.158532122453570068e-01	8.158532122453570068e-01	8.158532122453570068e-01	8.158532122453570068e-01	8.158532122453570068e-01	8.223388826996740342e-01	8.158532122453570068e-01	8.473287706390210117e-01	8.158532122453570068e-01	8.158532122453570068e-01	8.158532122453570068e-01	8.158532122453570068e-01	8.158532122453570068e-01	8.158532122453570068e-01	8.158532122453570068e-01	8.158532122453570068e-01	8.625060323647679716e-01	8.158532122453570068e-01	8.158532122453570068e-01	8.158532122453570068e-01	8.127566951432489972e-01	8.158532122453570068e-01	8.158532122453570068e-01	8.158532122453570068e-01	8.109137392511870379e-01	8.158532122453570068e-01	8.158532122453570068e-01	8.158532122453570068e-01	8.158532122453570068e-01	8.158532122453570068e-01	8.014646815633430510e-01	8.158532122453570068e-01	8.158532122453570068e-01	8.158532122453570068e-01	7.557175408706340303e-01	8.158532122453570068e-01	8.158532122453570068e-01	8.158532122453570068e-01	8.158532122453570068e-01	8.229149370728989776e-01	8.158532122453570068e-01	8.158532122453570068e-01	8.158532122453570068e-01	8.612222930035530188e-01	8.158532122453570068e-01	8.158532122453570068e-01	8.158532122453570068e-01	8.158532122453570068e-01	8.158532122453570068e-01	7.859166850434510243e-01	8.158532122453570068e-01	8.158532122453570068e-01	8.158532122453570068e-01	8.158532122453570068e-01	8.158532122453570068e-01	8.158532122453570068e-01	7.965163086338830079e-01	8.158532122453570068e-01	8.158532122453570068e-01	8.158532122453570068e-01	8.158532122453570068e-01	8.158532122453570068e-01	8.158532122453570068e-01	8.158532122453570068e-01	8.158532122453570068e-01	8.158532122453570068e-01	8.090099493456850421e-01
8.912093790823839567e-01	8.158532122453570068e-01	8.109114119917889552e-01	8.158532122453570068e-01	8.158532122453570068e-01	8.399249506709529633e-01	8.158532122453570068e-01	8.950362258970080420e-01	1.000000000000000000e+00	8.158532122453570068e-01	9.180497307990640454e-01	8.158532122453570068e-01	8.158532122453570068e-01	8.158532122453570068e-01	8.158532122453570068e-01	8.158532122453570068e-01	8.158532122453570068e-01	8.158532122453570068e-01	8.158532122453570068e-01	8.158532122453570068e-01	7.643837095461010200e-01	8.158532122453570068e-01	8.158532122453570068e-01	8.158532122453570068e-01	9.053909671184130481e-01	8.158532122453570068e-01	8.158532122453570068e-01	8.158532122453570068e-01	8.537142242200139730e-01	8.158532122453570068e-01	8.158532122453570068e-01	8.158532122453570068e-01	8.363217384722020364e-01	8.158532122453570068e-01	8.659834345822869928e-01	8.158532122453570068e-01	8.830824650939960163e-01	8.970961117877249702e-01	8.709333507327750024e-01	8.158532122453570068e-01	8.158532122453570068e-01	8.158532122453570068e-01	8.913449477741399729e-01	8.158532122453570068e-01	8.553868267095879885e-01	8.158532122453570068e-01	8.256424935623369876e-01	8.583328551590220235e-01	8.158532122453570068e-01	8.205942973597980528e-01	8.745300600190419882e-01	8.158532122453570068e-01	8.158532122453570068e-01	8.571315807326860270e-01	8.365954039656220420e-01	8.551143765160339472e-01	8.522723361169339817e-01	8.158532122453570068e-01	8.158532122453570068e-01	8.158532122453570068e-01	8.466189908952439502e-01	8.158532122453570068e-01	8.158532122453570068e-01	5.715008667064029879e-01	8.158532122453570068e-01	8.158532122453570068e-01	8.638933310105999519e-01	8.431927282922270228e-01	8.624169251304479866e-01	8.158532122453570068e-01	8.158532122453570068e-01	8.158532122453570068e-01	8.158532122453570068e-01	8.158532122453570068e-01	8.158532122453570068e-01	7.877525662208579860e-01	8.158532122453570068e-01	8.770082638897249705e-01	8.158532122453570068e-01	8.158532122453570068e-01	8.158532122453570068e-01	8.158532122453570068e-01	8.158532122453570068e-01	8.158532122453570068e-01	8.561064141004649519e-01	8.688911458640630192e-01	8.158532122453570068e-01	8.158532122453570068e-01	8.158532122453570068e-01	8.158532122453570068e-01	8.158532122453570068e-01	8.158532122453570068e-01	8.158532122453570068e-01	8.373208103834800520e-01	8.158532122453570068e-01	8.158532122453570068e-01	8.743794827700589467e-01	8.697468901798039997e-01	8.158532122453570068e-01	8.158532122453570068e-01	8.158532122453570068e-01	8.158532122453570068e-01	8.158532122453570068e-01	8.158532122453570068e-01	8.158532122453570068e-01	8.158532122453570068e-01	7.502200702204679938e-01	8.158532122453570068e-01	8.326455627123839909e-01	8.254150497105080531e-01	8.340829705093150137e-01	8.158532122453570068e-01	8.158532122453570068e-01	7.861219644439479959e-01	8.158532122453570068e-01	8.580988686074410010e-01	8.158532122453570068e-01	8.158532122453570068e-01	8.158532122453570068e-01	8.635785159822779722e-01	8.158532122453570068e-01	8.158532122453570068e-01	8.158532122453570068e-01	8.158532122453570068e-01
8.158532122453570068e-01	8.158532122453570068e-01	8.158532122453570068e-01	8.158532122453570068e-01	8.158532122453570068e-01	8.158532122453570068e-01	8.158532122453570068e-01	8.158532122453570068e-01	8.158532122453570068e-01	1.000000000000000000e+00	8.158532122453570068e-01	8.158532122453570068e-01	8.145383822480569691e-01	8.158532122453570068e-01	8.158532122453570068e-01	8.158532122453570068e-01	8.158532122453570068e-01	8.158532122453570068e-01	8.158532122453570068e-01	8.158532122453570068e-01	8.158532122453570068e-01	7.480400243957260331e-01	8.158532122453570068e-01	8.158532122453570068e-01	8.158532122453570068e-01	8.158532122453570068e-01	8.158532122453570068e-01	8.158532122453570068e-01	8.158532122453570068e-01	8.158532122453570068e-01	8.158532122453570068e-01	8.158532122453570068e-01	7.237898735752880119e-01	8.158532122453570068e-01	7.682720717974279578e-01	8.158532122453570068e-01	8.037658232317600460e-01	8.158532122453570068e-01	8.158532122453570068e-01	8.377414495953560136e-01	7.536383069019929604e-01	8.158532122453570068e-01	8.158532122453570068e-01	8.158532122453570068e-01	8.158532122453570068e-01	8.158532122453570068e-01	8.757909061748919699e-01	8.158532122453570068e-01	8.158532122453570068e-01	8.158532122453570068e-01	8.158532122453570068e-01	7.708738209764079974e-01	8.158532122453570068e-01	8.158532122453570068e-01	7.306101740146410117e-01	8.158532122453570068e-01	8.158532122453570068e-01	7.542744638657989942e-01	7.180608352555609697e-01	8.158532122453570068e-01	7.274216328036929857e-01	8.158532122453570068e-01	8.158532122453570068e-01	6.476155367249469830e-01	8.158532122453570068e-01	8.158532122453570068e-01	8.158532122453570068e-01	8.158532122453570068e-01	7.635330179785370097e-01	8.158532122453570068e-01	7.280293916955280498e-01	7.498024896616749535e-01	8.158532122453570068e-01	8.158532122453570068e-01	6.732281440878640222e-01	8.158532122453570068e-01	8.158532122453570068e-01	8.158532122453570068e-01	8.158532122453570068e-01	8.158532122453570068e-01	8.158532122453570068e-01	8.158532122453570068e-01	7.313171365638290178e-01	8.158532122453570068e-01	7.521603436786109542e-01	8.158532122453570068e-01	7.484845481223429964e-01	7.150830149781389755e-01	1.000000000000000021e-03	8.158532122453570068e-01	8.158532122453570068e-01	8.331834034256200283e-01	8.158532122453570068e-01	8.158532122453570068e-01	7.314346802846030116e-01	7.082694259218460520e-01	8.229598106968849525e-01	8.158532122453570068e-01	8.158532122453570068e-01	8.158532122453570068e-01	8.158532122453570068e-01	8.158532122453570068e-01	8.158532122453570068e-01	8.158532122453570068e-01	8.158532122453570068e-01	8.158532122453570068e-01	7.983127969110920263e-01	7.195936297377010238e-01	8.158532122453570068e-01	7.161530294932100249e-01	7.029375471327909963e-01	8.158532122453570068e-01	8.345858109336159458e-01	8.158532122453570068e-01	8.158532122453570068e-01	8.158532122453570068e-01	7.703474611934060245e-01	7.793558406479089706e-01	8.119966388368300425e-01	8.158532122453570068e-01	8.347558874495359937e-01	8.158532122453570068e-01	8.158532122453570068e-01	8.158532122453570068e-01
9.225132488705030109e-01	8.158532122453570068e-01	8.158532122453570068e-01	8.158532122453570068e-01	8.158532122453570068e-01	8.158532122453570068e-01	8.158532122453570068e-01	8.158532122453570068e-01	9.180497307990640454e-01	8.158532122453570068e-01	1.000000000000000000e+00	8.158532122453570068e-01	8.158532122453570068e-01	5.137959334261940070e-01	8.945637120602639714e-01	8.158532122453570068e-01	8.675680242172489898e-01	5.857969313835620362e-01	8.158532122453570068e-01	8.158532122453570068e-01	8.158532122453570068e-01	9.196266552012930529e-01	8.216995572417670202e-01	8.158532122453570068e-01	9.028662453435110091e-01	9.137861216839819889e-01	8.158532122453570068e-01	8.158532122453570068e-01	8.158532122453570068e-01	8.158532122453570068e-01	8.158532122453570068e-01	8.158532122453570068e-01	8.728375599997260093e-01	8.714484029769909990e-01	8.916391771797590460e-01	8.158532122453570068e-01	9.017501459447989642e-01	8.919079062416680470e-01	8.158532122453570068e-01	9.094065871488540287e-01	8.158532122453570068e-01	7.813804371106819469e-01	8.935501905026289604e-01	8.878523352430279791e-01	8.158532122453570068e-01	8.158532122453570068e-01	8.158532122453570068e-01	8.158532122453570068e-01	9.085118216412839676e-01	8.158532122453570068e-01	8.158532122453570068e-01	8.158532122453570068e-01	8.158532122453570068e-01	9.012456356039939553e-01	8.158532122453570068e-01	8.158532122453570068e-01	8.158532122453570068e-01	8.158532122453570068e-01	8.158532122453570068e-01	8.158532122453570068e-01	8.158532122453570068e-01	7.446343571575310127e-01	8.158532122453570068e-01	8.158532122453570068e-01	8.158532122453570068e-01	8.158532122453570068e-01	8.158532122453570068e-01	8.158532122453570068e-01	8.860018189027190072e-01	8.158532122453570068e-01	8.158532122453570068e-01	8.158532122453570068e-01	8.158532122453570068e-01	8.665204276884640455e-01	8.158532122453570068e-01	8.158532122453570068e-01	8.158532122453570068e-01	8.158532122453570068e-01	8.158532122453570068e-01	8.158532122453570068e-01	9.144760992569189728e-01	8.158532122453570068e-01	8.805744610546439866e-01	8.158532122453570068e-01	8.893620753413730151e-01	9.138674227664950189e-01	8.158532122453570068e-01	8.158532122453570068e-01	1.000000000000000021e-03	8.158532122453570068e-01	7.586925420594019531e-01	8.158532122453570068e-01	9.306584275481299962e-01	8.158532122453570068e-01	8.158532122453570068e-01	8.913654127641550406e-01	8.735091527591779537e-01	8.158532122453570068e-01	8.158532122453570068e-01	8.158532122453570068e-01	9.358007509654400202e-01	8.158532122453570068e-01	8.158532122453570068e-01	8.158532122453570068e-01	8.158532122453570068e-01	8.942505523826760339e-01	7.254702178125309597e-01	8.158532122453570068e-01	8.158532122453570068e-01	8.500884517001420226e-01	8.158532122453570068e-01	8.644439132655490354e-01	8.158532122453570068e-01	8.158532122453570068e-01	8.158532122453570068e-01	8.158532122453570068e-01	8.807791867437979594e-01	9.256692136350880284e-01	8.158532122453570068e-01	8.158532122453570068e-01	8.158532122453570068e-01	8.842769660024649703e-01	8.158532122453570068e-01	8.158532122453570068e-01
8.158532122453570068e-01	7.936594434260489939e-01	8.158532122453570068e-01	7.011162001884809758e-01	8.158532122453570068e-01	8.158532122453570068e-01	8.158532122453570068e-01	8.158532122453570068e-01	8.158532122453570068e-01	8.158532122453570068e-01	8.158532122453570068e-01	1.000000000000000000e+00	8.158532122453570068e-01	8.158532122453570068e-01	8.158532122453570068e-01	8.158532122453570068e-01	8.158532122453570068e-01	7.724284569901670450e-01	8.158532122453570068e-01	8.158532122453570068e-01	8.158532122453570068e-01	8.158532122453570068e-01	8.158532122453570068e-01	8.158532122453570068e-01	8.158532122453570068e-01	8.158532122453570068e-01	8.158532122453570068e-01	8.158532122453570068e-01	8.158532122453570068e-01	8.158532122453570068e-01	7.152615817681859944e-01	8.158532122453570068e-01	8.158532122453570068e-01	8.158532122453570068e-01	5.878802642799769718e-01	8.158532122453570068e-01	8.158532122453570068e-01	6.823745234573840301e-01	8.158532122453570068e-01	8.158532122453570068e-01	8.158532122453570068e-01	8.158532122453570068e-01	8.158532122453570068e-01	5.529865030761369482e-01	8.158532122453570068e-01	8.158532122453570068e-01	8.158532122453570068e-01	8.158532122453570068e-01	8.158532122453570068e-01	8.158532122453570068e-01	8.158532122453570068e-01	8.158532122453570068e-01	8.158532122453570068e-01	8.158532122453570068e-01	8.158532122453570068e-01	8.357482917055909510e-01	8.158532122453570068e-01	5.872883647012590025e-01	8.158532122453570068e-01	8.158532122453570068e-01	5.382632090485059972e-01	8.158532122453570068e-01	8.158532122453570068e-01	8.158532122453570068e-01	8.158532122453570068e-01	8.158532122453570068e-01	8.158532122453570068e-01	8.158532122453570068e-01	8.158532122453570068e-01	8.158532122453570068e-01	5.823539167233360292e-01	8.158532122453570068e-01	8.158532122453570068e-01	8.158532122453570068e-01	7.980974626557699736e-01	8.158532122453570068e-01	5.644801543590850512e-01	8.158532122453570068e-01	8.158532122453570068e-01	8.158532122453570068e-01	8.158532122453570068e-01	8.158532122453570068e-01	8.158532122453570068e-01	8.158532122453570068e-01	8.158532122453570068e-01	5.736732839041770449e-01	8.158532122453570068e-01	8.158532122453570068e-01	8.158532122453570068e-01	8.158532122453570068e-01	8.227401894379160474e-01	8.567577567848310149e-01	6.618391532553330459e-01	8.158532122453570068e-01	5.804650604306460515e-01	8.158532122453570068e-01	6.800538995830029965e-01	8.158532122453570068e-01	5.804767217917360389e-01	8.158532122453570068e-01	8.158532122453570068e-01	8.158532122453570068e-01	8.158532122453570068e-01	8.009105383649229859e-01	8.158532122453570068e-01	8.158532122453570068e-01	8.333675442486550011e-01	8.158532122453570068e-01	7.736508871265179721e-01	8.158532122453570068e-01	5.229899851421120349e-01	8.158532122453570068e-01	7.446963340645139651e-01	8.158532122453570068e-01	8.158532122453570068e-01	8.158532122453570068e-01	5.970996610280689953e-01	8.158532122453570068e-01	8.158532122453570068e-01	8.158532122453570068e-01	8.035859169667940449e-01	8.158532122453570068e-01	8.158532122453570068e-01	8.158532122453570068e-01
