1.000000000000000000e+00	4.546368917956929989e-01	4.546368917956929989e-01	4.546368917956929989e-01	4.546368917956929989e-01	4.546368917956929989e-01	5.057393252035979891e-01	4.546368917956929989e-01	4.546368917956929989e-01	4.546368917956929989e-01	4.546368917956929989e-01	4.546368917956929989e-01	6.473559338504519811e-01	4.546368917956929989e-01	4.510668796258510138e-01	7.267922101633700338e-01	4.546368917956929989e-01	4.546368917956929989e-01	6.801402798078030054e-01	4.546368917956929989e-01	5.471869251853860305e-01	4.546368917956929989e-01	4.546368917956929989e-01	4.546368917956929989e-01	4.546368917956929989e-01	5.215599804397339501e-01	4.546368917956929989e-01	4.546368917956929989e-01	4.546368917956929989e-01	4.546368917956929989e-01	5.339752642825470463e-01	4.546368917956929989e-01	4.546368917956929989e-01	2.889108266924019786e-01	6.685696156873960350e-01	4.546368917956929989e-01	5.741367884187830173e-01	6.262132104145510247e-01	4.546368917956929989e-01	4.546368917956929989e-01	6.621415372937889954e-01	4.546368917956929989e-01	4.546368917956929989e-01	4.546368917956929989e-01	4.546368917956929989e-01	4.546368917956929989e-01	4.546368917956929989e-01	5.356100072818630320e-01	5.727759604950199979e-01	4.546368917956929989e-01	4.546368917956929989e-01	4.546368917956929989e-01	4.546368917956929989e-01	4.546368917956929989e-01	4.546368917956929989e-01	4.546368917956929989e-01	4.546368917956929989e-01	4.546368917956929989e-01	4.546368917956929989e-01	5.491068383182859947e-01	4.546368917956929989e-01	3.310520863463040087e-01	4.546368917956929989e-01	4.436634224891700118e-01	4.546368917956929989e-01	4.546368917956929989e-01	4.546368917956929989e-01	4.546368917956929989e-01	4.546368917956929989e-01	4.546368917956929989e-01	6.594047666598119584e-01	1.867513992084360031e-01	6.700068396132830006e-01	4.546368917956929989e-01	4.546368917956929989e-01	4.546368917956929989e-01	5.634203980786699484e-01	6.208965160106000303e-01	4.546368917956929989e-01	6.034094062551970117e-01	4.557371592680349859e-01	4.546368917956929989e-01	4.546368917956929989e-01	1.220478529219490016e-01	4.546368917956929989e-01	4.546368917956929989e-01	4.546368917956929989e-01	4.546368917956929989e-01	4.546368917956929989e-01	4.546368917956929989e-01	4.546368917956929989e-01	4.546368917956929989e-01	5.697696739736130001e-01	4.546368917956929989e-01	4.546368917956929989e-01	5.590280448171000005e-01	4.546368917956929989e-01	4.546368917956929989e-01	4.546368917956929989e-01	4.546368917956929989e-01	4.546368917956929989e-01	4.546368917956929989e-01	4.546368917956929989e-01	4.546368917956929989e-01	4.546368917956929989e-01	4.546368917956929989e-01	4.546368917956929989e-01	4.546368917956929989e-01	7.042602379812900049e-01	4.546368917956929989e-01	4.546368917956929989e-01	4.546368917956929989e-01	5.531385282390699487e-01	4.546368917956929989e-01	4.546368917956929989e-01	6.531555362483060234e-01	4.546368917956929989e-01	4.546368917956929989e-01	4.546368917956929989e-01	4.546368917956929989e-01	6.343446232613819680e-01	4.546368917956929989e-01	4.546368917956929989e-01	4.546368917956929989e-01
4.546368917956929989e-01	1.000000000000000000e+00	4.546368917956929989e-01	5.944502568123890551e-01	4.546368917956929989e-01	4.546368917956929989e-01	4.546368917956929989e-01	4.546368917956929989e-01	4.546368917956929989e-01	3.552910749506000276e-01	5.860302371190909687e-01	4.546368917956929989e-01	6.329264976908840490e-01	4.546368917956929989e-01	4.546368917956929989e-01	4.546368917956929989e-01	6.560615448173340303e-01	4.546368917956929989e-01	6.647180232023269797e-01	5.201151864034689876e-01	4.546368917956929989e-01	4.546368917956929989e-01	4.546368917956929989e-01	4.546368917956929989e-01	4.546368917956929989e-01	5.081151393409210071e-01	4.546368917956929989e-01	2.405587135174150071e-01	4.546368917956929989e-01	4.546368917956929989e-01	5.207926929574330233e-01	6.733219758525369469e-01	4.546368917956929989e-01	2.797293430202080211e-01	4.546368917956929989e-01	5.238988054946730477e-01	4.546368917956929989e-01	6.139526587186300288e-01	4.546368917956929989e-01	4.546368917956929989e-01	4.546368917956929989e-01	5.066252933424050253e-01	5.467368940947030520e-01	1.273384708997929993e-01	4.546368917956929989e-01	6.146755516192019542e-01	4.546368917956929989e-01	4.546368917956929989e-01	4.546368917956929989e-01	4.546368917956929989e-01	4.546368917956929989e-01	5.464317483834130185e-01	4.546368917956929989e-01	6.226429057658260380e-01	4.546368917956929989e-01	4.546368917956929989e-01	4.546368917956929989e-01	6.453088767151310412e-01	6.633488043395240341e-01	4.546368917956929989e-01	4.546368917956929989e-01	4.546368917956929989e-01	4.546368917956929989e-01	4.546368917956929989e-01	4.546368917956929989e-01	3.236606403384360148e-02	5.832058640623210000e-01	4.546368917956929989e-01	4.546368917956929989e-01	8.269736994876940306e-02	4.546368917956929989e-01	4.546368917956929989e-01	6.522079743083359915e-01	4.546368917956929989e-01	4.546368917956929989e-01	4.546368917956929989e-01	5.498701821673479539e-01	4.546368917956929989e-01	4.546368917956929989e-01	4.546368917956929989e-01	4.546368917956929989e-01	1.406000833395630034e-01	3.307916472328359947e-01	4.546368917956929989e-01	5.502090508515620204e-01	4.546368917956929989e-01	4.546368917956929989e-01	4.546368917956929989e-01	1.000000000000000082e-05	4.546368917956929989e-01	4.546368917956929989e-01	6.230980988583819657e-01	4.546368917956929989e-01	4.546368917956929989e-01	4.546368917956929989e-01	4.546368917956929989e-01	4.546368917956929989e-01	4.546368917956929989e-01	4.083987640704909885e-04	6.112015305870930337e-01	2.866009856295870240e-01	4.546368917956929989e-01	4.546368917956929989e-01	4.546368917956929989e-01	6.184907665817059863e-01	4.546368917956929989e-01	4.546368917956929989e-01	4.546368917956929989e-01	4.546368917956929989e-01	5.647732419215399924e-01	5.187171393568660305e-01	4.546368917956929989e-01	4.546368917956929989e-01	4.546368917956929989e-01	4.546368917956929989e-01	4.546368917956929989e-01	4.546368917956929989e-01	4.546368917956929989e-01	4.546368917956929989e-01	4.546368917956929989e-01	6.123129328997379828e-01	4.546368917956929989e-01	4.546368917956929989e-01	4.546368917956929989e-01
4.546368917956929989e-01	4.546368917956929989e-01	1.000000000000000000e+00	4.546368917956929989e-01	2.447920214073329992e-01	5.327946220145040046e-01	4.546368917956929989e-01	4.546368917956929989e-01	4.546368917956929989e-01	3.276568812950579890e-01	4.546368917956929989e-01	5.482582283240530208e-01	4.546368917956929989e-01	4.865646877912179757e-01	4.029319591344859841e-01	4.546368917956929989e-01	5.994913000648349755e-01	5.345653606902970312e-01	4.546368917956929989e-01	4.546368917956929989e-01	4.864802256810850101e-01	4.546368917956929989e-01	4.989067598536640058e-01	4.546368917956929989e-01	4.546368917956929989e-01	4.546368917956929989e-01	4.546368917956929989e-01	4.546368917956929989e-01	5.372405124804230381e-01	4.546368917956929989e-01	4.546368917956929989e-01	6.144777604660669468e-01	4.546368917956929989e-01	4.546368917956929989e-01	4.546368917956929989e-01	4.546368917956929989e-01	4.546368917956929989e-01	5.588195299238359892e-01	4.546368917956929989e-01	5.379822036612790237e-01	4.546368917956929989e-01	4.652808198223820080e-01	4.546368917956929989e-01	4.546368917956929989e-01	3.440234940951609754e-01	4.546368917956929989e-01	4.546368917956929989e-01	4.546368917956929989e-01	4.546368917956929989e-01	4.546368917956929989e-01	4.546368917956929989e-01	4.546368917956929989e-01	5.553281561301950386e-01	4.546368917956929989e-01	1.214104583251850028e-01	4.546368917956929989e-01	5.101750957255229979e-01	4.546368917956929989e-01	4.546368917956929989e-01	4.546368917956929989e-01	4.546368917956929989e-01	3.005037789438629869e-01	4.546368917956929989e-01	4.546368917956929989e-01	4.546368917956929989e-01	4.546368917956929989e-01	5.355761148352550238e-01	4.546368917956929989e-01	5.443788788589970506e-01	4.546368917956929989e-01	5.858676458826079791e-01	1.722514017081669957e-01	5.963708098159550275e-01	5.734163839891069925e-01	4.546368917956929989e-01	4.546368917956929989e-01	4.546368917956929989e-01	4.546368917956929989e-01	4.928412389878770172e-01	5.439551101087759521e-01	4.546368917956929989e-01	4.546368917956929989e-01	4.546368917956929989e-01	1.111904355236079944e-01	4.546368917956929989e-01	1.193409630370179941e-01	4.546368917956929989e-01	5.102980009153460506e-01	4.546368917956929989e-01	4.546368917956929989e-01	4.546368917956929989e-01	5.618881646407449804e-01	4.546368917956929989e-01	4.872985856163740137e-01	2.265314993188050074e-01	4.546368917956929989e-01	4.546368917956929989e-01	4.546368917956929989e-01	4.546368917956929989e-01	4.546368917956929989e-01	4.546368917956929989e-01	4.546368917956929989e-01	4.546368917956929989e-01	4.126085535176179930e-01	4.546368917956929989e-01	4.546368917956929989e-01	4.546368917956929989e-01	4.546368917956929989e-01	4.546368917956929989e-01	4.546368917956929989e-01	4.689085988566299990e-01	4.546368917956929989e-01	4.878464129365470137e-01	4.546368917956929989e-01	4.546368917956929989e-01	4.546368917956929989e-01	5.889980657520179630e-01	5.904617999904919756e-01	4.546368917956929989e-01	4.546368917956929989e-01	4.546368917956929989e-01	4.546368917956929989e-01	4.864797172634989786e-01	4.727171554617319860e-01
4.546368917956929989e-01	5.944502568123890551e-01	4.546368917956929989e-01	1.000000000000000000e+00	4.546368917956929989e-01	4.546368917956929989e-01	4.546368917956929989e-01	4.016395308064850123e-01	4.546368917956929989e-01	4.546368917956929989e-01	4.546368917956929989e-01	5.501515214365110262e-01	5.802971671128800413e-01	4.546368917956929989e-01	4.124428516084849838e-01	4.546368917956929989e-01	6.016725636904419749e-01	4.546368917956929989e-01	4.546368917956929989e-01	4.822917913158760173e-01	4.546368917956929989e-01	4.546368917956929989e-01	4.919055878358760125e-01	4.546368917956929989e-01	4.546368917956929989e-01	4.546368917956929989e-01	4.546368917956929989e-01	4.546368917956929989e-01	4.546368917956929989e-01	4.581679146336710140e-01	4.843828810855509981e-01	4.546368917956929989e-01	4.546368917956929989e-01	4.546368917956929989e-01	4.546368917956929989e-01	4.546368917956929989e-01	4.546368917956929989e-01	4.546368917956929989e-01	4.546368917956929989e-01	4.546368917956929989e-01	4.546368917956929989e-01	4.546368917956929989e-01	4.546368917956929989e-01	4.546368917956929989e-01	4.546368917956929989e-01	5.671388442647919970e-01	4.546368917956929989e-01	4.546368917956929989e-01	4.546368917956929989e-01	4.546368917956929989e-01	4.546368917956929989e-01	4.546368917956929989e-01	4.546368917956929989e-01	4.546368917956929989e-01	4.546368917956929989e-01	4.546368917956929989e-01	4.546368917956929989e-01	4.546368917956929989e-01	4.546368917956929989e-01	4.546368917956929989e-01	4.546368917956929989e-01	4.546368917956929989e-01	5.000883037192700442e-01	3.940780272124220218e-01	4.546368917956929989e-01	4.546368917956929989e-01	4.546368917956929989e-01	4.546368917956929989e-01	4.546368917956929989e-01	4.546368917956929989e-01	4.546368917956929989e-01	4.546368917956929989e-01	6.013626569909480413e-01	4.546368917956929989e-01	4.966666363370900172e-01	4.546368917956929989e-01	4.546368917956929989e-01	4.546368917956929989e-01	4.546368917956929989e-01	5.450885530663129863e-01	4.187414860421049823e-01	4.546368917956929989e-01	4.546368917956929989e-01	4.546368917956929989e-01	4.546368917956929989e-01	1.201033659504389950e-01	5.404377200614729482e-01	5.177477879852550036e-01	4.546368917956929989e-01	4.546368917956929989e-01	4.546368917956929989e-01	5.627193127215870394e-01	4.546368917956929989e-01	4.546368917956929989e-01	2.261735398041919975e-01	4.546368917956929989e-01	5.004230354782810419e-01	4.546368917956929989e-01	4.546368917956929989e-01	5.658101776597419530e-01	4.546368917956929989e-01	4.546368917956929989e-01	4.546368917956929989e-01	4.546368917956929989e-01	4.546368917956929989e-01	5.607092991363209489e-01	4.546368917956929989e-01	5.217191451683760306e-01	4.546368917956929989e-01	5.213530686635410305e-01	4.546368917956929989e-01	4.546368917956929989e-01	4.973910752266350044e-01	4.546368917956929989e-01	5.964797294309810427e-01	4.546368917956929989e-01	4.546368917956929989e-01	5.910993358230349770e-01	5.981531006387019733e-01	4.546368917956929989e-01	4.546368917956929989e-01	4.546368917956929989e-01	4.546368917956929989e-01	4.780123756624289899e-01
4.546368917956929989e-01	4.546368917956929989e-01	2.447920214073329992e-01	4.546368917956929989e-01	9.999999999999840128e-01	4.546368917956929989e-01	4.546368917956929989e-01	4.546368917956929989e-01	4.546368917956929989e-01	4.546368917956929989e-01	2.476883626698150043e-01	2.481980082493130124e-01	4.546368917956929989e-01	2.307389734255219926e-01	1.923456656760970107e-01	4.546368917956929989e-01	2.746974567967520042e-01	4.546368917956929989e-01	4.546368917956929989e-01	2.195865509570630036e-01	4.546368917956929989e-01	2.723273187934269757e-01	4.546368917956929989e-01	4.546368917956929989e-01	2.064952193672029979e-01	4.546368917956929989e-01	4.546368917956929989e-01	1.149510012631970030e-01	2.477856733174889914e-01	4.546368917956929989e-01	4.546368917956929989e-01	4.546368917956929989e-01	4.546368917956929989e-01	4.546368917956929989e-01	4.546368917956929989e-01	4.546368917956929989e-01	4.546368917956929989e-01	4.546368917956929989e-01	1.731193195994040063e-02	2.496665160151629870e-01	4.546368917956929989e-01	4.546368917956929989e-01	4.546368917956929989e-01	5.830043268590429789e-02	4.546368917956929989e-01	4.546368917956929989e-01	1.668858340829240117e-01	2.241670381946229973e-01	4.546368917956929989e-01	2.393189077005919985e-01	2.155820486785229861e-01	4.546368917956929989e-01	2.557396040316520236e-01	2.609845437678059987e-01	4.546368917956929989e-01	2.604335924288639914e-01	2.355159332048570031e-01	4.546368917956929989e-01	4.546368917956929989e-01	4.546368917956929989e-01	4.546368917956929989e-01	4.546368917956929989e-01	2.293402099182819953e-01	4.546368917956929989e-01	4.546368917956929989e-01	4.546368917956929989e-01	4.546368917956929989e-01	4.546368917956929989e-01	2.554516894743639743e-01	4.546368917956929989e-01	4.546368917956929989e-01	4.546368917956929989e-01	2.701942829397639967e-01	4.546368917956929989e-01	4.546368917956929989e-01	2.385565096737080060e-01	4.546368917956929989e-01	2.506303565198870209e-01	2.230235024970010083e-01	4.546368917956929989e-01	4.546368917956929989e-01	4.546368917956929989e-01	4.546368917956929989e-01	4.546368917956929989e-01	4.546368917956929989e-01	4.546368917956929989e-01	2.435301421722360082e-01	4.546368917956929989e-01	4.546368917956929989e-01	4.546368917956929989e-01	4.546368917956929989e-01	4.546368917956929989e-01	4.546368917956929989e-01	4.546368917956929989e-01	4.546368917956929989e-01	4.546368917956929989e-01	2.292308169013050068e-01	4.546368917956929989e-01	4.546368917956929989e-01	4.546368917956929989e-01	4.546368917956929989e-01	4.546368917956929989e-01	2.248011143467429918e-01	1.864047099774270022e-01	4.546368917956929989e-01	4.546368917956929989e-01	4.546368917956929989e-01	4.546368917956929989e-01	4.546368917956929989e-01	2.390536913507499972e-01	2.194677988944450098e-01	4.546368917956929989e-01	2.232997725698959990e-01	4.546368917956929989e-01	2.705394080827859815e-01	4.546368917956929989e-01	4.546368917956929989e-01	4.546368917956929989e-01	2.671903355502989741e-01	2.386559489755369912e-01	4.546368917956929989e-01	4.546368917956929989e-01	4.546368917956929989e-01	2.158680485168089913e-01
4.546368917956929989e-01	4.546368917956929989e-01	5.327946220145040046e-01	4.546368917956929989e-01	4.546368917956929989e-01	1.000000000000000000e+00	4.546368917956929989e-01	3.976237140312809948e-01	4.546368917956929989e-01	4.546368917956929989e-01	4.546368917956929989e-01	5.356877218029180154e-01	4.546368917956929989e-01	4.546368917956929989e-01	4.546368917956929989e-01	4.546368917956929989e-01	4.546368917956929989e-01	4.546368917956929989e-01	6.011026105351510163e-01	4.546368917956929989e-01	4.546368917956929989e-01	5.984686479429129902e-01	4.546368917956929989e-01	4.546368917956929989e-01	4.412528072069359930e-01	4.546368917956929989e-01	4.546368917956929989e-01	4.546368917956929989e-01	4.546368917956929989e-01	4.546368917956929989e-01	4.546368917956929989e-01	4.546368917956929989e-01	4.546368917956929989e-01	2.576278839336429982e-01	4.546368917956929989e-01	4.546368917956929989e-01	4.546368917956929989e-01	4.546368917956929989e-01	4.546368917956929989e-01	4.546368917956929989e-01	4.546368917956929989e-01	4.546368917956929989e-01	4.546368917956929989e-01	1.160761061029590008e-01	3.372928405671020147e-01	4.546368917956929989e-01	3.371322197901159834e-01	4.546368917956929989e-01	4.546368917956929989e-01	4.546368917956929989e-01	4.546368917956929989e-01	4.546368917956929989e-01	4.546368917956929989e-01	4.546368917956929989e-01	4.546368917956929989e-01	5.602733173339670136e-01	4.546368917956929989e-01	5.840643051794409679e-01	4.546368917956929989e-01	4.842061610704960217e-01	5.196777839245390052e-01	2.946082278401470078e-01	4.546368917956929989e-01	4.546368917956929989e-01	3.131084442040850124e-01	3.013752910430279874e-02	4.546368917956929989e-01	1.243710310825470004e-02	4.546368917956929989e-01	4.546368917956929989e-01	4.546368917956929989e-01	4.546368917956929989e-01	4.546368917956929989e-01	4.546368917956929989e-01	4.546368917956929989e-01	4.546368917956929989e-01	4.999209125159149725e-01	4.546368917956929989e-01	4.546368917956929989e-01	4.546368917956929989e-01	4.026625019850120224e-01	4.546368917956929989e-01	4.546368917956929989e-01	4.546368917956929989e-01	4.546368917956929989e-01	1.222218216491779974e-01	4.546368917956929989e-01	4.546368917956929989e-01	1.000000000000000082e-05	7.878510450880839636e-03	4.546368917956929989e-01	4.546368917956929989e-01	4.546368917956929989e-01	4.876749137444060245e-01	4.546368917956929989e-01	4.941057819670249818e-01	4.546368917956929989e-01	4.996557821900630136e-01	4.546368917956929989e-01	4.546368917956929989e-01	4.546368917956929989e-01	4.546368917956929989e-01	4.546368917956929989e-01	4.546368917956929989e-01	4.546368917956929989e-01	4.546368917956929989e-01	4.546368917956929989e-01	5.151005707783939958e-01	6.203692976581050011e-01	5.129056357139949451e-01	4.546368917956929989e-01	4.206111696945860068e-01	4.546368917956929989e-01	4.546368917956929989e-01	4.546368917956929989e-01	4.546368917956929989e-01	4.546368917956929989e-01	4.546368917956929989e-01	4.546368917956929989e-01	5.214391326199649956e-01	5.590231320484739808e-01	4.546368917956929989e-01	4.546368917956929989e-01	4.688410042758269780e-01
5.057393252035979891e-01	4.546368917956929989e-01	4.546368917956929989e-01	4.546368917956929989e-01	4.546368917956929989e-01	4.546368917956929989e-01	1.000000000000000000e+00	4.546368917956929989e-01	4.546368917956929989e-01	4.546368917956929989e-01	4.546368917956929989e-01	4.546368917956929989e-01	4.546368917956929989e-01	4.546368917956929989e-01	4.546368917956929989e-01	4.546368917956929989e-01	4.546368917956929989e-01	4.546368917956929989e-01	4.546368917956929989e-01	4.546368917956929989e-01	4.546368917956929989e-01	5.078367979432329982e-01	4.546368917956929989e-01	4.546368917956929989e-01	4.546368917956929989e-01	4.001856764871890015e-01	4.546368917956929989e-01	4.546368917956929989e-01	4.546368917956929989e-01	4.546368917956929989e-01	4.022042520904700047e-01	5.163634445668889850e-01	4.546368917956929989e-01	2.228952186168320082e-01	5.063513498157610204e-01	4.546368917956929989e-01	4.546368917956929989e-01	4.546368917956929989e-01	4.546368917956929989e-01	4.575521065506399920e-01	4.546368917956929989e-01	4.546368917956929989e-01	4.546368917956929989e-01	4.546368917956929989e-01	4.546368917956929989e-01	4.750494464743529877e-01	2.962921452243469922e-01	4.546368917956929989e-01	4.546368917956929989e-01	4.546368917956929989e-01	4.546368917956929989e-01	4.546368917956929989e-01	4.546368917956929989e-01	4.546368917956929989e-01	1.042086328829699982e-01	4.805794848111020201e-01	4.370239719339890083e-01	4.962685065386109873e-01	4.546368917956929989e-01	4.546368917956929989e-01	4.546368917956929989e-01	4.546368917956929989e-01	4.254627867535449859e-01	4.546368917956929989e-01	2.755383938785649911e-01	2.609622117738399916e-02	4.546368917956929989e-01	4.546368917956929989e-01	4.546368917956929989e-01	6.528536418280700415e-02	4.956998907978449886e-01	4.546368917956929989e-01	4.546368917956929989e-01	4.546368917956929989e-01	4.546368917956929989e-01	4.546368917956929989e-01	4.546368917956929989e-01	4.688355212549220052e-01	4.546368917956929989e-01	4.546368917956929989e-01	4.546368917956929989e-01	4.546368917956929989e-01	4.546368917956929989e-01	4.546368917956929989e-01	4.546368917956929989e-01	4.546368917956929989e-01	4.546368917956929989e-01	4.350528852113370037e-01	4.546368917956929989e-01	4.546368917956929989e-01	4.546368917956929989e-01	4.776511538691560199e-01	4.546368917956929989e-01	4.546368917956929989e-01	1.911558222121700068e-01	4.546368917956929989e-01	4.546368917956929989e-01	4.264019873600770061e-01	4.546368917956929989e-01	4.546368917956929989e-01	4.546368917956929989e-01	4.546368917956929989e-01	4.546368917956929989e-01	4.546368917956929989e-01	4.546368917956929989e-01	4.546368917956929989e-01	4.546368917956929989e-01	4.546368917956929989e-01	4.546368917956929989e-01	4.397848864378640088e-01	4.546368917956929989e-01	4.546368917956929989e-01	4.222579741783630269e-01	5.164317129270480367e-01	4.546368917956929989e-01	4.960644099510829741e-01	4.546368917956929989e-01	4.933158105047090181e-01	4.992589145418109831e-01	4.419727520207720195e-01	4.546368917956929989e-01	4.888745915453370228e-01	4.546368917956929989e-01	4.546368917956929989e-01
4.546368917956929989e-01	4.546368917956929989e-01	4.546368917956929989e-01	4.016395308064850123e-01	4.546368917956929989e-01	3.976237140312809948e-01	4.546368917956929989e-01	1.000000000000009992e+00	4.546368917956929989e-01	2.465338033383150107e-01	3.944016035999580172e-01	4.006755129762740175e-01	4.231941224402380186e-01	3.644584321881950140e-01	4.546368917956929989e-01	4.694979822765900090e-01	4.546368917956929989e-01	4.546368917956929989e-01	4.546368917956929989e-01	3.578723573323089879e-01	3.538221111725199930e-01	4.546368917956929989e-01	4.546368917956929989e-01	4.546368917956929989e-01	4.546368917956929989e-01	4.546368917956929989e-01	5.061543743410169827e-02	4.546368917956929989e-01	4.546368917956929989e-01	4.546368917956929989e-01	4.546368917956929989e-01	4.546368917956929989e-01	4.546368917956929989e-01	4.546368917956929989e-01	4.546368917956929989e-01	4.546368917956929989e-01	3.798292325694789806e-01	4.099815720052419898e-01	4.546368917956929989e-01	4.546368917956929989e-01	4.314787236587450114e-01	3.447604857095549757e-01	4.546368917956929989e-01	4.546368917956929989e-01	4.546368917956929989e-01	4.546368917956929989e-01	2.577030976378579807e-01	4.546368917956929989e-01	4.546368917956929989e-01	4.546368917956929989e-01	4.546368917956929989e-01	3.646434680312939935e-01	4.546368917956929989e-01	4.546368917956929989e-01	4.546368917956929989e-01	4.193813465977510035e-01	4.546368917956929989e-01	4.546368917956929989e-01	4.434081482166760124e-01	3.603579969829510121e-01	3.820801487746199876e-01	2.208426345602690077e-01	4.546368917956929989e-01	4.546368917956929989e-01	4.546368917956929989e-01	2.405185159693369948e-02	4.546368917956929989e-01	4.546368917956929989e-01	4.546368917956929989e-01	4.546368917956929989e-01	4.546368917956929989e-01	4.546368917956929989e-01	4.546368917956929989e-01	4.546368917956929989e-01	4.546368917956929989e-01	3.824543728273340215e-01	4.546368917956929989e-01	4.040000803048829914e-01	4.546368917956929989e-01	3.999510536059939780e-01	4.546368917956929989e-01	4.546368917956929989e-01	4.546368917956929989e-01	8.788703758989220571e-02	4.546368917956929989e-01	4.546368917956929989e-01	4.546368917956929989e-01	3.743929756640659856e-01	1.000000000000000082e-05	4.546368917956929989e-01	4.546368917956929989e-01	4.546368917956929989e-01	3.745039968745350056e-01	3.546101872105220099e-01	4.546368917956929989e-01	4.546368917956929989e-01	4.546368917956929989e-01	3.732432988505399729e-01	3.473667683853170107e-04	4.546368917956929989e-01	4.546368917956929989e-01	4.546368917956929989e-01	4.546368917956929989e-01	4.546368917956929989e-01	4.153173182589650070e-01	4.546368917956929989e-01	4.546368917956929989e-01	4.546368917956929989e-01	4.546368917956929989e-01	3.828976782639170184e-01	3.489004324298219939e-01	3.091077361780210087e-01	4.546368917956929989e-01	4.546368917956929989e-01	4.546368917956929989e-01	4.546368917956929989e-01	4.319923322351140182e-01	4.546368917956929989e-01	4.354128257278420122e-01	4.546368917956929989e-01	4.546368917956929989e-01	4.256107121704080232e-01	3.573591088720530218e-01	3.524574187715969753e-01
4.546368917956929989e-01	4.546368917956929989e-01	4.546368917956929989e-01	4.546368917956929989e-01	4.546368917956929989e-01	4.546368917956929989e-01	4.546368917956929989e-01	4.546368917956929989e-01	9.999999999999940048e-01	1.945089348544080110e-01	4.546368917956929989e-01	4.546368917956929989e-01	4.546368917956929989e-01	2.840947341116860092e-01	2.320384220877720061e-01	4.546368917956929989e-01	4.546368917956929989e-01	4.546368917956929989e-01	3.369264796164370135e-01	2.760618466246649860e-01	4.546368917956929989e-01	4.546368917956929989e-01	4.546368917956929989e-01	4.546368917956929989e-01	4.546368917956929989e-01	4.546368917956929989e-01	4.546368917956929989e-01	4.546368917956929989e-01	4.546368917956929989e-01	4.546368917956929989e-01	4.546368917956929989e-01	4.546368917956929989e-01	4.546368917956929989e-01	4.546368917956929989e-01	4.546368917956929989e-01	4.546368917956929989e-01	4.546368917956929989e-01	3.153605277497389947e-01	4.546368917956929989e-01	4.546368917956929989e-01	3.327528969249339830e-01	2.690996322931150098e-01	4.546368917956929989e-01	4.546368917956929989e-01	2.003841590567070063e-01	4.546368917956929989e-01	4.546368917956929989e-01	4.546368917956929989e-01	4.546368917956929989e-01	4.546368917956929989e-01	2.646676346233510224e-01	4.546368917956929989e-01	3.082877351311890113e-01	4.546368917956929989e-01	4.546368917956929989e-01	4.546368917956929989e-01	2.817849566365440150e-01	4.546368917956929989e-01	3.350033987456950135e-01	4.546368917956929989e-01	4.546368917956929989e-01	4.546368917956929989e-01	4.546368917956929989e-01	4.546368917956929989e-01	4.546368917956929989e-01	4.546368917956929989e-01	4.546368917956929989e-01	4.546368917956929989e-01	4.546368917956929989e-01	4.546368917956929989e-01	4.546368917956929989e-01	4.546368917956929989e-01	3.339978877271190250e-01	4.546368917956929989e-01	4.546368917956929989e-01	2.925675692519160154e-01	4.546368917956929989e-01	4.546368917956929989e-01	4.546368917956929989e-01	4.546368917956929989e-01	2.345517406753500067e-01	4.546368917956929989e-01	1.709312927625659950e-01	4.546368917956929989e-01	4.546368917956929989e-01	4.546368917956929989e-01	4.546368917956929989e-01	4.546368917956929989e-01	4.546368917956929989e-01	4.546368917956929989e-01	4.546368917956929989e-01	4.546368917956929989e-01	4.546368917956929989e-01	4.546368917956929989e-01	1.313830143493890101e-01	2.804880766818519944e-01	4.546368917956929989e-01	4.546368917956929989e-01	4.546368917956929989e-01	4.546368917956929989e-01	1.499669191140269864e-01	4.546368917956929989e-01	4.546368917956929989e-01	4.546368917956929989e-01	4.546368917956929989e-01	4.546368917956929989e-01	3.030917592614160161e-01	4.546368917956929989e-01	4.546368917956929989e-01	4.546368917956929989e-01	2.699513175048169900e-01	2.438868203264979995e-01	4.546368917956929989e-01	4.546368917956929989e-01	4.546368917956929989e-01	4.546368917956929989e-01	4.546368917956929989e-01	3.252842391065989824e-01	4.546368917956929989e-01	4.546368917956929989e-01	3.141261191543149867e-01	4.546368917956929989e-01	4.546368917956929989e-01	2.649202038614890120e-01
4.546368917956929989e-01	3.552910749506000276e-01	3.276568812950579890e-01	4.546368917956929989e-01	4.546368917956929989e-01	4.546368917956929989e-01	4.546368917956929989e-01	2.465338033383150107e-01	1.945089348544080110e-01	9.999999999999970024e-01	3.271285022544430099e-01	4.546368917956929989e-01	4.546368917956929989e-01	4.546368917956929989e-01	4.546368917956929989e-01	4.546368917956929989e-01	4.546368917956929989e-01	4.546368917956929989e-01	4.546368917956929989e-01	4.546368917956929989e-01	4.546368917956929989e-01	4.546368917956929989e-01	4.546368917956929989e-01	3.678628050287849893e-01	4.546368917956929989e-01	2.863705073577180182e-01	4.546368917956929989e-01	1.457576892891679909e-01	3.285555220076969984e-01	4.546368917956929989e-01	4.546368917956929989e-01	4.546368917956929989e-01	4.546368917956929989e-01	4.546368917956929989e-01	4.546368917956929989e-01	2.929560250550520273e-01	4.546368917956929989e-01	4.546368917956929989e-01	4.546368917956929989e-01	4.546368917956929989e-01	3.592374128101589736e-01	2.840212249081069951e-01	4.546368917956929989e-01	4.546368917956929989e-01	2.110098514947360004e-01	4.546368917956929989e-01	2.134883501720100107e-01	4.546368917956929989e-01	4.546368917956929989e-01	3.184713266562820277e-01	2.884213294823240181e-01	3.040638141459359733e-01	3.362821799069959927e-01	4.546368917956929989e-01	4.546368917956929989e-01	4.546368917956929989e-01	4.546368917956929989e-01	3.536873917518469912e-01	3.592195823185039827e-01	4.546368917956929989e-01	4.546368917956929989e-01	4.546368917956929989e-01	3.019238904238619736e-01	2.440715734517759916e-01	1.969400279702110124e-01	4.546368917956929989e-01	4.546368917956929989e-01	4.546368917956929989e-01	4.546368917956929989e-01	4.546368917956929989e-01	3.547667787194960232e-01	4.546368917956929989e-01	4.546368917956929989e-01	4.546368917956929989e-01	4.546368917956929989e-01	4.546368917956929989e-01	4.546368917956929989e-01	4.546368917956929989e-01	2.994920236000209735e-01	3.242263725268429986e-01	4.546368917956929989e-01	8.130652681482390676e-02	4.546368917956929989e-01	7.271788739417940628e-02	4.546368917956929989e-01	4.546368917956929989e-01	3.190614888435500118e-01	4.546368917956929989e-01	4.546368917956929989e-01	4.546368917956929989e-01	3.244430313573199998e-01	4.546368917956929989e-01	4.546368917956929989e-01	4.546368917956929989e-01	1.390351910501650134e-01	4.546368917956929989e-01	4.546368917956929989e-01	3.065127778913239731e-01	4.546368917956929989e-01	4.546368917956929989e-01	4.546368917956929989e-01	4.546368917956929989e-01	2.950531828350569929e-01	4.546368917956929989e-01	4.546368917956929989e-01	3.318869756155289896e-01	4.546368917956929989e-01	4.546368917956929989e-01	3.782228695829439880e-01	4.546368917956929989e-01	4.546368917956929989e-01	4.546368917956929989e-01	4.546368917956929989e-01	4.546368917956929989e-01	3.570120555386619987e-01	3.551514872405099887e-01	4.546368917956929989e-01	4.546368917956929989e-01	4.546368917956929989e-01	4.546368917956929989e-01	4.546368917956929989e-01	4.546368917956929989e-01	4.546368917956929989e-01	4.546368917956929989e-01
4.546368917956929989e-01	5.860302371190909687e-01	4.546368917956929989e-01	4.546368917956929989e-01	2.476883626698150043e-01	4.546368917956929989e-01	4.546368917956929989e-01	3.944016035999580172e-01	4.546368917956929989e-01	3.271285022544430099e-01	1.000000000000000000e+00	4.546368917956929989e-01	4.546368917956929989e-01	4.546368917956929989e-01	4.546368917956929989e-01	4.546368917956929989e-01	4.546368917956929989e-01	4.546368917956929989e-01	4.546368917956929989e-01	4.546368917956929989e-01	4.546368917956929989e-01	4.546368917956929989e-01	4.546368917956929989e-01	6.107216271838440402e-01	4.546368917956929989e-01	4.546368917956929989e-01	4.546368917956929989e-01	4.546368917956929989e-01	5.360097204140059635e-01	4.546368917956929989e-01	4.546368917956929989e-01	4.546368917956929989e-01	4.546368917956929989e-01	4.546368917956929989e-01	4.546368917956929989e-01	4.742325934919630059e-01	5.171235627398510504e-01	4.546368917956929989e-01	4.546368917956929989e-01	4.546368917956929989e-01	4.546368917956929989e-01	4.546368917956929989e-01	4.546368917956929989e-01	4.546368917956929989e-01	3.435828305506509750e-01	4.546368917956929989e-01	3.460901137098519875e-01	4.786350767416669982e-01	4.546368917956929989e-01	4.546368917956929989e-01	4.546368917956929989e-01	4.546368917956929989e-01	5.543971176078990037e-01	5.718928973347290334e-01	4.546368917956929989e-01	4.546368917956929989e-01	5.067688109908889960e-01	4.546368917956929989e-01	4.546368917956929989e-01	4.899876555752160079e-01	4.546368917956929989e-01	4.546368917956929989e-01	4.546368917956929989e-01	3.942246278879300014e-01	3.159012995761359965e-01	4.546368917956929989e-01	5.359622529275129832e-01	1.242626584720720080e-02	4.546368917956929989e-01	4.546368917956929989e-01	4.546368917956929989e-01	4.546368917956929989e-01	4.546368917956929989e-01	5.689828295009380366e-01	4.546368917956929989e-01	4.546368917956929989e-01	4.546368917956929989e-01	5.523285694204630447e-01	4.546368917956929989e-01	4.546368917956929989e-01	4.546368917956929989e-01	1.300682223573779994e-01	4.546368917956929989e-01	4.546368917956929989e-01	4.546368917956929989e-01	1.170127731145070016e-01	5.295247100371139881e-01	5.098185680471170045e-01	1.000000000000000082e-05	4.546368917956929989e-01	4.546368917956929989e-01	5.603621550978380439e-01	4.546368917956929989e-01	4.546368917956929989e-01	2.278286174179640078e-01	4.992363887302420089e-01	4.546368917956929989e-01	5.007215904824040553e-01	4.546368917956929989e-01	5.589294487439440129e-01	4.546368917956929989e-01	4.546368917956929989e-01	4.546368917956929989e-01	4.546368917956929989e-01	4.546368917956929989e-01	5.527901194846149835e-01	5.511371575851049531e-01	4.546368917956929989e-01	4.546368917956929989e-01	4.546368917956929989e-01	4.546368917956929989e-01	4.546368917956929989e-01	4.907740610229350264e-01	6.067510303898230317e-01	4.546368917956929989e-01	4.546368917956929989e-01	4.546368917956929989e-01	4.546368917956929989e-01	4.546368917956929989e-01	4.546368917956929989e-01	5.576005607171340417e-01	4.546368917956929989e-01	4.848662982248009845e-01	4.546368917956929989e-01
4.546368917956929989e-01	4.546368917956929989e-01	5.482582283240530208e-01	5.501515214365110262e-01	2.481980082493130124e-01	5.356877218029180154e-01	4.546368917956929989e-01	4.006755129762740175e-01	4.546368917956929989e-01	4.546368917956929989e-01	4.546368917956929989e-01	1.000000000000000000e+00	4.546368917956929989e-01	4.546368917956929989e-01	4.165938921768809755e-01	4.546368917956929989e-01	6.048999983223639632e-01	5.418591776290969664e-01	4.546368917956929989e-01	4.546368917956929989e-01	4.546368917956929989e-01	4.546368917956929989e-01	4.546368917956929989e-01	6.218583400087349666e-01	4.546368917956929989e-01	4.546368917956929989e-01	4.546368917956929989e-01	4.546368917956929989e-01	5.453323835263740316e-01	4.546368917956929989e-01	4.546368917956929989e-01	4.546368917956929989e-01	4.546368917956929989e-01	4.546368917956929989e-01	4.546368917956929989e-01	4.546368917956929989e-01	4.546368917956929989e-01	4.546368917956929989e-01	3.213170844840460005e-02	5.434358611934250183e-01	4.546368917956929989e-01	4.546368917956929989e-01	4.546368917956929989e-01	4.546368917956929989e-01	4.546368917956929989e-01	4.546368917956929989e-01	4.546368917956929989e-01	4.546368917956929989e-01	4.546368917956929989e-01	5.254704269500239944e-01	4.776848526576519816e-01	5.014531602748040218e-01	4.546368917956929989e-01	5.816051114544390499e-01	1.217494709894060001e-01	5.760861788851070475e-01	5.148802499404999677e-01	4.546368917956929989e-01	6.095562671148909706e-01	4.546368917956929989e-01	5.347870426775379604e-01	3.043438160821920202e-01	4.546368917956929989e-01	4.546368917956929989e-01	4.546368917956929989e-01	4.546368917956929989e-01	5.407558437259259998e-01	4.546368917956929989e-01	4.546368917956929989e-01	4.546368917956929989e-01	4.546368917956929989e-01	4.546368917956929989e-01	6.076254521514660167e-01	5.764155428855219920e-01	4.546368917956929989e-01	4.546368917956929989e-01	4.546368917956929989e-01	4.546368917956929989e-01	4.546368917956929989e-01	5.472995753028060406e-01	4.546368917956929989e-01	1.301936697486089922e-01	3.091128478720580053e-01	4.546368917956929989e-01	4.546368917956929989e-01	4.546368917956929989e-01	4.546368917956929989e-01	5.223070235782799609e-01	1.000000000000000082e-05	4.546368917956929989e-01	5.413335745266779631e-01	4.546368917956929989e-01	4.546368917956929989e-01	4.887248000641939982e-01	4.546368917956929989e-01	5.101610004312230329e-01	4.546368917956929989e-01	4.546368917956929989e-01	3.941459028121340131e-04	4.546368917956929989e-01	4.546368917956929989e-01	4.546368917956929989e-01	4.546368917956929989e-01	4.546368917956929989e-01	5.723960913076929780e-01	5.601741785093470316e-01	4.546368917956929989e-01	4.546368917956929989e-01	4.546368917956929989e-01	5.244614472906700131e-01	4.546368917956929989e-01	4.546368917956929989e-01	4.546368917956929989e-01	6.193796472315089563e-01	5.958942904491769665e-01	4.546368917956929989e-01	4.546368917956929989e-01	4.546368917956929989e-01	4.546368917956929989e-01	4.546368917956929989e-01	4.546368917956929989e-01	4.546368917956929989e-01	4.984837119438850217e-01	4.546368917956929989e-01
