1.000000000000000000e+00	4.228086507674799766e-01	4.466228561321879953e-01	6.017832001309881829e-01	6.017832001309881829e-01	5.988566395776889761e-01	6.017832001309881829e-01	6.734904738391089829e-01	7.600555996296619599e-01	6.017832001309881829e-01	8.252020191593339993e-01	3.285938886505569978e-01	6.017832001309881829e-01	6.017832001309881829e-01	8.224029418133289582e-01	6.835844094958669626e-01	6.964529250310409481e-01	6.017832001309881829e-01	8.348143065883190106e-01	6.017832001309881829e-01	3.467315710315240218e-01	6.017832001309881829e-01	5.040936915901780280e-01	6.017832001309881829e-01	7.519875455151190380e-01	8.612904201302870044e-01	8.690980719815749600e-01	6.745641397236880055e-01	8.528821087511829768e-01	6.677002277271969488e-01	6.295277513664380153e-01	6.017832001309881829e-01	8.432347098425080345e-01	6.017832001309881829e-01	6.017832001309881829e-01	8.192268215087950001e-01	6.017832001309881829e-01	6.017832001309881829e-01	6.017832001309881829e-01	7.558686898224680206e-01	8.760177487205269564e-01	6.017832001309881829e-01	7.594582778831669989e-01	6.017832001309881829e-01	8.232298476698940437e-01	6.017832001309881829e-01	4.347264803069920136e-01	8.720083844378649918e-01	6.017832001309881829e-01	4.911061366552719742e-01	8.506111428949679754e-01	6.017832001309881829e-01	6.655764372702589471e-01	6.017832001309881829e-01	8.375926355676700519e-01	5.245839402652530126e-01	6.017832001309881829e-01	6.017832001309881829e-01	6.017832001309881829e-01	8.516934636769769584e-01	8.852107354046969689e-01	3.737965777929549982e-01	6.017832001309881829e-01	1.561467115133770012e-01	6.017832001309881829e-01	3.712752025224460017e-01	6.017832001309881829e-01	5.323223913688589493e-01	6.017832001309881829e-01	8.096002695745919686e-01	8.572019402631000373e-01	8.622094754561540064e-01	6.017832001309881829e-01	6.017832001309881829e-01	6.017832001309881829e-01	3.810598984647460274e-01	6.017832001309881829e-01	6.017832001309881829e-01	6.017832001309881829e-01	6.017832001309881829e-01	6.017832001309881829e-01	6.017832001309881829e-01	7.884019525723530153e-01	3.649061917379369802e-01	6.017832001309881829e-01	8.746832363850010061e-01	8.829502640384430112e-01	7.800063363912459469e-01	6.017832001309881829e-01	6.017832001309881829e-01	6.017832001309881829e-01	4.217059032418269959e-01	8.222848802286579772e-01	8.100985600679969645e-01	8.587387116854029445e-01	8.515711972369339744e-01	6.017832001309881829e-01	8.915209103036200178e-01	8.992767039247310246e-01	6.017832001309881829e-01	8.879503667234920350e-01	6.017832001309881829e-01	8.423934688250559466e-01	5.173681139584399569e-01	6.017832001309881829e-01	8.632003241284590400e-01	6.017832001309881829e-01	5.653267865449690399e-01	5.601600156323790491e-01	7.828858765426149890e-01	8.381769145798929621e-01	6.017832001309881829e-01	5.712788897562639523e-01	6.017832001309881829e-01	3.895920253823870194e-01	8.751438021744010198e-01	6.017832001309881829e-01	6.017832001309881829e-01	8.644404863915670090e-01	8.343749651804710510e-01	4.370598126385479842e-01	6.017832001309881829e-01	8.193108358687339887e-01	6.017832001309881829e-01
4.228086507674799766e-01	1.000000000000000000e+00	6.017832001309881829e-01	4.138601880222440021e-01	6.017832001309881829e-01	6.017832001309881829e-01	6.017832001309881829e-01	6.017832001309881829e-01	6.017832001309881829e-01	6.017832001309881829e-01	5.068859686741240544e-01	6.017832001309881829e-01	4.539430676878870030e-01	6.017832001309881829e-01	6.017832001309881829e-01	4.432585845697279980e-01	6.017832001309881829e-01	4.239113838493139830e-01	6.017832001309881829e-01	3.488691599622750217e-01	6.017832001309881829e-01	3.088353935681940055e-01	6.017832001309881829e-01	5.430408955066009513e-01	6.017832001309881829e-01	6.017832001309881829e-01	6.017832001309881829e-01	6.017832001309881829e-01	6.017832001309881829e-01	4.478121905601680219e-01	3.975806336622810244e-01	2.883169123019019842e-01	3.173431376637820267e-01	5.292705730994220481e-01	6.017832001309881829e-01	6.017832001309881829e-01	6.017832001309881829e-01	4.263265453000180116e-01	3.074807667587109994e-01	4.997188143162680229e-01	3.585630828043980256e-01	4.906631514912719871e-01	6.017832001309881829e-01	6.017832001309881829e-01	6.017832001309881829e-01	6.017832001309881829e-01	5.817667095721099635e-01	3.296964912698959749e-01	6.017832001309881829e-01	6.017832001309881829e-01	3.221962210414299754e-01	3.407835920115789841e-01	6.017832001309881829e-01	3.172433551388070261e-01	3.053983608769360036e-01	6.017832001309881829e-01	3.336076243691940002e-01	6.017832001309881829e-01	3.099267807421359766e-01	3.157849168002829776e-01	6.017832001309881829e-01	5.468558501265390337e-01	6.017832001309881829e-01	6.017832001309881829e-01	6.017832001309881829e-01	6.827110520833760132e-01	6.017832001309881829e-01	5.683572117733920459e-01	6.017832001309881829e-01	6.017832001309881829e-01	6.017832001309881829e-01	6.017832001309881829e-01	6.017832001309881829e-01	6.017832001309881829e-01	6.017832001309881829e-01	6.017832001309881829e-01	3.153555930610419944e-01	3.271727262190339824e-01	5.053565993560820147e-01	6.017832001309881829e-01	3.421749723172700097e-01	6.017832001309881829e-01	6.017832001309881829e-01	6.017832001309881829e-01	6.017832001309881829e-01	6.017832001309881829e-01	2.948490644679149786e-01	3.212790012295460018e-01	1.000000000000000021e-03	6.412076626083870190e-01	6.017832001309881829e-01	6.017832001309881829e-01	6.017832001309881829e-01	6.017832001309881829e-01	6.017832001309881829e-01	6.017832001309881829e-01	6.017832001309881829e-01	2.980980740403689766e-01	3.076910488320350190e-01	3.629431781848589944e-01	6.017832001309881829e-01	6.017832001309881829e-01	3.346515429061580060e-01	5.693839343479879522e-01	3.319082700973819966e-01	4.417369356329030050e-01	6.017832001309881829e-01	6.017832001309881829e-01	6.017832001309881829e-01	6.017832001309881829e-01	6.017832001309881829e-01	6.017832001309881829e-01	5.772265705489529886e-01	5.799440055087380363e-01	6.017832001309881829e-01	6.017832001309881829e-01	3.784170851910589883e-01	4.816530343175470241e-01	4.304442239962210093e-01	6.017832001309881829e-01	6.662729873657999846e-01	6.017832001309881829e-01	6.017832001309881829e-01	3.062555865964179946e-01
4.466228561321879953e-01	6.017832001309881829e-01	1.000000000000000000e+00	4.945866711452239772e-01	6.017832001309881829e-01	5.529422603687419446e-01	6.017832001309881829e-01	6.017832001309881829e-01	6.069641294105390106e-01	6.017832001309881829e-01	6.017832001309881829e-01	6.017832001309881829e-01	5.032569474541349619e-01	4.248049340274899777e-01	3.620089428868120129e-01	5.654040893198409856e-01	5.507239601134480411e-01	6.017832001309881829e-01	6.017832001309881829e-01	6.017832001309881829e-01	6.017832001309881829e-01	3.670378721640569775e-01	6.017832001309881829e-01	6.476708133048000304e-01	5.504077873931280118e-01	3.979939954353050036e-01	4.227826366650260237e-01	5.357762680727740090e-01	3.235758568468249941e-01	6.017832001309881829e-01	4.676104136346950213e-01	3.319037319255739860e-01	6.017832001309881829e-01	6.017832001309881829e-01	3.613882792681930023e-01	2.738108704095379986e-01	6.017832001309881829e-01	6.017832001309881829e-01	6.017832001309881829e-01	6.017832001309881829e-01	3.386422925436949893e-01	6.337076321156419612e-01	4.464488490127470066e-01	3.181077305777860187e-01	3.359650553829949815e-01	7.102674282833100206e-01	7.595205851662040208e-01	3.355748201158360033e-01	6.043018377845880140e-01	6.017832001309881829e-01	3.569976601125660065e-01	6.017832001309881829e-01	5.546725166138190000e-01	6.017832001309881829e-01	6.017832001309881829e-01	7.215042260436099752e-01	3.272666822296509959e-01	6.017832001309881829e-01	6.017832001309881829e-01	3.895547387514459725e-01	6.017832001309881829e-01	7.109524213583400254e-01	6.017832001309881829e-01	5.431559957084279855e-01	6.269721996134880460e-01	6.017832001309881829e-01	5.609916450745150440e-01	6.759952762424179529e-01	6.017832001309881829e-01	6.017832001309881829e-01	3.370762606691720120e-01	3.394767689677359868e-01	6.017832001309881829e-01	4.004941586985880098e-01	6.017832001309881829e-01	6.017832001309881829e-01	6.017832001309881829e-01	6.017832001309881829e-01	6.771747771676910332e-01	6.017832001309881829e-01	6.017832001309881829e-01	6.017832001309881829e-01	6.017832001309881829e-01	6.017832001309881829e-01	3.315408791515290221e-01	3.436871459629329828e-01	3.607119568857780068e-01	6.017832001309881829e-01	6.017832001309881829e-01	6.264537699159220541e-01	6.017832001309881829e-01	6.883678817442769882e-01	4.908678146496109895e-01	3.338951187830340173e-01	6.017832001309881829e-01	6.017832001309881829e-01	6.017832001309881829e-01	6.017832001309881829e-01	6.017832001309881829e-01	4.402987663918500050e-01	6.017832001309881829e-01	6.017832001309881829e-01	3.441385707617909961e-01	6.468787179141679555e-01	3.978715738315730110e-01	4.015194775811600225e-01	6.017832001309881829e-01	3.761601644764510088e-01	6.017832001309881829e-01	2.852934595601520074e-01	6.017832001309881829e-01	6.017832001309881829e-01	5.132498352086489746e-01	5.487883729955269629e-01	6.946174773886309994e-01	3.834222265918669770e-01	3.698160541695399983e-01	5.279298569353619852e-01	5.013236508750910092e-01	6.017832001309881829e-01	6.187370278484980446e-01	6.017832001309881829e-01	3.014508865166889984e-01	6.017832001309881829e-01
6.017832001309881829e-01	4.138601880222440021e-01	4.945866711452239772e-01	1.000000000000000000e+00	6.017832001309881829e-01	6.017832001309881829e-01	6.017832001309881829e-01	6.131785259294599832e-01	6.888386475320319446e-01	6.256405716754519508e-01	6.704263711470750398e-01	6.017832001309881829e-01	7.048882893249499570e-01	2.073743809098350099e-01	6.432053225986400502e-01	6.426383217848390395e-01	6.646397487146900040e-01	6.017832001309881829e-01	6.017832001309881829e-01	5.847333341888769631e-01	4.567197548543470154e-01	6.092048516964170268e-01	5.543881867946309772e-01	6.100509028456040372e-01	6.017832001309881829e-01	6.017832001309881829e-01	6.017832001309881829e-01	5.934605065591750384e-01	6.040251021467689663e-01	6.017832001309881829e-01	6.323098229726209496e-01	5.869240866346839836e-01	6.017832001309881829e-01	6.253668900096339689e-01	6.017832001309881829e-01	6.017832001309881829e-01	6.017832001309881829e-01	6.049632120282769643e-01	6.080938514951550466e-01	6.017832001309881829e-01	6.017832001309881829e-01	5.003854455558499614e-01	6.215351459199960349e-01	5.715289006869560540e-01	5.867676190144049952e-01	6.017832001309881829e-01	6.017832001309881829e-01	5.901227286212320511e-01	6.976013495714380452e-01	6.017832001309881829e-01	6.017832001309881829e-01	6.031420487968229827e-01	5.870203951387079622e-01	6.017832001309881829e-01	5.525303712580400539e-01	6.017832001309881829e-01	6.017832001309881829e-01	6.017832001309881829e-01	5.639525641932270350e-01	6.017832001309881829e-01	6.017832001309881829e-01	6.017832001309881829e-01	5.774554971428259575e-01	6.017832001309881829e-01	6.017832001309881829e-01	6.017832001309881829e-01	6.017832001309881829e-01	6.017832001309881829e-01	6.122318621781609460e-01	5.315150931073350238e-01	6.174566597867400253e-01	6.075494951599480498e-01	5.679454882104809643e-01	5.750327014082200483e-01	6.017832001309881829e-01	4.487622564496849820e-01	5.859218121050510097e-01	5.849172503137619605e-01	6.017832001309881829e-01	6.017832001309881829e-01	6.153622527101429984e-01	6.017832001309881829e-01	6.017832001309881829e-01	6.017832001309881829e-01	6.017832001309881829e-01	6.017832001309881829e-01	5.979607020158910213e-01	5.407033432684339447e-01	1.000000000000000021e-03	5.251078065391260319e-01	5.350478562374759717e-01	6.017832001309881829e-01	6.384606400443210150e-01	5.659803278063899601e-01	5.931116889157900252e-01	6.017832001309881829e-01	6.017832001309881829e-01	6.017832001309881829e-01	6.113953257002010533e-01	6.430910031257299764e-01	6.905030263874429863e-01	4.284770930878740169e-01	5.787993078883699738e-01	5.530632402352509969e-01	6.017832001309881829e-01	6.017832001309881829e-01	6.017832001309881829e-01	6.017832001309881829e-01	5.466502659246430529e-01	6.017832001309881829e-01	6.017832001309881829e-01	6.017832001309881829e-01	5.683455551166100017e-01	6.017832001309881829e-01	6.017832001309881829e-01	6.290975198037239702e-01	6.017832001309881829e-01	6.017832001309881829e-01	7.036797597430940465e-01	6.221856051926349940e-01	6.017832001309881829e-01	6.017832001309881829e-01	6.017832001309881829e-01	6.017170385365759877e-01
6.017832001309881829e-01	6.017832001309881829e-01	6.017832001309881829e-01	6.017832001309881829e-01	1.000000000000000000e+00	6.664460997147559906e-01	7.581665545520800409e-01	7.272040291682350110e-01	6.017832001309881829e-01	6.724644885248729498e-01	8.297956717116830028e-01	4.832989654974639837e-01	6.017832001309881829e-01	6.017832001309881829e-01	6.842530248191099895e-01	7.940546023210469651e-01	7.313021502481330538e-01	6.017832001309881829e-01	6.017832001309881829e-01	6.490448936901209720e-01	6.017832001309881829e-01	7.199373673339040103e-01	6.017832001309881829e-01	6.017832001309881829e-01	7.844824651346270494e-01	6.017832001309881829e-01	6.017832001309881829e-01	6.017832001309881829e-01	6.588535232425749566e-01	6.017832001309881829e-01	6.017832001309881829e-01	6.898518844666090555e-01	6.017832001309881829e-01	6.826177109495600304e-01	6.017832001309881829e-01	6.285687382060519690e-01	6.017832001309881829e-01	6.017832001309881829e-01	6.971674897312130081e-01	6.017832001309881829e-01	6.847958784733340076e-01	6.017832001309881829e-01	6.017832001309881829e-01	6.017832001309881829e-01	6.017832001309881829e-01	5.407292196364960057e-01	6.146769028422489622e-01	6.932416970653499932e-01	7.875669551399220314e-01	6.017832001309881829e-01	6.017832001309881829e-01	6.017832001309881829e-01	6.934929291269540386e-01	6.017832001309881829e-01	6.017832001309881829e-01	6.421464473865430289e-01	6.017832001309881829e-01	6.017832001309881829e-01	6.017832001309881829e-01	7.154185619187719558e-01	6.017832001309881829e-01	5.100039309271630072e-01	6.518196307763980402e-01	6.017832001309881829e-01	7.492933653335249744e-01	6.017832001309881829e-01	6.017832001309881829e-01	6.017832001309881829e-01	6.017832001309881829e-01	6.204949768176559743e-01	6.834488958812789949e-01	6.983743837152319722e-01	6.017832001309881829e-01	6.514587796658249941e-01	3.769968737042039830e-01	5.757289501634009765e-01	6.017832001309881829e-01	7.385067920868120250e-01	6.017832001309881829e-01	6.017832001309881829e-01	6.017832001309881829e-01	7.009381880481030391e-01	6.713987545604660490e-01	6.017832001309881829e-01	6.667787838563650205e-01	6.017832001309881829e-01	6.017832001309881829e-01	6.003036030021520197e-01	6.017832001309881829e-01	6.017832001309881829e-01	5.804001374337279806e-01	6.017832001309881829e-01	6.017832001309881829e-01	6.490448936901209720e-01	7.135380099205530513e-01	6.689429958853400082e-01	7.069296728486700321e-01	7.174708211994630380e-01	7.212921559956769757e-01	7.389158601727869868e-01	6.017832001309881829e-01	6.017832001309881829e-01	6.017832001309881829e-01	6.017832001309881829e-01	7.655678163077319631e-01	7.115991550255990061e-01	6.017832001309881829e-01	5.270463408076060396e-01	6.017832001309881829e-01	6.068686977345469913e-01	6.596196947943380184e-01	6.742045246417139870e-01	6.621045946246689740e-01	5.345688895624050030e-01	6.017832001309881829e-01	6.017832001309881829e-01	6.017832001309881829e-01	6.017832001309881829e-01	7.647465460362690148e-01	6.017832001309881829e-01	5.876427682836540267e-01	6.017832001309881829e-01	6.017832001309881829e-01	6.017832001309881829e-01
5.988566395776889761e-01	6.017832001309881829e-01	5.529422603687419446e-01	6.017832001309881829e-01	6.664460997147559906e-01	1.000000000000000000e+00	5.503174856744039722e-01	6.017832001309881829e-01	6.599805543437590183e-01	6.017832001309881829e-01	6.683487374964719452e-01	4.881771261632419923e-01	6.337206293359090026e-01	6.017832001309881829e-01	6.017832001309881829e-01	6.417075919604710021e-01	6.338679497972320442e-01	3.387904938447550141e-01	6.017832001309881829e-01	5.422321697491769843e-01	6.017832001309881829e-01	6.017832001309881829e-01	6.017832001309881829e-01	6.017832001309881829e-01	6.022767561364410493e-01	6.017832001309881829e-01	5.909584391144550031e-01	6.165792612599839684e-01	6.017832001309881829e-01	6.017832001309881829e-01	6.017832001309881829e-01	5.191006029778979514e-01	5.124749651413379459e-01	6.625664585452759603e-01	5.555301792050010290e-01	4.546232204870390148e-01	6.314760715513549894e-01	5.918560236359799998e-01	5.265961370711850220e-01	6.017832001309881829e-01	6.017832001309881829e-01	6.017832001309881829e-01	5.857896398042440333e-01	6.017832001309881829e-01	6.017832001309881829e-01	4.805544817067730068e-01	5.586684797489720467e-01	6.017832001309881829e-01	6.017832001309881829e-01	6.017832001309881829e-01	6.017832001309881829e-01	6.017832001309881829e-01	6.017832001309881829e-01	6.017832001309881829e-01	4.999135838438439894e-01	5.927549714648380208e-01	6.017832001309881829e-01	6.017832001309881829e-01	6.017832001309881829e-01	6.017832001309881829e-01	5.033360859137869792e-01	5.531123958665720153e-01	6.017832001309881829e-01	2.710025212224220215e-01	6.186566627770629934e-01	6.017832001309881829e-01	5.317695143655869483e-01	6.017832001309881829e-01	5.325480720071840146e-01	6.017832001309881829e-01	5.318894980516020166e-01	6.017832001309881829e-01	6.017832001309881829e-01	6.017832001309881829e-01	6.017832001309881829e-01	5.363589781015399849e-01	6.017832001309881829e-01	5.483308431124640503e-01	5.668244733492560083e-01	5.541684050107289483e-01	6.017832001309881829e-01	6.017832001309881829e-01	4.899826736471339927e-01	6.017832001309881829e-01	5.291041540157519485e-01	5.365460193003389611e-01	5.335028116310960300e-01	5.019718320865850236e-01	1.000000000000000021e-03	6.009277344126889853e-01	6.017832001309881829e-01	6.017832001309881829e-01	6.195497240509120207e-01	5.115019028372500554e-01	6.017832001309881829e-01	5.041591746407489971e-01	6.017832001309881829e-01	6.017832001309881829e-01	5.479186431906779564e-01	6.017832001309881829e-01	6.017832001309881829e-01	4.898018187996420192e-01	6.017832001309881829e-01	6.017832001309881829e-01	5.759887840681220395e-01	6.017832001309881829e-01	6.017832001309881829e-01	4.932258997931859845e-01	6.017832001309881829e-01	6.017832001309881829e-01	6.017832001309881829e-01	6.017832001309881829e-01	6.017832001309881829e-01	6.017832001309881829e-01	6.017832001309881829e-01	6.017832001309881829e-01	6.017832001309881829e-01	6.299496637582869818e-01	6.017832001309881829e-01	5.368065186030690494e-01	5.688703414263980296e-01	5.093210035990960449e-01	6.017832001309881829e-01	5.488784238018109551e-01
6.017832001309881829e-01	6.017832001309881829e-01	6.017832001309881829e-01	6.017832001309881829e-01	7.581665545520800409e-01	5.503174856744039722e-01	1.000000000000000000e+00	7.944672815611270034e-01	7.029441030180380023e-01	6.017832001309881829e-01	6.807302963462570355e-01	4.839668524793520055e-01	6.399157929779949461e-01	6.017832001309881829e-01	6.017832001309881829e-01	6.017832001309881829e-01	6.017832001309881829e-01	3.443692140133440271e-01	5.792545394969069728e-01	5.550176992750579519e-01	4.792355938424899819e-01	6.017832001309881829e-01	5.697460623092910348e-01	6.017832001309881829e-01	7.092242055162649716e-01	6.017832001309881829e-01	6.146138722019830469e-01	5.993194518949790384e-01	5.382176096106070506e-01	6.017832001309881829e-01	6.017832001309881829e-01	6.017832001309881829e-01	5.627817155089750445e-01	5.999671697533519588e-01	6.399070434285779596e-01	6.017832001309881829e-01	6.704905416940819540e-01	6.017832001309881829e-01	5.625201480096290174e-01	6.843091621318859730e-01	6.017832001309881829e-01	6.017832001309881829e-01	6.267707751552630269e-01	5.944716125988680488e-01	5.396324099207769898e-01	5.092757397509809492e-01	6.017832001309881829e-01	6.065783458179739851e-01	6.017832001309881829e-01	5.839263868126669532e-01	5.533960713691410405e-01	6.017832001309881829e-01	6.330624387954769672e-01	6.017832001309881829e-01	5.772068397473859580e-01	5.716422229084709983e-01	6.005334707001880323e-01	6.017832001309881829e-01	6.017832001309881829e-01	6.017832001309881829e-01	6.017832001309881829e-01	5.025899266580999836e-01	6.017832001309881829e-01	2.469026310478779906e-01	6.017832001309881829e-01	6.017832001309881829e-01	5.807216282796670015e-01	6.339199534304870154e-01	6.017832001309881829e-01	6.017832001309881829e-01	5.458398965373519873e-01	6.017832001309881829e-01	6.017832001309881829e-01	6.267750601081959472e-01	3.615093610269339841e-01	5.432265530514930330e-01	5.756974631106209772e-01	5.867154724109889807e-01	6.017832001309881829e-01	5.812816853483869783e-01	6.017832001309881829e-01	6.017832001309881829e-01	6.017832001309881829e-01	5.355785105999819606e-01	6.003856885062920368e-01	6.017832001309881829e-01	5.514850239472900428e-01	5.438880092636060315e-01	6.017832001309881829e-01	6.017832001309881829e-01	6.017832001309881829e-01	5.344336865677550286e-01	6.348871309896290116e-01	6.017832001309881829e-01	5.706426370288649741e-01	5.028545661489319807e-01	5.978012921531929980e-01	5.695902801293739603e-01	6.017832001309881829e-01	6.017832001309881829e-01	6.816244192156000192e-01	6.017832001309881829e-01	6.397758145422950404e-01	6.489517188426400240e-01	6.017832001309881829e-01	6.017832001309881829e-01	6.017832001309881829e-01	4.534684963137439739e-01	6.774016619829940078e-01	5.300454720697980182e-01	6.017832001309881829e-01	6.017832001309881829e-01	7.085844745547820178e-01	5.654698049893860379e-01	5.703033321099549857e-01	6.460213396712169986e-01	6.275768614603780549e-01	6.017832001309881829e-01	6.425504594462909669e-01	5.383537698759900403e-01	6.017832001309881829e-01	6.017832001309881829e-01	6.017832001309881829e-01	5.536306862954679664e-01
6.734904738391089829e-01	6.017832001309881829e-01	6.017832001309881829e-01	6.131785259294599832e-01	7.272040291682350110e-01	6.017832001309881829e-01	7.944672815611270034e-01	1.000000000000000000e+00	6.017832001309881829e-01	6.017832001309881829e-01	6.017832001309881829e-01	6.017832001309881829e-01	6.869340322520329778e-01	6.017832001309881829e-01	6.017832001309881829e-01	6.017832001309881829e-01	6.503729781966509638e-01	6.017832001309881829e-01	6.450592498883650494e-01	6.017832001309881829e-01	6.017832001309881829e-01	6.333524779629829959e-01	5.681085882736709447e-01	6.017832001309881829e-01	6.017832001309881829e-01	6.408088757450569606e-01	6.017832001309881829e-01	6.017832001309881829e-01	5.938217082652490486e-01	6.511604488489529663e-01	6.017832001309881829e-01	6.017832001309881829e-01	6.320764345228819803e-01	6.136440161300029672e-01	6.797025755476010511e-01	5.418504844441689450e-01	6.896774073459509546e-01	6.654444935519030491e-01	6.128935351963550326e-01	6.017832001309881829e-01	6.017832001309881829e-01	6.109691323145759467e-01	6.017832001309881829e-01	6.017832001309881829e-01	5.905989790383819882e-01	6.017832001309881829e-01	6.017832001309881829e-01	6.017832001309881829e-01	6.694553960316530494e-01	5.772936603194009919e-01	6.017832001309881829e-01	6.017832001309881829e-01	6.017832001309881829e-01	6.017832001309881829e-01	6.017832001309881829e-01	5.837866824331809923e-01	6.654444935519030491e-01	6.293039942466740477e-01	6.154001163670209662e-01	6.483486245096800049e-01	6.017832001309881829e-01	6.017832001309881829e-01	6.017832001309881829e-01	6.017832001309881829e-01	6.017832001309881829e-01	5.736309638125739463e-01	6.017832001309881829e-01	6.289341089150970454e-01	7.244896679045219612e-01	6.503818708484350175e-01	6.190035762107359840e-01	6.754363104272920193e-01	5.975234483910629724e-01	6.017832001309881829e-01	3.077478496438110223e-01	6.017832001309881829e-01	6.359209932475899940e-01	6.017832001309881829e-01	6.191093811918000345e-01	6.017832001309881829e-01	6.017832001309881829e-01	6.017832001309881829e-01	6.639993772755029555e-01	5.134253076364350132e-01	6.720186958472940120e-01	6.085846052594060529e-01	6.085762841003780066e-01	5.902558786011919967e-01	6.017832001309881829e-01	6.017832001309881829e-01	6.017832001309881829e-01	6.017832001309881829e-01	6.616023438205690388e-01	6.017832001309881829e-01	6.017832001309881829e-01	6.017832001309881829e-01	6.017832001309881829e-01	6.131911021017519836e-01	6.017832001309881829e-01	6.017832001309881829e-01	7.005453553037479519e-01	6.017832001309881829e-01	6.697941614413910338e-01	6.017832001309881829e-01	6.017832001309881829e-01	6.017832001309881829e-01	6.017832001309881829e-01	6.017832001309881829e-01	6.017832001309881829e-01	6.017832001309881829e-01	6.017832001309881829e-01	6.017832001309881829e-01	7.109572818237339664e-01	5.816116168528340236e-01	5.160116858517439509e-01	6.017832001309881829e-01	6.017832001309881829e-01	6.017832001309881829e-01	6.017832001309881829e-01	5.911200654572790203e-01	5.698824066667319554e-01	6.459904245932930333e-01	5.449524855634869658e-01	6.017832001309881829e-01
7.600555996296619599e-01	6.017832001309881829e-01	6.069641294105390106e-01	6.888386475320319446e-01	6.017832001309881829e-01	6.599805543437590183e-01	7.029441030180380023e-01	6.017832001309881829e-01	1.000000000000000000e+00	6.017832001309881829e-01	6.017832001309881829e-01	6.017832001309881829e-01	6.017832001309881829e-01	2.312169648730159899e-01	7.165296767051699822e-01	7.306325145935189669e-01	7.418769762307629856e-01	6.017832001309881829e-01	7.551507456816639596e-01	6.017832001309881829e-01	5.272697846389180487e-01	7.332896756301250374e-01	6.017832001309881829e-01	7.293549148720489539e-01	7.891838806385319538e-01	7.359917207904670411e-01	6.017832001309881829e-01	7.463077497562590201e-01	6.860845373676770498e-01	7.467160339242909783e-01	6.833507821032429597e-01	7.055632710516229755e-01	6.532561030520770418e-01	7.364547764256480500e-01	6.017832001309881829e-01	6.384780997087160515e-01	7.436491706257980505e-01	7.720695153620580342e-01	6.017832001309881829e-01	6.017832001309881829e-01	6.017832001309881829e-01	6.017832001309881829e-01	7.603310451720139973e-01	6.017832001309881829e-01	6.892908855766040066e-01	6.017832001309881829e-01	6.017832001309881829e-01	6.949594733101349675e-01	7.853302989578769822e-01	6.017832001309881829e-01	7.266076874068020386e-01	7.033334724887729816e-01	7.133038983235050479e-01	6.926447937141599898e-01	6.537654261924390475e-01	6.017832001309881829e-01	6.833274237559829878e-01	6.017832001309881829e-01	6.525999299322859937e-01	7.479882484752039540e-01	6.725794314673839702e-01	5.333605855455609834e-01	6.655536864869769920e-01	2.637443484233010227e-01	7.794732648240210171e-01	6.017832001309881829e-01	7.057321174503790040e-01	6.661135815633389967e-01	6.017832001309881829e-01	6.017832001309881829e-01	6.017832001309881829e-01	7.005740916963709708e-01	6.943088756239820247e-01	6.017832001309881829e-01	3.582029186121519770e-01	6.017832001309881829e-01	6.017832001309881829e-01	6.017832001309881829e-01	6.017832001309881829e-01	6.017832001309881829e-01	7.624965023495110517e-01	6.017832001309881829e-01	6.017832001309881829e-01	5.523264297690789748e-01	6.906729905522870361e-01	7.154968219059699708e-01	6.017832001309881829e-01	6.017832001309881829e-01	1.000000000000000021e-03	6.017832001309881829e-01	6.017832001309881829e-01	6.017832001309881829e-01	7.823722315991810117e-01	6.017832001309881829e-01	7.185114376730260544e-01	6.714262953586049854e-01	7.263096999368450213e-01	7.171765808294769950e-01	7.341875802233339687e-01	7.725341435520109989e-01	7.834641301976169592e-01	6.017832001309881829e-01	6.017832001309881829e-01	6.793123557135569701e-01	6.017832001309881829e-01	7.108503592605239785e-01	5.042936138697410309e-01	5.458958741839969875e-01	6.464366283619750186e-01	6.331446752137970257e-01	6.017832001309881829e-01	6.017832001309881829e-01	6.017832001309881829e-01	6.017832001309881829e-01	6.017832001309881829e-01	6.017832001309881829e-01	7.005118310021219985e-01	7.608458240612839818e-01	6.017832001309881829e-01	6.017832001309881829e-01	5.467138018786810161e-01	6.017832001309881829e-01	6.529881976379769970e-01	6.017832001309881829e-01
6.017832001309881829e-01	6.017832001309881829e-01	6.017832001309881829e-01	6.256405716754519508e-01	6.724644885248729498e-01	6.017832001309881829e-01	6.017832001309881829e-01	6.017832001309881829e-01	6.017832001309881829e-01	1.000000000000000000e+00	6.017832001309881829e-01	6.017832001309881829e-01	6.017832001309881829e-01	6.017832001309881829e-01	5.058474314361689483e-01	6.295449667475859767e-01	6.778139533373489511e-01	4.582616847546540084e-01	6.017832001309881829e-01	5.303136916891929564e-01	5.594290485988669959e-01	5.008098171270269905e-01	6.975727351157889888e-01	6.017832001309881829e-01	6.890929949104289687e-01	6.017832001309881829e-01	6.017832001309881829e-01	6.484904786157339451e-01	4.654161566644179904e-01	6.285171735598209519e-01	6.017832001309881829e-01	6.017832001309881829e-01	4.629979047727900143e-01	6.288868136856280433e-01	6.017832001309881829e-01	4.100076554301270160e-01	6.017832001309881829e-01	6.350216984550239863e-01	4.799897377437539747e-01	6.017832001309881829e-01	6.017832001309881829e-01	6.617968642234319798e-01	6.017832001309881829e-01	6.017832001309881829e-01	6.017832001309881829e-01	6.017832001309881829e-01	6.017832001309881829e-01	4.982246939664080054e-01	6.017832001309881829e-01	6.017832001309881829e-01	6.017832001309881829e-01	5.379968823783559673e-01	6.943658379363150113e-01	4.836724717748980273e-01	6.017832001309881829e-01	6.017832001309881829e-01	5.081697682269520344e-01	6.017832001309881829e-01	6.017832001309881829e-01	6.017832001309881829e-01	4.685512278351799953e-01	6.436540029649490124e-01	4.685191962768029961e-01	6.017832001309881829e-01	6.017832001309881829e-01	6.017832001309881829e-01	6.017832001309881829e-01	6.904747030932919527e-01	5.258730156909250386e-01	6.017832001309881829e-01	4.694843058859269891e-01	6.017832001309881829e-01	4.541603574092010209e-01	5.488108843119380298e-01	3.896373068037299880e-01	6.017832001309881829e-01	4.839867048149419926e-01	6.017832001309881829e-01	6.017832001309881829e-01	5.168731703620059736e-01	5.650563100537999706e-01	6.017832001309881829e-01	4.745505879772259905e-01	6.717568730680320011e-01	6.017832001309881829e-01	4.839304586456910084e-01	5.015190459009469803e-01	4.498404095803310021e-01	1.000000000000000021e-03	7.124217932243720464e-01	6.017832001309881829e-01	6.474317550432220347e-01	6.017832001309881829e-01	6.017832001309881829e-01	6.017832001309881829e-01	4.396971544829609835e-01	6.286675822696640159e-01	4.750504702182100081e-01	5.004436042519160299e-01	6.017832001309881829e-01	5.918560236359799998e-01	5.806541401303709771e-01	4.909080863021190178e-01	6.017832001309881829e-01	6.017832001309881829e-01	5.515415805200080124e-01	5.847413293395089529e-01	6.017832001309881829e-01	6.017832001309881829e-01	4.514455228833860190e-01	6.017832001309881829e-01	6.017832001309881829e-01	6.017832001309881829e-01	6.017832001309881829e-01	6.547315487729039596e-01	6.017832001309881829e-01	6.017832001309881829e-01	5.522056110762399994e-01	6.089008936250780435e-01	6.017832001309881829e-01	6.503463009708230214e-01	6.017832001309881829e-01	6.017832001309881829e-01	6.017832001309881829e-01
8.252020191593339993e-01	5.068859686741240544e-01	6.017832001309881829e-01	6.704263711470750398e-01	8.297956717116830028e-01	6.683487374964719452e-01	6.807302963462570355e-01	6.017832001309881829e-01	6.017832001309881829e-01	6.017832001309881829e-01	1.000000000000000000e+00	6.017832001309881829e-01	8.044416822318090077e-01	6.017832001309881829e-01	6.017832001309881829e-01	6.017832001309881829e-01	7.129041353590740426e-01	2.797331067330969812e-01	6.017832001309881829e-01	6.017832001309881829e-01	4.676711574148180173e-01	6.017832001309881829e-01	6.263766847797339610e-01	6.962482182533630271e-01	7.839516939858830469e-01	8.067272532617899561e-01	8.027111750413949975e-01	7.315621741226250307e-01	6.017832001309881829e-01	6.017832001309881829e-01	6.017832001309881829e-01	7.852121912590359631e-01	6.017832001309881829e-01	7.205233087301989858e-01	6.017832001309881829e-01	7.322026268492339840e-01	7.816451447521289841e-01	7.614754715938000240e-01	6.017832001309881829e-01	7.975474097966830378e-01	6.017832001309881829e-01	6.017832001309881829e-01	6.017832001309881829e-01	7.532532923049849449e-01	6.017832001309881829e-01	6.017832001309881829e-01	6.017832001309881829e-01	6.017832001309881829e-01	7.956794076695410389e-01	6.017832001309881829e-01	7.764523223850550160e-01	6.017832001309881829e-01	6.017832001309881829e-01	7.806038093648040022e-01	6.017832001309881829e-01	6.731866560140929989e-01	6.017832001309881829e-01	6.017832001309881829e-01	7.225951515838370254e-01	8.151262266444939675e-01	7.542168908058599630e-01	6.017832001309881829e-01	6.017832001309881829e-01	2.358984044185709894e-01	7.557808470824990410e-01	6.017832001309881829e-01	6.017832001309881829e-01	6.484417127664019453e-01	6.017832001309881829e-01	6.017832001309881829e-01	7.849438307254239522e-01	7.777858346646260301e-01	6.017832001309881829e-01	7.108552190281649530e-01	6.017832001309881829e-01	6.017832001309881829e-01	6.017832001309881829e-01	6.017832001309881829e-01	6.452886089916789469e-01	6.017832001309881829e-01	8.081790599785210194e-01	8.024916946360639569e-01	6.017832001309881829e-01	4.988449952550679800e-01	6.017832001309881829e-01	8.068982430904340086e-01	6.017832001309881829e-01	6.017832001309881829e-01	1.000000000000000021e-03	6.218666675937329913e-01	5.179662130010870280e-01	5.402119274852339448e-01	6.017832001309881829e-01	6.017832001309881829e-01	8.093678389128280415e-01	6.017832001309881829e-01	7.245887346089969760e-01	6.017832001309881829e-01	8.197310369252680529e-01	6.017832001309881829e-01	8.537980288355699887e-01	4.371225645817209959e-01	6.017832001309881829e-01	6.017832001309881829e-01	6.017832001309881829e-01	6.017832001309881829e-01	4.655625439678059974e-01	6.017832001309881829e-01	6.153664596680840093e-01	6.791637594733219707e-01	7.317572527001769966e-01	6.017832001309881829e-01	6.017832001309881829e-01	6.017832001309881829e-01	5.126852213423670479e-01	6.017832001309881829e-01	7.390371090407640287e-01	8.319428102788719581e-01	6.017832001309881829e-01	7.822652646606199633e-01	5.254561438942340068e-01	7.460475851270079728e-01	6.017832001309881829e-01	6.017832001309881829e-01
3.285938886505569978e-01	6.017832001309881829e-01	6.017832001309881829e-01	6.017832001309881829e-01	4.832989654974639837e-01	4.881771261632419923e-01	4.839668524793520055e-01	6.017832001309881829e-01	6.017832001309881829e-01	6.017832001309881829e-01	6.017832001309881829e-01	1.000000000000000000e+00	4.659191577855960054e-01	6.017832001309881829e-01	6.017832001309881829e-01	6.017832001309881829e-01	6.017832001309881829e-01	6.017832001309881829e-01	6.017832001309881829e-01	6.017832001309881829e-01	6.017832001309881829e-01	2.737846648298349894e-01	6.017832001309881829e-01	6.017832001309881829e-01	6.017832001309881829e-01	6.017832001309881829e-01	6.017832001309881829e-01	6.017832001309881829e-01	6.017832001309881829e-01	4.495022484428090048e-01	4.501080444600549790e-01	2.414359960461290033e-01	6.017832001309881829e-01	5.575086016032230196e-01	6.017832001309881829e-01	6.017832001309881829e-01	6.017832001309881829e-01	4.023658285271429769e-01	6.017832001309881829e-01	6.017832001309881829e-01	2.519274909045010058e-01	6.017832001309881829e-01	3.474766891014779979e-01	2.438445800412779862e-01	6.017832001309881829e-01	6.429371436126589678e-01	6.017832001309881829e-01	6.017832001309881829e-01	6.017832001309881829e-01	6.017832001309881829e-01	6.017832001309881829e-01	3.269781888533769831e-01	6.017832001309881829e-01	6.017832001309881829e-01	2.344978931611899908e-01	6.521895991356819744e-01	6.017832001309881829e-01	2.814326388838779835e-01	6.017832001309881829e-01	6.017832001309881829e-01	2.286625069108519925e-01	6.017832001309881829e-01	2.314716012445220128e-01	6.017832001309881829e-01	5.553023519531630203e-01	6.985701639560180087e-01	4.556375734340579742e-01	6.017832001309881829e-01	6.017832001309881829e-01	2.329925760423459946e-01	2.758324792499720068e-01	6.017832001309881829e-01	6.017832001309881829e-01	2.960002806936870012e-01	5.843656754077249937e-01	6.017832001309881829e-01	6.017832001309881829e-01	6.017832001309881829e-01	6.117507139498550295e-01	2.857951575408370082e-01	3.236112529684280203e-01	6.017832001309881829e-01	6.017832001309881829e-01	8.532495254711099930e-01	2.556927645943239957e-01	2.661388464451330260e-01	2.648248072783089824e-01	2.457692448830159915e-01	6.017832001309881829e-01	6.017832001309881829e-01	6.017832001309881829e-01	6.017832001309881829e-01	3.741187060063950187e-01	2.560758746403650199e-01	2.737060631380879849e-01	2.293748969335620003e-01	3.991138573145299739e-01	6.017832001309881829e-01	2.737191618527869963e-01	3.709884927614189865e-01	3.447508204432440104e-01	7.873247022144980178e-01	6.017832001309881829e-01	5.892841712836589529e-01	2.993274521917039799e-01	6.017832001309881829e-01	6.017832001309881829e-01	3.272062788401899902e-01	6.017832001309881829e-01	6.017832001309881829e-01	2.135085191880989886e-01	3.937773318313150250e-01	6.017832001309881829e-01	5.096449315597489926e-01	8.234549999323460545e-01	2.822997824804590050e-01	6.017832001309881829e-01	3.867816089318220074e-01	6.017832001309881829e-01	6.017832001309881829e-01	6.017832001309881829e-01	2.582117983330030064e-01	6.017832001309881829e-01	6.017832001309881829e-01
