1.000000000000000000e+00	5.164764108475469739e-02	6.236899427362210119e-02	2.104157644066129984e-01	2.623343270928782944e-01	1.711842872138180094e-01	2.159797027415089887e-01	2.623343270928782944e-01	3.888894607352140209e-01	2.623343270928782944e-01	5.161429300743419768e-01	2.168528907124750091e-02	3.752683500946489836e-01	2.623343270928782944e-01	5.101411254600950462e-01	2.623343270928782944e-01	2.878564853295049741e-01	2.623343270928782944e-01	2.623343270928782944e-01	4.586731995903600145e-01	2.623343270928782944e-01	6.921343809469809871e-01	9.460955430418560574e-02	2.623343270928782944e-01	3.748623206343310033e-01	2.623343270928782944e-01	6.169535749858660045e-01	2.623343270928782944e-01	5.782220959010360151e-01	2.623343270928782944e-01	2.623343270928782944e-01	2.623343270928782944e-01	5.560163671329350077e-01	2.342580431566030075e-01	2.623343270928782944e-01	5.033910228865350334e-01	4.358683019080770160e-01	2.623343270928782944e-01	6.733208757256630150e-01	2.623343270928782944e-01	6.340279473164229795e-01	2.623343270928782944e-01	2.623343270928782944e-01	2.623343270928782944e-01	2.623343270928782944e-01	2.623343270928782944e-01	2.623343270928782944e-01	2.623343270928782944e-01	3.346320469373990081e-01	2.623343270928782944e-01	2.623343270928782944e-01	4.092941860556529865e-01	2.623343270928782944e-01	2.623343270928782944e-01	5.433140417263460087e-01	1.085177438865250060e-01	5.767950421216629930e-01	6.470822045586019922e-01	2.623343270928782944e-01	5.754527602638539463e-01	2.623343270928782944e-01	3.379516100737720019e-02	5.456718159628649589e-01	1.674345885243750092e-03	2.532117606458429981e-01	3.301688586297590183e-02	2.623343270928782944e-01	2.623343270928782944e-01	2.623343270928782944e-01	4.833191672306400011e-01	5.883662057344419827e-01	2.623343270928782944e-01	5.276260876243099585e-01	2.623343270928782944e-01	6.681102848603600111e-03	2.623343270928782944e-01	5.342734942071599713e-01	2.623343270928782944e-01	2.623343270928782944e-01	6.150979024986580335e-01	2.623343270928782944e-01	6.702064728391220472e-01	2.623343270928782944e-01	2.623343270928782944e-01	2.623343270928782944e-01	2.623343270928782944e-01	2.623343270928782944e-01	2.623343270928782944e-01	2.623343270928782944e-01	2.623343270928782944e-01	5.177785998268490120e-02	2.623343270928782944e-01	2.623343270928782944e-01	4.843439442228629765e-01	2.623343270928782944e-01	2.623343270928782944e-01	2.623343270928782944e-01	2.623343270928782944e-01	2.623343270928782944e-01	2.623343270928782944e-01	2.623343270928782944e-01	1.730411898846229840e-02	5.541092060785820506e-01	2.623343270928782944e-01	6.654443940965240056e-01	2.623343270928782944e-01	2.623343270928782944e-01	2.623343270928782944e-01	1.360185823262549942e-01	2.623343270928782944e-01	2.623343270928782944e-01	2.623343270928782944e-01	1.455400499722540042e-01	7.604797689859130183e-02	2.623343270928782944e-01	6.318532030463439586e-01	2.623343270928782944e-01	6.386704063877439719e-01	6.056463157432789846e-01	5.361628532179689710e-01	5.789089522217240324e-02	5.027990350142189646e-01	5.035687551254109939e-01	5.557285672161129675e-01
5.164764108475469739e-02	1.000000000000000000e+00	2.597116779768520178e-01	4.798109755599939963e-02	2.623343270928782944e-01	1.081149865188080067e-01	2.623343270928782944e-01	1.304814076591259975e-01	2.623343270928782944e-01	2.623343270928782944e-01	2.623343270928782944e-01	2.623343270928782944e-01	2.623343270928782944e-01	2.623343270928782944e-01	2.623343270928782944e-01	6.076657206632730263e-02	2.623343270928782944e-01	2.623343270928782944e-01	2.623343270928782944e-01	2.664878327886099907e-02	2.623343270928782944e-01	2.623343270928782944e-01	2.623343270928782944e-01	1.222352992347520012e-01	5.572535771145099848e-02	2.699786283190040020e-02	4.008997289011630161e-02	2.623343270928782944e-01	1.404670233690659929e-02	6.294258298864910395e-02	2.623343270928782944e-01	1.382532860346329974e-02	2.623343270928782944e-01	2.623343270928782944e-01	3.349664780916009749e-02	8.194688628377470169e-03	2.623343270928782944e-01	5.314199806296229789e-02	1.725369577925160020e-02	2.623343270928782944e-01	2.928544590128310046e-02	2.623343270928782944e-01	5.712758131918480031e-02	2.070141049559250102e-02	1.632385777784450126e-02	1.497228699720460077e-01	2.623343270928782944e-01	2.193680215543659939e-02	2.623343270928782944e-01	2.623343270928782944e-01	2.623343270928782944e-01	2.623343270928782944e-01	2.623343270928782944e-01	2.623343270928782944e-01	1.685477045643839905e-02	2.623343270928782944e-01	2.284566919010510080e-02	1.801850416468190122e-02	1.773077962546789829e-02	1.891133133348840006e-02	1.702459641753180028e-02	2.623343270928782944e-01	1.754028188594190102e-02	4.752707080332110173e-02	1.054438809134280036e-01	2.687713161797830042e-01	3.755903549080250037e-02	1.429937502758550083e-01	3.637252982743360147e-02	2.389094221877850061e-02	1.639739808399520021e-02	2.513383206241969967e-02	1.260578103151810056e-02	2.623343270928782944e-01	5.387741121782749915e-02	2.623343270928782944e-01	1.882297219864249860e-02	2.623343270928782944e-01	9.542798258282760016e-02	2.623343270928782944e-01	2.623343270928782944e-01	1.554074849632659967e-02	2.623343270928782944e-01	2.047203587874260045e-01	2.623343270928782944e-01	2.623343270928782944e-01	1.493373451790219915e-02	2.623343270928782944e-01	1.000000000000000048e-04	2.165803104913699983e-01	2.623343270928782944e-01	2.623343270928782944e-01	5.811475976015000044e-02	2.623343270928782944e-01	1.525089875606940037e-02	2.623343270928782944e-01	2.623343270928782944e-01	2.623343270928782944e-01	2.623343270928782944e-01	3.053540312645559862e-02	2.623343270928782944e-01	1.626999295068509988e-01	2.309269959914509937e-02	1.438849265849110048e-01	2.244755697163260122e-02	2.623343270928782944e-01	2.623343270928782944e-01	2.623343270928782944e-01	1.391363796652710094e-01	1.204688123358219932e-02	1.763465100834480173e-02	2.623343270928782944e-01	1.508227153577189894e-01	1.532809981100320129e-01	2.623343270928782944e-01	4.532377374132780246e-02	2.623343270928782944e-01	2.623343270928782944e-01	2.623343270928782944e-01	1.493830404275629971e-02	2.471419199607139960e-01	2.291567024343110076e-02	7.967815324849769967e-03	2.623343270928782944e-01
6.236899427362210119e-02	2.597116779768520178e-01	1.000000000000000000e+00	8.860751899106110441e-02	1.945143435766669981e-01	2.623343270928782944e-01	1.687007041390989892e-01	1.395627052437199977e-01	2.623343270928782944e-01	2.670060765126079927e-01	2.623343270928782944e-01	2.863901945062279908e-01	9.407005251874969720e-02	5.249192458581879855e-02	2.623343270928782944e-01	1.404523292354210029e-01	1.282921281005960090e-01	2.623343270928782944e-01	4.905319933431689927e-02	2.623343270928782944e-01	2.623343270928782944e-01	2.623343270928782944e-01	2.542746955224399752e-01	2.241881318533789913e-01	2.623343270928782944e-01	4.194002514933659748e-02	5.163670303643679710e-02	2.623343270928782944e-01	2.623343270928782944e-01	2.623343270928782944e-01	2.623343270928782944e-01	2.623343270928782944e-01	2.623343270928782944e-01	2.623343270928782944e-01	3.008743118848530157e-02	2.623343270928782944e-01	2.623343270928782944e-01	2.623343270928782944e-01	2.410612106050409945e-02	1.370983953121049925e-01	2.623343270928782944e-01	2.079836947707910111e-01	6.228538678644349874e-02	2.623343270928782944e-01	2.623343270928782944e-01	3.079922956527699762e-01	3.879479398197749895e-01	2.623343270928782944e-01	1.766021541007249951e-01	3.360130448400600045e-01	2.884766364851660062e-02	4.916183401161530048e-02	1.314863151613940018e-01	2.636867622407719838e-02	1.688772520395930010e-02	2.623343270928782944e-01	2.138526371407130020e-02	3.272524718156900186e-02	2.623343270928782944e-01	3.895713858519479766e-02	2.623343270928782944e-01	3.090159952859780068e-01	2.623343270928782944e-01	2.623343270928782944e-01	2.004723418606199903e-01	2.623343270928782944e-01	2.623343270928782944e-01	2.623343270928782944e-01	3.308377674917239997e-02	2.623343270928782944e-01	2.623343270928782944e-01	2.623343270928782944e-01	2.623343270928782944e-01	4.285394148793390118e-02	2.623343270928782944e-01	2.623343270928782944e-01	2.086035226245670088e-02	5.499189141555869964e-02	2.623343270928782944e-01	2.623343270928782944e-01	4.860732692188630272e-02	2.623343270928782944e-01	2.070189768504440003e-02	4.208690673135819793e-01	2.623343270928782944e-01	2.531071728987319830e-02	2.623343270928782944e-01	2.623343270928782944e-01	1.000000000000000048e-04	1.999022898750059951e-01	2.623343270928782944e-01	2.765153236073190079e-01	2.623343270928782944e-01	2.623343270928782944e-01	2.871017636434319842e-02	2.623343270928782944e-01	1.101464252866620058e-01	2.423866727525330125e-02	2.623343270928782944e-01	5.938114022294980338e-02	8.679543302692530049e-02	2.623343270928782944e-01	2.623343270928782944e-01	2.232457128079650133e-01	4.189563321329539680e-02	2.623343270928782944e-01	1.608685871903610121e-01	3.453646867904790196e-02	2.623343270928782944e-01	1.333261290531199961e-02	1.682742329850290056e-02	6.860279358922130588e-02	2.623343270928782944e-01	2.623343270928782944e-01	2.623343270928782944e-01	2.623343270928782944e-01	2.623343270928782944e-01	1.109189961611939945e-01	2.623343270928782944e-01	2.165061382904880094e-02	1.915524844668470006e-01	1.997256929323370025e-02	1.611658440305099860e-02	2.623343270928782944e-01
2.104157644066129984e-01	4.798109755599939963e-02	8.860751899106110441e-02	1.000000000000000000e+00	2.601521159933830041e-01	2.623343270928782944e-01	2.623343270928782944e-01	2.623343270928782944e-01	2.623343270928782944e-01	1.990104362078299882e-01	2.623343270928782944e-01	5.438186338149109816e-02	3.000368008056730207e-01	4.446530256296710171e-03	2.189118912536940076e-01	2.182483119542689975e-01	2.450627002432720081e-01	2.218601053569990017e-02	2.623343270928782944e-01	2.623343270928782944e-01	2.623343270928782944e-01	2.623343270928782944e-01	1.312544414942150017e-01	1.824532282452940024e-01	2.715560910797700234e-01	2.623343270928782944e-01	2.623343270928782944e-01	1.659326316721450034e-01	1.763239129998759869e-01	2.623343270928782944e-01	2.064087147223589991e-01	1.597255530502010024e-01	2.623343270928782944e-01	2.623343270928782944e-01	2.623343270928782944e-01	2.623343270928782944e-01	2.106932531302130041e-01	1.772683879814339891e-01	2.623343270928782944e-01	2.623343270928782944e-01	2.623343270928782944e-01	9.223520758739589542e-02	2.623343270928782944e-01	2.623343270928782944e-01	2.623343270928782944e-01	5.347319358443269888e-02	2.623343270928782944e-01	2.623343270928782944e-01	2.894937468571299743e-01	2.623343270928782944e-01	2.623343270928782944e-01	2.623343270928782944e-01	1.598157934737040042e-01	2.623343270928782944e-01	2.623343270928782944e-01	2.623343270928782944e-01	2.623343270928782944e-01	1.796792515622880060e-01	2.623343270928782944e-01	2.623343270928782944e-01	1.489251558027800126e-01	2.623343270928782944e-01	2.623343270928782944e-01	2.623343270928782944e-01	2.623343270928782944e-01	2.623343270928782944e-01	2.623343270928782944e-01	2.623343270928782944e-01	2.623343270928782944e-01	2.623343270928782944e-01	2.623343270928782944e-01	2.623343270928782944e-01	2.623343270928782944e-01	2.623343270928782944e-01	2.623343270928782944e-01	2.623343270928782944e-01	1.587885731216870100e-01	2.623343270928782944e-01	9.412541454647689598e-02	2.623343270928782944e-01	2.623343270928782944e-01	2.623343270928782944e-01	1.412212753223049955e-01	2.623343270928782944e-01	2.623343270928782944e-01	1.920128493055630048e-01	2.623343270928782944e-01	2.623343270928782944e-01	1.000000000000000048e-04	1.088912457388249988e-01	2.623343270928782944e-01	1.045174127019680016e-01	2.623343270928782944e-01	1.409456957864820004e-01	1.655971385128970075e-01	2.623343270928782944e-01	2.623343270928782944e-01	2.623343270928782944e-01	2.623343270928782944e-01	2.187779844421799957e-01	2.794789759836789900e-01	5.407048359140829985e-02	1.522420282486849907e-01	2.623343270928782944e-01	2.191851090137389990e-01	1.958602357341500122e-01	2.623343270928782944e-01	9.177617609188490344e-02	1.250548151215009895e-01	2.623343270928782944e-01	2.623343270928782944e-01	2.623343270928782944e-01	1.429836550553439944e-01	6.613453425553429688e-02	2.623343270928782944e-01	2.028213501563350118e-01	1.607020957466130107e-01	2.623343270928782944e-01	2.623343270928782944e-01	1.952527464139990065e-01	2.623343270928782944e-01	2.623343270928782944e-01	1.270213394175259969e-01	1.740153940624190043e-01
2.623343270928782944e-01	2.623343270928782944e-01	1.945143435766669981e-01	2.601521159933830041e-01	1.000000000000000000e+00	2.623343270928782944e-01	3.855723378389899758e-01	3.340183465196189805e-01	5.063137693609469636e-01	2.551378619825089844e-01	5.261009965307239522e-01	2.623343270928782944e-01	2.623343270928782944e-01	2.623343270928782944e-01	2.623343270928782944e-01	4.521144075470079904e-01	2.623343270928782944e-01	2.623343270928782944e-01	2.623343270928782944e-01	2.258296749916750001e-01	7.658858942067230113e-02	2.623343270928782944e-01	2.300296152914239889e-01	2.623343270928782944e-01	2.623343270928782944e-01	3.911289879339019948e-01	2.623343270928782944e-01	2.843084403758889822e-01	2.377962735290989893e-01	2.623343270928782944e-01	2.623343270928782944e-01	2.785727927400200032e-01	2.150009406029770032e-01	2.623343270928782944e-01	2.623343270928782944e-01	2.623343270928782944e-01	3.972515604630130204e-01	2.623343270928782944e-01	2.623343270928782944e-01	2.623343270928782944e-01	2.623343270928782944e-01	2.623343270928782944e-01	4.248596384305090012e-01	2.417517895078289958e-01	2.623343270928782944e-01	2.623343270928782944e-01	2.623343270928782944e-01	2.623343270928782944e-01	4.395250234616400187e-01	2.623343270928782944e-01	3.041960618833889907e-01	2.726896144614829876e-01	2.623343270928782944e-01	2.623343270928782944e-01	2.196756926412329891e-01	2.176738126375570015e-01	2.496027099862180021e-01	3.056384098650170023e-01	2.623343270928782944e-01	2.623343270928782944e-01	2.623343270928782944e-01	9.848297278110100528e-02	2.623343270928782944e-01	2.623343270928782944e-01	3.702592909841380120e-01	8.995643026028379841e-02	2.623343270928782944e-01	2.372875588012179904e-01	2.623343270928782944e-01	1.934324557677840062e-01	2.697725615326059811e-01	2.905995432380549803e-01	2.630270360487499959e-01	2.623343270928782944e-01	2.623343270928782944e-01	2.623343270928782944e-01	2.623343270928782944e-01	3.522313726136370171e-01	2.341643410425010008e-01	2.802693571809969919e-01	2.623343270928782944e-01	2.942884234372529773e-01	2.537486431120539732e-01	1.211242331168719960e-01	2.623343270928782944e-01	2.623343270928782944e-01	2.811479748569509773e-01	1.726123148800799978e-01	1.000000000000000048e-04	2.623343270928782944e-01	2.623343270928782944e-01	2.623343270928782944e-01	4.092171351921580214e-01	2.623343270928782944e-01	2.623343270928782944e-01	2.623343270928782944e-01	3.030385277022479840e-01	2.623343270928782944e-01	3.247632690785680065e-01	3.529034509306889777e-01	2.623343270928782944e-01	2.623343270928782944e-01	2.623343270928782944e-01	2.826805464977040216e-01	2.623343270928782944e-01	3.099847309277969920e-01	8.935089267316620454e-02	2.623343270928782944e-01	2.623343270928782944e-01	1.791978437146219960e-01	2.623343270928782944e-01	2.623343270928782944e-01	2.623343270928782944e-01	1.157948433357459950e-01	2.623343270928782944e-01	3.008003607562449999e-01	2.499259952527299877e-01	4.992147029212469778e-01	2.623343270928782944e-01	2.623343270928782944e-01	2.623343270928782944e-01	2.623343270928782944e-01	2.273119885301209953e-01	2.623343270928782944e-01
1.711842872138180094e-01	1.081149865188080067e-01	2.623343270928782944e-01	2.623343270928782944e-01	2.623343270928782944e-01	1.000000000000000000e+00	2.623343270928782944e-01	2.623343270928782944e-01	2.623343270928782944e-01	2.001470720025269878e-01	2.623343270928782944e-01	8.471681857437980689e-02	2.079983792552559940e-01	2.623343270928782944e-01	1.196538121833600060e-01	2.171621448424939926e-01	2.081648758898050067e-01	2.623343270928782944e-01	1.259319539631069962e-01	2.623343270928782944e-01	5.602253086651699798e-02	2.623343270928782944e-01	2.623343270928782944e-01	2.623343270928782944e-01	1.745732404106090097e-01	1.451911070662230130e-01	2.623343270928782944e-01	2.623343270928782944e-01	1.032267286221769942e-01	1.796200617104879993e-01	1.661240886237189962e-01	2.623343270928782944e-01	1.001352822460030018e-01	2.424411817490129961e-01	2.623343270928782944e-01	6.629971856775070116e-02	2.623343270928782944e-01	2.623343270928782944e-01	2.623343270928782944e-01	2.130567026886930060e-01	1.058865142976779944e-01	1.058292157274060008e-01	1.586653031244900092e-01	2.623343270928782944e-01	2.623343270928782944e-01	2.623343270928782944e-01	2.623343270928782944e-01	1.116838433521129964e-01	2.623343270928782944e-01	2.623343270928782944e-01	2.623343270928782944e-01	2.623343270928782944e-01	1.948029506693770008e-01	2.623343270928782944e-01	9.193614394836209514e-02	1.652545453433769962e-01	2.623343270928782944e-01	1.309459125542490054e-01	2.623343270928782944e-01	1.153759378768710042e-01	2.623343270928782944e-01	2.623343270928782944e-01	8.171108738908069991e-02	2.623343270928782944e-01	1.914668522618100110e-01	2.623343270928782944e-01	1.137207683059340002e-01	2.623343270928782944e-01	1.142949382474510028e-01	2.623343270928782944e-01	2.623343270928782944e-01	1.127428005293489993e-01	2.623343270928782944e-01	1.110783418658150001e-01	3.499957726762650129e-02	1.171351131778169963e-01	9.729886005942910143e-02	2.623343270928782944e-01	2.623343270928782944e-01	1.310754062771830042e-01	2.623343270928782944e-01	2.623343270928782944e-01	8.580029312916580275e-02	1.167443237433229974e-01	2.623343270928782944e-01	2.623343270928782944e-01	1.150018426832789958e-01	2.623343270928782944e-01	2.623343270928782944e-01	2.623343270928782944e-01	8.698765277988360078e-02	2.623343270928782944e-01	1.924199723073400092e-01	9.948229475726899640e-02	2.623343270928782944e-01	2.623343270928782944e-01	1.651340280063419985e-01	2.623343270928782944e-01	1.260564893322289881e-01	1.472003550056669996e-01	1.834521201587439865e-01	8.569132501540729918e-02	2.623343270928782944e-01	2.623343270928782944e-01	1.497122996821899921e-01	2.623343270928782944e-01	2.623343270928782944e-01	8.777112553697259678e-02	1.266541871519629991e-01	2.623343270928782944e-01	7.875452252810230536e-02	2.623343270928782944e-01	1.235773866096400025e-01	2.623343270928782944e-01	2.623343270928782944e-01	2.623343270928782944e-01	1.076326371306949997e-01	2.623343270928782944e-01	2.623343270928782944e-01	2.623343270928782944e-01	2.623343270928782944e-01	9.802975304370549481e-02	2.623343270928782944e-01	1.268182295722189989e-01
2.159797027415089887e-01	2.623343270928782944e-01	1.687007041390989892e-01	2.623343270928782944e-01	3.855723378389899758e-01	2.623343270928782944e-01	1.000000000000000000e+00	4.529237702920230202e-01	2.623343270928782944e-01	2.623343270928782944e-01	2.623343270928782944e-01	8.222807352412600523e-02	2.150819126165849915e-01	2.623343270928782944e-01	2.623343270928782944e-01	2.531581349155199723e-01	2.623343270928782944e-01	2.548404903622290135e-02	2.623343270928782944e-01	1.317682053092610051e-01	2.623343270928782944e-01	2.623343270928782944e-01	1.442001848076150117e-01	1.920173681587510062e-01	2.623343270928782944e-01	1.807522641828349930e-01	1.871940434071190096e-01	1.716401275629740042e-01	2.623343270928782944e-01	2.623343270928782944e-01	2.623343270928782944e-01	2.623343270928782944e-01	1.382225579821269867e-01	1.722795331458419898e-01	2.623343270928782944e-01	7.378090037218859587e-02	2.623343270928782944e-01	2.623343270928782944e-01	2.623343270928782944e-01	2.623343270928782944e-01	1.902406709111829908e-01	1.690066848173870095e-01	2.002507238823700020e-01	2.623343270928782944e-01	2.623343270928782944e-01	2.623343270928782944e-01	2.623343270928782944e-01	2.623343270928782944e-01	2.106337604709500044e-01	2.623343270928782944e-01	2.623343270928782944e-01	2.623343270928782944e-01	2.623343270928782944e-01	2.623343270928782944e-01	1.508049692122259977e-01	1.458589346433279976e-01	1.728399497774399940e-01	2.623343270928782944e-01	1.290157516230900081e-01	1.541564530480669937e-01	1.226531283286610013e-01	2.623343270928782944e-01	1.482572448637909934e-01	2.623343270928782944e-01	2.623343270928782944e-01	2.623343270928782944e-01	2.623343270928782944e-01	2.082236712225389863e-01	2.623343270928782944e-01	1.643624747195339963e-01	1.244178076640899966e-01	2.623343270928782944e-01	1.273386007821770138e-01	2.623343270928782944e-01	3.012214677033309834e-02	1.223792172013279944e-01	1.494518019645360019e-01	2.623343270928782944e-01	2.623343270928782944e-01	2.623343270928782944e-01	2.623343270928782944e-01	1.334942723395189934e-01	2.623343270928782944e-01	1.165494182092520065e-01	1.726935786212190072e-01	2.623343270928782944e-01	1.289034597767839962e-01	2.623343270928782944e-01	2.623343270928782944e-01	2.623343270928782944e-01	2.623343270928782944e-01	2.623343270928782944e-01	2.623343270928782944e-01	2.623343270928782944e-01	2.623343270928782944e-01	9.381139071088880066e-02	2.623343270928782944e-01	2.623343270928782944e-01	2.623343270928782944e-01	1.717047693580550094e-01	2.673015728070040065e-01	9.785687940052040235e-02	2.623343270928782944e-01	2.623343270928782944e-01	2.623343270928782944e-01	2.449819718075559871e-01	2.623343270928782944e-01	2.623343270928782944e-01	2.623343270928782944e-01	1.124566110880090009e-01	2.623343270928782944e-01	2.623343270928782944e-01	3.054873974184890151e-01	1.405085319865370108e-01	2.623343270928782944e-01	2.222287931000279937e-01	2.011386684724469909e-01	2.874841360647429900e-01	2.181456117006269901e-01	1.186415732073130003e-01	2.623343270928782944e-01	2.623343270928782944e-01	9.400366106622559670e-02	2.623343270928782944e-01
2.623343270928782944e-01	1.304814076591259975e-01	1.395627052437199977e-01	2.623343270928782944e-01	3.340183465196189805e-01	2.623343270928782944e-01	4.529237702920230202e-01	1.000000000000000000e+00	2.623343270928782944e-01	3.145778849270690070e-01	2.623343270928782944e-01	2.623343270928782944e-01	2.623343270928782944e-01	2.623343270928782944e-01	1.986922142531719893e-01	2.662656310009660077e-01	2.274243563063469975e-01	2.534707854647130082e-02	2.623343270928782944e-01	2.108569446003160097e-01	8.855540244053269894e-02	2.623343270928782944e-01	2.623343270928782944e-01	2.115428516055430086e-01	2.623343270928782944e-01	2.623343270928782944e-01	2.137598263391169984e-01	2.489046687126950097e-01	1.662805437726919966e-01	2.283736659845760075e-01	1.858071021081310059e-01	2.623343270928782944e-01	2.623343270928782944e-01	2.623343270928782944e-01	2.647161263567670009e-01	1.213153685073500021e-01	2.623343270928782944e-01	2.623343270928782944e-01	1.853965174547489991e-01	2.599685094534099905e-01	2.623343270928782944e-01	1.834003194754590116e-01	2.623343270928782944e-01	2.623343270928782944e-01	1.631946151439210013e-01	2.623343270928782944e-01	1.355839368487569974e-01	2.623343270928782944e-01	2.623343270928782944e-01	2.623343270928782944e-01	1.629029907021319890e-01	2.623343270928782944e-01	2.623343270928782944e-01	1.730434488834340090e-01	2.623343270928782944e-01	2.623343270928782944e-01	2.460856355035589971e-01	2.623343270928782944e-01	2.623343270928782944e-01	2.249968161131249977e-01	1.647148472249579942e-01	2.623343270928782944e-01	2.010960708933879904e-01	6.832155526949579803e-03	2.570483661019909993e-01	2.623343270928782944e-01	2.358289767127079994e-01	2.623343270928782944e-01	2.623343270928782944e-01	2.623343270928782944e-01	2.623343270928782944e-01	2.623343270928782944e-01	1.698759809138009891e-01	2.623343270928782944e-01	1.730534072878549962e-02	1.042202128085110008e-01	2.104950095861519987e-01	1.826680458779149918e-01	1.919495965259830073e-01	2.623343270928782944e-01	2.623343270928782944e-01	1.792990854320480054e-01	2.623343270928782944e-01	1.007759529659439934e-01	2.623343270928782944e-01	2.623343270928782944e-01	1.809395281091989993e-01	1.628684907570039919e-01	2.623343270928782944e-01	2.888404467154069843e-01	2.623343270928782944e-01	1.005840326753100061e-01	2.623343270928782944e-01	2.623343270928782944e-01	1.948212893798030032e-01	1.326518423983379935e-01	2.623343270928782944e-01	2.623343270928782944e-01	2.057781930185320074e-01	2.623343270928782944e-01	2.937210606046209982e-01	2.623343270928782944e-01	2.516671392456599765e-01	2.623343270928782944e-01	2.623343270928782944e-01	2.623343270928782944e-01	2.623343270928782944e-01	8.722339431107560548e-02	3.010623973837879830e-01	2.623343270928782944e-01	2.623343270928782944e-01	2.623343270928782944e-01	3.090232677050929744e-01	2.623343270928782944e-01	1.025342756269110034e-01	2.623343270928782944e-01	2.623343270928782944e-01	2.623343270928782944e-01	2.950304111325040002e-01	1.636908048620339950e-01	1.443190091894900051e-01	2.221921868345189954e-01	1.237228847293079942e-01	2.623343270928782944e-01
3.888894607352140209e-01	2.623343270928782944e-01	2.623343270928782944e-01	2.623343270928782944e-01	5.063137693609469636e-01	2.623343270928782944e-01	2.623343270928782944e-01	2.623343270928782944e-01	1.000000000000000000e+00	3.118138894454099974e-01	2.623343270928782944e-01	2.623343270928782944e-01	4.053067146518959940e-01	6.467303821695569860e-03	3.174410784399270269e-01	3.394705521355120270e-01	3.577955761090220177e-01	2.623343270928782944e-01	2.623343270928782944e-01	2.685373848423450172e-01	1.104423292575249932e-01	2.623343270928782944e-01	2.059429124587690008e-01	2.623343270928782944e-01	2.623343270928782944e-01	2.623343270928782944e-01	3.811695569156189900e-01	2.623343270928782944e-01	2.623343270928782944e-01	2.623343270928782944e-01	2.623343270928782944e-01	2.623343270928782944e-01	2.623343270928782944e-01	3.488737101296299770e-01	3.073044818312909987e-01	2.623343270928782944e-01	3.607463636515719774e-01	4.104613510921670261e-01	3.220082812416190099e-01	2.623343270928782944e-01	2.623343270928782944e-01	2.623343270928782944e-01	2.623343270928782944e-01	2.623343270928782944e-01	2.777937334620830256e-01	8.874316561052669750e-02	2.623343270928782944e-01	2.623343270928782944e-01	2.623343270928782944e-01	2.623343270928782944e-01	2.623343270928782944e-01	2.977647382019910083e-01	3.125485714748130195e-01	2.824743923696900194e-01	2.623343270928782944e-01	2.623343270928782944e-01	2.623343270928782944e-01	2.623343270928782944e-01	2.301162472898120037e-01	3.680439708334130033e-01	2.623343270928782944e-01	1.148963401352089964e-01	2.462246669330430127e-01	2.623343270928782944e-01	4.241702962847569980e-01	2.623343270928782944e-01	3.012750270796529795e-01	2.469384368157029885e-01	2.970787897858909732e-01	2.191696347569699888e-01	2.623343270928782944e-01	2.623343270928782944e-01	2.623343270928782944e-01	2.623343270928782944e-01	2.623343270928782944e-01	1.413775652618169953e-01	2.830799819942519946e-01	2.623343270928782944e-01	2.623343270928782944e-01	3.106712323521440000e-01	2.623343270928782944e-01	3.112273874253200234e-01	2.623343270928782944e-01	1.295817293942939930e-01	2.797158560181359777e-01	3.158686873232059988e-01	2.623343270928782944e-01	1.955976792773939932e-01	2.623343270928782944e-01	2.623343270928782944e-01	2.623343270928782944e-01	2.623343270928782944e-01	2.623343270928782944e-01	2.623343270928782944e-01	2.623343270928782944e-01	2.623343270928782944e-01	3.326064068982759747e-01	3.184287319734679933e-01	3.451904286925550069e-01	2.623343270928782944e-01	2.623343270928782944e-01	2.623343270928782944e-01	2.936312133446680184e-01	2.623343270928782944e-01	2.623343270928782944e-01	2.623343270928782944e-01	2.623343270928782944e-01	2.623343270928782944e-01	2.623343270928782944e-01	2.623343270928782944e-01	2.623343270928782944e-01	2.623343270928782944e-01	2.153452823268290073e-01	2.623343270928782944e-01	1.442510975583929933e-01	2.850990602835620225e-01	2.936726778951619932e-01	3.902830653934100114e-01	2.623343270928782944e-01	2.623343270928782944e-01	1.251048564749510095e-01	2.623343270928782944e-01	2.623343270928782944e-01	3.145038613759850166e-01
2.623343270928782944e-01	2.623343270928782944e-01	2.670060765126079927e-01	1.990104362078299882e-01	2.551378619825089844e-01	2.001470720025269878e-01	2.623343270928782944e-01	3.145778849270690070e-01	3.118138894454099974e-01	1.000000000000000000e+00	2.623343270928782944e-01	1.568092425294649872e-01	2.623343270928782944e-01	2.623343270928782944e-01	2.623343270928782944e-01	2.623343270928782944e-01	2.623343270928782944e-01	2.623343270928782944e-01	1.211384865481409945e-01	2.623343270928782944e-01	2.623343270928782944e-01	2.623343270928782944e-01	2.894528723427889916e-01	2.914145157988189960e-01	2.623343270928782944e-01	1.239968851174459985e-01	1.274285355205949932e-01	2.623343270928782944e-01	7.187681833324580105e-02	2.021779953374910066e-01	2.118168417684060112e-01	2.623343270928782944e-01	2.623343270928782944e-01	2.025875998451260041e-01	1.151345344992509984e-01	4.646098075919669751e-02	2.623343270928782944e-01	2.094720756790409977e-01	2.623343270928782944e-01	2.341478092664329991e-01	2.623343270928782944e-01	2.623343270928782944e-01	1.360345884669310057e-01	2.623343270928782944e-01	7.942644886124060333e-02	2.623343270928782944e-01	2.623343270928782944e-01	9.087137061634249779e-02	2.698424072053510203e-01	3.028175268438330070e-01	8.085982836752389491e-02	1.183710491733550030e-01	2.623343270928782944e-01	2.623343270928782944e-01	7.624330473298519817e-02	2.508865566084970133e-01	2.623343270928782944e-01	2.623343270928782944e-01	2.623343270928782944e-01	1.075035311422800066e-01	2.623343270928782944e-01	2.623343270928782944e-01	7.353994232154359434e-02	2.623343270928782944e-01	2.623343270928782944e-01	2.623343270928782944e-01	1.662296796936539867e-01	2.623343270928782944e-01	2.623343270928782944e-01	2.623343270928782944e-01	7.406272563956879662e-02	2.623343270928782944e-01	2.623343270928782944e-01	1.267645195863459917e-01	3.898557010023429720e-02	2.328400006348310125e-01	8.223968519874259864e-02	9.767971295076480209e-02	2.623343270928782944e-01	2.623343270928782944e-01	2.623343270928782944e-01	2.623343270928782944e-01	2.623343270928782944e-01	2.542148619587489833e-01	2.623343270928782944e-01	8.220678971194360363e-02	2.623343270928782944e-01	2.623343270928782944e-01	1.000000000000000048e-04	2.623343270928782944e-01	2.623343270928782944e-01	2.623343270928782944e-01	2.623343270928782944e-01	2.623343270928782944e-01	7.695173481013820038e-02	2.623343270928782944e-01	2.023445948141620043e-01	7.712941467966770437e-02	9.227211599927069574e-02	1.297281907859340055e-01	2.623343270928782944e-01	1.539280651022799928e-01	8.635940909210239325e-02	2.623343270928782944e-01	9.915739956491599616e-02	2.623343270928782944e-01	1.576900039121139907e-01	2.623343270928782944e-01	2.168761364132200109e-01	6.471803629130100377e-02	2.623343270928782944e-01	2.171417031664210073e-01	2.623343270928782944e-01	2.623343270928782944e-01	2.327140034837600069e-01	2.623343270928782944e-01	2.623343270928782944e-01	1.294841803408129932e-01	1.812719729139559977e-01	8.070583685164879617e-02	2.623343270928782944e-01	8.486647902907369645e-02	2.623343270928782944e-01	2.623343270928782944e-01
5.161429300743419768e-01	2.623343270928782944e-01	2.623343270928782944e-01	2.623343270928782944e-01	5.261009965307239522e-01	2.623343270928782944e-01	2.623343270928782944e-01	2.623343270928782944e-01	2.623343270928782944e-01	2.623343270928782944e-01	1.000000000000000000e+00	6.262933353915620116e-02	4.728002973824519950e-01	4.250485592636810313e-03	4.010559482899330175e-01	2.623343270928782944e-01	2.623343270928782944e-01	1.245919869869360069e-02	4.475306864134719897e-01	3.844668977247109876e-01	2.623343270928782944e-01	2.623343270928782944e-01	1.998176273686680104e-01	2.875653348037879864e-01	2.623343270928782944e-01	2.623343270928782944e-01	4.693083123675910184e-01	3.409597717390869809e-01	2.623343270928782944e-01	3.669024283411900234e-01	2.547298910705579900e-01	4.350177474569459912e-01	2.623343270928782944e-01	3.235731583567360015e-01	2.623343270928782944e-01	3.419884041975799760e-01	2.623343270928782944e-01	3.913960173086579730e-01	4.442148822337330105e-01	2.623343270928782944e-01	2.623343270928782944e-01	2.623343270928782944e-01	2.623343270928782944e-01	2.623343270928782944e-01	3.922720461539659920e-01	6.464497049425259323e-02	1.507588390054130090e-01	4.114865609425850113e-01	2.623343270928782944e-01	2.623343270928782944e-01	2.623343270928782944e-01	4.000284824668730033e-01	3.518005896703479962e-01	2.623343270928782944e-01	2.623343270928782944e-01	2.560822923850240018e-01	2.623343270928782944e-01	2.623343270928782944e-01	2.623343270928782944e-01	4.947701986943719987e-01	2.623343270928782944e-01	2.623343270928782944e-01	3.358549284971529825e-01	2.623343270928782944e-01	2.623343270928782944e-01	6.262785964767310365e-02	2.623343270928782944e-01	2.251080394236419924e-01	2.623343270928782944e-01	2.623343270928782944e-01	4.345061665605279844e-01	2.623343270928782944e-01	2.623343270928782944e-01	3.088705828389770036e-01	1.979428783865970140e-02	9.856644471276840291e-02	2.623343270928782944e-01	2.623343270928782944e-01	2.213623237397739918e-01	4.756909411677009980e-01	2.623343270928782944e-01	2.623343270928782944e-01	2.623343270928782944e-01	9.126142189335430255e-02	2.623343270928782944e-01	2.623343270928782944e-01	4.320487724449429967e-01	2.623343270928782944e-01	1.000000000000000048e-04	1.949084218332829965e-01	2.623343270928782944e-01	2.623343270928782944e-01	2.623343270928782944e-01	3.339318896266360026e-01	4.828416802625840054e-01	2.623343270928782944e-01	3.299013223454809740e-01	2.623343270928782944e-01	5.044583580416900359e-01	2.623343270928782944e-01	5.803624702168349581e-01	5.791951259163850146e-02	2.623343270928782944e-01	2.208471829887969917e-01	2.623343270928782944e-01	3.999061164949579972e-01	7.195467119855339377e-02	1.637177729978160079e-01	2.623343270928782944e-01	2.623343270928782944e-01	2.623343270928782944e-01	3.028531612391550110e-01	1.944502667560600029e-01	2.623343270928782944e-01	2.623343270928782944e-01	4.030998303739570243e-01	3.531028314071329999e-01	5.308019600650839553e-01	2.623343270928782944e-01	2.623343270928782944e-01	1.091401047230580040e-01	3.647672785115059768e-01	3.084565326591510170e-01	2.623343270928782944e-01
2.168528907124750091e-02	2.623343270928782944e-01	2.863901945062279908e-01	5.438186338149109816e-02	2.623343270928782944e-01	8.471681857437980689e-02	8.222807352412600523e-02	2.623343270928782944e-01	2.623343270928782944e-01	1.568092425294649872e-01	6.262933353915620116e-02	1.000000000000000000e+00	2.623343270928782944e-01	8.667908117391759371e-02	1.207299235466779974e-02	4.901627211326770039e-02	6.152201653395539954e-02	2.623343270928782944e-01	2.623343270928782944e-01	2.623343270928782944e-01	1.596579061730399873e-01	1.157061625344900022e-02	1.793033050780080129e-01	1.863018810138289960e-01	2.623343270928782944e-01	2.623343270928782944e-01	2.029762760079559941e-02	2.623343270928782944e-01	7.206897169604360373e-03	2.623343270928782944e-01	6.406039071404250052e-02	2.623343270928782944e-01	2.623343270928782944e-01	2.623343270928782944e-01	1.282723395842109981e-02	3.632928146278349788e-03	2.623343270928782944e-01	2.623343270928782944e-01	1.046120192144119922e-02	7.317223042851900283e-02	8.689035542378270235e-03	2.623343270928782944e-01	2.628441548798950145e-02	2.623343270928782944e-01	2.623343270928782944e-01	2.185978546109449971e-01	2.623343270928782944e-01	9.345979551636820343e-03	2.623343270928782944e-01	3.224708768135600145e-01	2.623343270928782944e-01	2.623343270928782944e-01	6.582553484522260523e-02	2.623343270928782944e-01	6.788720938921580066e-03	2.623343270928782944e-01	2.623343270928782944e-01	2.623343270928782944e-01	5.609303881719729726e-03	2.623343270928782944e-01	6.224647466008069625e-03	2.623343270928782944e-01	6.491854584400339780e-03	2.623343270928782944e-01	1.320009865899159918e-01	2.623343270928782944e-01	2.623343270928782944e-01	2.623343270928782944e-01	2.623343270928782944e-01	2.623343270928782944e-01	1.187126400571720045e-02	2.623343270928782944e-01	7.072981028535589576e-03	1.513540960059529990e-02	1.573415506244650042e-01	2.623343270928782944e-01	2.623343270928782944e-01	2.052000329766080072e-02	2.623343270928782944e-01	1.341349552966780018e-02	2.623343270928782944e-01	2.623343270928782944e-01	2.623343270928782944e-01	5.790800223396209701e-01	9.144296805569910799e-03	2.623343270928782944e-01	1.031840913806809923e-02	2.623343270928782944e-01	1.000000000000000048e-04	1.534975884355780085e-01	2.623343270928782944e-01	2.623343270928782944e-01	3.389552130772469779e-02	2.623343270928782944e-01	2.623343270928782944e-01	6.291658489545100090e-03	2.623343270928782944e-01	9.387642084225829298e-03	1.156108964062129915e-02	2.623343270928782944e-01	2.558139196504780055e-02	2.623343270928782944e-01	1.115536721372309935e-02	2.623343270928782944e-01	1.572913675323970098e-02	1.693030412757360118e-02	2.243095128854389886e-01	2.623343270928782944e-01	1.219135368565709976e-01	2.623343270928782944e-01	4.915887837858520272e-03	2.623343270928782944e-01	2.623343270928782944e-01	9.824454055793739593e-02	5.123911163002009550e-01	2.623343270928782944e-01	2.623343270928782944e-01	3.801075577842279868e-02	2.623343270928782944e-01	9.472862650041779381e-03	2.623343270928782944e-01	2.623343270928782944e-01	2.623343270928782944e-01	1.216969558897530029e-02
