1.000000000000000000e+00	1.868903812174325108e-01	6.236899427362210119e-02	1.868903812174325108e-01	1.868903812174325108e-01	1.868903812174325108e-01	1.868903812174325108e-01	1.868903812174325108e-01	1.868903812174325108e-01	1.868903812174325108e-01	5.161429300743419768e-01	2.168528907124750091e-02	3.752683500946489836e-01	1.868903812174325108e-01	1.868903812174325108e-01	1.868903812174325108e-01	1.868903812174325108e-01	1.868903812174325108e-01	5.371353178815719831e-01	1.868903812174325108e-01	2.609089936602630028e-02	6.921343809469809871e-01	1.868903812174325108e-01	1.608345180955760012e-01	3.748623206343310033e-01	5.980827407203229695e-01	1.868903812174325108e-01	2.578906005566570236e-01	1.868903812174325108e-01	1.868903812174325108e-01	1.868903812174325108e-01	1.868903812174325108e-01	1.868903812174325108e-01	1.868903812174325108e-01	6.010034121881430158e-01	1.868903812174325108e-01	4.358683019080770160e-01	1.868903812174325108e-01	6.733208757256630150e-01	3.815644582362819892e-01	1.868903812174325108e-01	1.868903812174325108e-01	1.868903812174325108e-01	1.868903812174325108e-01	1.868903812174325108e-01	1.868903812174325108e-01	1.868903812174325108e-01	6.240945170752649762e-01	3.346320469373990081e-01	1.868903812174325108e-01	1.868903812174325108e-01	1.868903812174325108e-01	1.868903812174325108e-01	1.868903812174325108e-01	5.433140417263460087e-01	1.868903812174325108e-01	1.868903812174325108e-01	1.868903812174325108e-01	1.868903812174325108e-01	5.754527602638539463e-01	1.868903812174325108e-01	1.868903812174325108e-01	1.868903812174325108e-01	1.674345885243750092e-03	1.868903812174325108e-01	1.868903812174325108e-01	1.868903812174325108e-01	1.868903812174325108e-01	1.868903812174325108e-01	4.833191672306400011e-01	1.868903812174325108e-01	1.868903812174325108e-01	5.276260876243099585e-01	1.868903812174325108e-01	6.681102848603600111e-03	3.610983953125399687e-02	1.868903812174325108e-01	1.868903812174325108e-01	1.868903812174325108e-01	1.868903812174325108e-01	1.868903812174325108e-01	6.702064728391220472e-01	1.868903812174325108e-01	1.868903812174325108e-01	5.991252118506660285e-01	1.868903812174325108e-01	1.868903812174325108e-01	1.868903812174325108e-01	1.868903812174325108e-01	1.218360959277299954e-01	1.868903812174325108e-01	1.868903812174325108e-01	5.098890705581470284e-01	1.868903812174325108e-01	1.868903812174325108e-01	1.868903812174325108e-01	1.868903812174325108e-01	1.868903812174325108e-01	6.938794553475450266e-01	1.868903812174325108e-01	1.868903812174325108e-01	1.868903812174325108e-01	1.868903812174325108e-01	1.868903812174325108e-01	1.868903812174325108e-01	6.026605310939510129e-01	1.868903812174325108e-01	1.868903812174325108e-01	1.360185823262549942e-01	4.305972255431420037e-01	1.868903812174325108e-01	1.868903812174325108e-01	1.868903812174325108e-01	1.868903812174325108e-01	1.868903812174325108e-01	1.868903812174325108e-01	1.868903812174325108e-01	6.386704063877439719e-01	1.868903812174325108e-01	5.361628532179689710e-01	5.789089522217240324e-02	1.868903812174325108e-01	1.868903812174325108e-01	1.868903812174325108e-01
1.868903812174325108e-01	1.000000000000000000e+00	1.868903812174325108e-01	4.798109755599939963e-02	1.868903812174325108e-01	1.868903812174325108e-01	1.376901092684360006e-01	1.868903812174325108e-01	9.053836807949509902e-02	1.868903812174325108e-01	1.868903812174325108e-01	1.868903812174325108e-01	1.868903812174325108e-01	1.868903812174325108e-01	2.300753382147860057e-02	1.868903812174325108e-01	1.868903812174325108e-01	1.868903812174325108e-01	1.868903812174325108e-01	1.868903812174325108e-01	1.868903812174325108e-01	1.868903812174325108e-01	1.868903812174325108e-01	1.868903812174325108e-01	1.868903812174325108e-01	2.699786283190040020e-02	1.868903812174325108e-01	1.868903812174325108e-01	1.868903812174325108e-01	6.294258298864910395e-02	4.179026765382749808e-02	1.868903812174325108e-01	1.868903812174325108e-01	1.868903812174325108e-01	3.349664780916009749e-02	1.868903812174325108e-01	1.868903812174325108e-01	1.868903812174325108e-01	1.868903812174325108e-01	9.181290081985039875e-02	1.868903812174325108e-01	8.621117354779890551e-02	5.712758131918480031e-02	2.070141049559250102e-02	1.632385777784450126e-02	1.868903812174325108e-01	1.549457195690210065e-01	2.193680215543659939e-02	1.868903812174325108e-01	1.858552086389569924e-01	1.868903812174325108e-01	2.458219540035160022e-02	1.125572244413799994e-01	1.868903812174325108e-01	1.868903812174325108e-01	1.868903812174325108e-01	1.868903812174325108e-01	1.868903812174325108e-01	1.868903812174325108e-01	1.868903812174325108e-01	1.868903812174325108e-01	1.868903812174325108e-01	1.868903812174325108e-01	4.752707080332110173e-02	1.868903812174325108e-01	2.687713161797830042e-01	3.755903549080250037e-02	1.868903812174325108e-01	3.637252982743360147e-02	1.868903812174325108e-01	1.639739808399520021e-02	1.868903812174325108e-01	1.868903812174325108e-01	1.868903812174325108e-01	1.868903812174325108e-01	1.868903812174325108e-01	1.868903812174325108e-01	2.136413650574970138e-02	1.868903812174325108e-01	1.868903812174325108e-01	1.868903812174325108e-01	1.868903812174325108e-01	1.868903812174325108e-01	1.868903812174325108e-01	1.868903812174325108e-01	1.868903812174325108e-01	1.868903812174325108e-01	1.868903812174325108e-01	1.868903812174325108e-01	2.165803104913699983e-01	1.868903812174325108e-01	1.014684703511310043e-01	1.868903812174325108e-01	1.868903812174325108e-01	1.868903812174325108e-01	1.045726358662710069e-02	8.756480922482899609e-02	1.550786731407810017e-02	1.868903812174325108e-01	1.868903812174325108e-01	1.868903812174325108e-01	1.626999295068509988e-01	1.868903812174325108e-01	1.438849265849110048e-01	1.868903812174325108e-01	1.868903812174325108e-01	2.157510963657099934e-01	1.868903812174325108e-01	1.868903812174325108e-01	1.868903812174325108e-01	1.868903812174325108e-01	1.868903812174325108e-01	1.868903812174325108e-01	1.868903812174325108e-01	1.868903812174325108e-01	4.532377374132780246e-02	1.868903812174325108e-01	1.868903812174325108e-01	1.868903812174325108e-01	1.493830404275629971e-02	1.868903812174325108e-01	1.868903812174325108e-01	1.868903812174325108e-01	1.868903812174325108e-01
6.236899427362210119e-02	1.868903812174325108e-01	1.000000000000000000e+00	8.860751899106110441e-02	1.868903812174325108e-01	1.868903812174325108e-01	1.868903812174325108e-01	1.868903812174325108e-01	1.868903812174325108e-01	2.670060765126079927e-01	1.868903812174325108e-01	2.863901945062279908e-01	1.868903812174325108e-01	5.249192458581879855e-02	1.868903812174325108e-01	1.404523292354210029e-01	1.282921281005960090e-01	1.868903812174325108e-01	1.868903812174325108e-01	1.868903812174325108e-01	1.254734230581880106e-01	1.868903812174325108e-01	2.542746955224399752e-01	1.868903812174325108e-01	1.280387652542120114e-01	4.194002514933659748e-02	1.868903812174325108e-01	1.868903812174325108e-01	1.868903812174325108e-01	1.868903812174325108e-01	1.868903812174325108e-01	2.244650044198870029e-02	1.868903812174325108e-01	1.748610639526360089e-01	1.868903812174325108e-01	1.868903812174325108e-01	1.868903812174325108e-01	1.868903812174325108e-01	1.868903812174325108e-01	1.868903812174325108e-01	1.868903812174325108e-01	1.868903812174325108e-01	1.868903812174325108e-01	1.939450080559470060e-02	1.868903812174325108e-01	3.079922956527699762e-01	3.879479398197749895e-01	1.868903812174325108e-01	1.766021541007249951e-01	3.360130448400600045e-01	1.868903812174325108e-01	4.916183401161530048e-02	1.868903812174325108e-01	1.868903812174325108e-01	1.868903812174325108e-01	1.868903812174325108e-01	2.138526371407130020e-02	3.272524718156900186e-02	1.868903812174325108e-01	1.868903812174325108e-01	1.868903812174325108e-01	1.868903812174325108e-01	1.868903812174325108e-01	1.868903812174325108e-01	1.868903812174325108e-01	1.868903812174325108e-01	1.868903812174325108e-01	2.597789188287940032e-01	1.868903812174325108e-01	1.868903812174325108e-01	1.868903812174325108e-01	1.868903812174325108e-01	1.986662421471190043e-02	1.868903812174325108e-01	1.868903812174325108e-01	2.878632597781999869e-01	2.086035226245670088e-02	5.499189141555869964e-02	1.868903812174325108e-01	1.868903812174325108e-01	4.860732692188630272e-02	1.868903812174325108e-01	1.868903812174325108e-01	1.868903812174325108e-01	1.868903812174325108e-01	1.868903812174325108e-01	1.868903812174325108e-01	1.868903812174325108e-01	1.000000000000000048e-04	1.999022898750059951e-01	1.935736257298260043e-01	1.868903812174325108e-01	1.868903812174325108e-01	1.868903812174325108e-01	2.871017636434319842e-02	1.676536383312129952e-02	1.868903812174325108e-01	2.423866727525330125e-02	1.868903812174325108e-01	1.868903812174325108e-01	8.679543302692530049e-02	1.868903812174325108e-01	1.868903812174325108e-01	1.868903812174325108e-01	4.189563321329539680e-02	1.868903812174325108e-01	1.868903812174325108e-01	3.453646867904790196e-02	1.868903812174325108e-01	1.868903812174325108e-01	1.682742329850290056e-02	1.868903812174325108e-01	1.868903812174325108e-01	1.868903812174325108e-01	1.868903812174325108e-01	3.688629173632090169e-02	3.257234549117019734e-02	1.868903812174325108e-01	1.868903812174325108e-01	2.165061382904880094e-02	1.868903812174325108e-01	1.997256929323370025e-02	1.611658440305099860e-02	2.987153918838670111e-02
1.868903812174325108e-01	4.798109755599939963e-02	8.860751899106110441e-02	1.000000000000000000e+00	1.868903812174325108e-01	1.671594195515349879e-01	1.467990569874370044e-01	1.856934452553319903e-01	1.868903812174325108e-01	1.990104362078299882e-01	1.868903812174325108e-01	1.868903812174325108e-01	1.868903812174325108e-01	4.446530256296710171e-03	1.868903812174325108e-01	2.182483119542689975e-01	1.868903812174325108e-01	1.868903812174325108e-01	1.868903812174325108e-01	1.576825819835770137e-01	1.868903812174325108e-01	1.868903812174325108e-01	1.868903812174325108e-01	1.868903812174325108e-01	1.868903812174325108e-01	1.926510583977369961e-01	2.542567439747899782e-01	1.659326316721450034e-01	1.763239129998759869e-01	1.868903812174325108e-01	1.868903812174325108e-01	1.868903812174325108e-01	1.868903812174325108e-01	1.868903812174325108e-01	1.868903812174325108e-01	1.868903812174325108e-01	1.868903812174325108e-01	1.868903812174325108e-01	1.868903812174325108e-01	1.868903812174325108e-01	1.868903812174325108e-01	1.868903812174325108e-01	1.868903812174325108e-01	1.868903812174325108e-01	1.868903812174325108e-01	5.347319358443269888e-02	1.868903812174325108e-01	1.627420534573640054e-01	1.868903812174325108e-01	1.868903812174325108e-01	1.868903812174325108e-01	1.754381354460539943e-01	1.868903812174325108e-01	1.561022987047679944e-01	1.868903812174325108e-01	1.461922792209419952e-01	1.868903812174325108e-01	1.868903812174325108e-01	1.392149877876769914e-01	1.882454692149050091e-01	1.868903812174325108e-01	1.868903812174325108e-01	1.868903812174325108e-01	1.868903812174325108e-01	1.868903812174325108e-01	1.868903812174325108e-01	1.375314222965419997e-01	1.868903812174325108e-01	1.868903812174325108e-01	1.868903812174325108e-01	1.868903812174325108e-01	1.798908031573079880e-01	1.426374844454590118e-01	1.868903812174325108e-01	1.868903812174325108e-01	1.868903812174325108e-01	1.868903812174325108e-01	1.868903812174325108e-01	1.868903812174325108e-01	1.887200914246839889e-01	1.879798484460359909e-01	1.868903812174325108e-01	1.868903812174325108e-01	1.868903812174325108e-01	1.868903812174325108e-01	1.868903812174325108e-01	1.703042882392629964e-01	1.868903812174325108e-01	1.000000000000000048e-04	1.868903812174325108e-01	1.868903812174325108e-01	1.045174127019680016e-01	1.868903812174325108e-01	1.868903812174325108e-01	1.868903812174325108e-01	1.868903812174325108e-01	1.868903812174325108e-01	1.868903812174325108e-01	1.868903812174325108e-01	2.187779844421799957e-01	1.868903812174325108e-01	5.407048359140829985e-02	1.868903812174325108e-01	1.868903812174325108e-01	2.191851090137389990e-01	1.868903812174325108e-01	1.868903812174325108e-01	1.868903812174325108e-01	1.868903812174325108e-01	1.868903812174325108e-01	1.868903812174325108e-01	1.868903812174325108e-01	1.429836550553439944e-01	1.868903812174325108e-01	1.868903812174325108e-01	1.868903812174325108e-01	1.868903812174325108e-01	1.868903812174325108e-01	1.868903812174325108e-01	1.952527464139990065e-01	1.118127067828480065e-01	1.868903812174325108e-01	1.868903812174325108e-01	1.868903812174325108e-01
1.868903812174325108e-01	1.868903812174325108e-01	1.868903812174325108e-01	1.868903812174325108e-01	1.000000000000000000e+00	2.473630343717319879e-01	1.868903812174325108e-01	1.868903812174325108e-01	1.868903812174325108e-01	2.551378619825089844e-01	5.261009965307239522e-01	1.868903812174325108e-01	1.868903812174325108e-01	1.868903812174325108e-01	2.708667655917250117e-01	1.868903812174325108e-01	1.868903812174325108e-01	1.868903812174325108e-01	1.868903812174325108e-01	1.868903812174325108e-01	1.868903812174325108e-01	3.226682506353840130e-01	2.300296152914239889e-01	1.868903812174325108e-01	1.868903812174325108e-01	3.911289879339019948e-01	1.868903812174325108e-01	1.868903812174325108e-01	2.377962735290989893e-01	3.363611628698450207e-01	1.868903812174325108e-01	1.868903812174325108e-01	2.150009406029770032e-01	1.868903812174325108e-01	3.058902631839159891e-01	1.868903812174325108e-01	3.972515604630130204e-01	3.881031792638380273e-01	1.868903812174325108e-01	1.868903812174325108e-01	2.716072219575019764e-01	1.868903812174325108e-01	4.248596384305090012e-01	1.868903812174325108e-01	1.868903812174325108e-01	1.204533754336750001e-01	1.872601359970270107e-01	1.868903812174325108e-01	4.395250234616400187e-01	1.868903812174325108e-01	1.868903812174325108e-01	1.868903812174325108e-01	2.836668419081950221e-01	1.868903812174325108e-01	1.868903812174325108e-01	1.868903812174325108e-01	1.868903812174325108e-01	3.056384098650170023e-01	1.868903812174325108e-01	3.157497720534970242e-01	1.868903812174325108e-01	1.868903812174325108e-01	1.868903812174325108e-01	7.772424427426030333e-03	1.868903812174325108e-01	1.868903812174325108e-01	1.868903812174325108e-01	2.372875588012179904e-01	1.868903812174325108e-01	1.934324557677840062e-01	2.697725615326059811e-01	1.868903812174325108e-01	1.868903812174325108e-01	1.868903812174325108e-01	3.480163357466060231e-02	1.494799420139190094e-01	1.868903812174325108e-01	1.868903812174325108e-01	1.868903812174325108e-01	1.868903812174325108e-01	3.248855789427460006e-01	1.868903812174325108e-01	1.868903812174325108e-01	1.211242331168719960e-01	1.868903812174325108e-01	3.015871556426980016e-01	1.868903812174325108e-01	1.726123148800799978e-01	1.868903812174325108e-01	2.207432597945880037e-01	1.868903812174325108e-01	1.868903812174325108e-01	4.092171351921580214e-01	1.868903812174325108e-01	1.868903812174325108e-01	2.505679255893720203e-01	1.868903812174325108e-01	3.188786806531579976e-01	3.247632690785680065e-01	1.868903812174325108e-01	4.791965842406720189e-01	1.868903812174325108e-01	1.868903812174325108e-01	1.868903812174325108e-01	1.868903812174325108e-01	1.868903812174325108e-01	1.868903812174325108e-01	1.868903812174325108e-01	1.868903812174325108e-01	1.791978437146219960e-01	2.387495433353349905e-01	2.574176405674630241e-01	1.868903812174325108e-01	1.868903812174325108e-01	1.868903812174325108e-01	3.008003607562449999e-01	1.868903812174325108e-01	1.868903812174325108e-01	3.972141668015879978e-01	1.868903812174325108e-01	1.868903812174325108e-01	1.868903812174325108e-01	1.868903812174325108e-01	1.868903812174325108e-01
1.868903812174325108e-01	1.868903812174325108e-01	1.868903812174325108e-01	1.671594195515349879e-01	2.473630343717319879e-01	1.000000000000000000e+00	1.868903812174325108e-01	1.868903812174325108e-01	1.868903812174325108e-01	1.868903812174325108e-01	1.868903812174325108e-01	1.868903812174325108e-01	1.868903812174325108e-01	1.186874988393809942e-02	1.868903812174325108e-01	1.868903812174325108e-01	1.868903812174325108e-01	1.868903812174325108e-01	1.868903812174325108e-01	1.216097919211389933e-01	1.868903812174325108e-01	1.868903812174325108e-01	1.868903812174325108e-01	1.868903812174325108e-01	1.745732404106090097e-01	1.868903812174325108e-01	1.635367864262090021e-01	1.868903812174325108e-01	1.032267286221769942e-01	1.796200617104879993e-01	1.868903812174325108e-01	1.868903812174325108e-01	1.001352822460030018e-01	1.868903812174325108e-01	1.321875076656550130e-01	6.629971856775070116e-02	2.054733257368709931e-01	1.868903812174325108e-01	1.868903812174325108e-01	1.868903812174325108e-01	1.868903812174325108e-01	1.058292157274060008e-01	1.868903812174325108e-01	1.868903812174325108e-01	1.011109103903460038e-01	1.868903812174325108e-01	1.868903812174325108e-01	1.868903812174325108e-01	3.091250995452790029e-01	1.868903812174325108e-01	1.868903812174325108e-01	1.475367652522109885e-01	1.948029506693770008e-01	1.868903812174325108e-01	9.193614394836209514e-02	1.652545453433769962e-01	1.868903812174325108e-01	1.868903812174325108e-01	8.179766713706479453e-02	1.868903812174325108e-01	1.868903812174325108e-01	1.868903812174325108e-01	1.868903812174325108e-01	1.868903812174325108e-01	1.914668522618100110e-01	9.874057187171410288e-02	1.137207683059340002e-01	1.868903812174325108e-01	1.868903812174325108e-01	1.868903812174325108e-01	1.868903812174325108e-01	1.868903812174325108e-01	1.868903812174325108e-01	1.110783418658150001e-01	3.499957726762650129e-02	1.868903812174325108e-01	1.868903812174325108e-01	1.868903812174325108e-01	1.416706584900929988e-01	1.868903812174325108e-01	1.017937508583340034e-01	1.868903812174325108e-01	1.868903812174325108e-01	1.167443237433229974e-01	1.868903812174325108e-01	1.172757861808740032e-01	1.150018426832789958e-01	1.868903812174325108e-01	1.000000000000000048e-04	1.868903812174325108e-01	1.868903812174325108e-01	1.868903812174325108e-01	1.868903812174325108e-01	9.948229475726899640e-02	1.152266963352379936e-01	1.868903812174325108e-01	1.651340280063419985e-01	1.165960560826150016e-01	1.868903812174325108e-01	1.868903812174325108e-01	1.868903812174325108e-01	1.868903812174325108e-01	1.868903812174325108e-01	1.868903812174325108e-01	1.868903812174325108e-01	1.868903812174325108e-01	7.043340304668670171e-02	8.777112553697259678e-02	1.868903812174325108e-01	1.868903812174325108e-01	1.868903812174325108e-01	1.868903812174325108e-01	1.868903812174325108e-01	1.868903812174325108e-01	1.156967813707590054e-01	1.317496005502420131e-01	1.868903812174325108e-01	2.037686422729340086e-01	1.868903812174325108e-01	1.174719064197420060e-01	1.434386463284650082e-01	1.868903812174325108e-01	1.868903812174325108e-01	1.868903812174325108e-01
1.868903812174325108e-01	1.376901092684360006e-01	1.868903812174325108e-01	1.467990569874370044e-01	1.868903812174325108e-01	1.868903812174325108e-01	1.000000000000000000e+00	4.529237702920230202e-01	1.868903812174325108e-01	1.868903812174325108e-01	1.868903812174325108e-01	1.868903812174325108e-01	1.868903812174325108e-01	1.868903812174325108e-01	1.868903812174325108e-01	1.868903812174325108e-01	1.868903812174325108e-01	1.868903812174325108e-01	1.868903812174325108e-01	1.317682053092610051e-01	1.868903812174325108e-01	1.868903812174325108e-01	1.868903812174325108e-01	1.868903812174325108e-01	3.064378594979260129e-01	1.868903812174325108e-01	1.868903812174325108e-01	1.868903812174325108e-01	1.185383107673669972e-01	1.868903812174325108e-01	1.361755237480070102e-01	1.868903812174325108e-01	1.868903812174325108e-01	1.722795331458419898e-01	1.868903812174325108e-01	1.868903812174325108e-01	1.868903812174325108e-01	1.868903812174325108e-01	1.868903812174325108e-01	2.709432708212530239e-01	1.868903812174325108e-01	1.868903812174325108e-01	2.002507238823700020e-01	1.868903812174325108e-01	1.868903812174325108e-01	9.799976641391899834e-02	1.868903812174325108e-01	1.868903812174325108e-01	2.106337604709500044e-01	1.868903812174325108e-01	1.304476340140079960e-01	1.868903812174325108e-01	2.072556682951089968e-01	1.868903812174325108e-01	1.868903812174325108e-01	1.868903812174325108e-01	1.868903812174325108e-01	1.868903812174325108e-01	1.290157516230900081e-01	1.868903812174325108e-01	1.868903812174325108e-01	9.364154847659010572e-02	1.868903812174325108e-01	1.868903812174325108e-01	1.868903812174325108e-01	1.755661728781550135e-01	1.868903812174325108e-01	1.868903812174325108e-01	2.538621304106549736e-01	1.868903812174325108e-01	1.868903812174325108e-01	1.868903812174325108e-01	1.273386007821770138e-01	2.002554366066769953e-01	1.868903812174325108e-01	1.868903812174325108e-01	1.868903812174325108e-01	1.595302068964770115e-01	1.851479879227820036e-01	1.545014884944909961e-01	1.868903812174325108e-01	1.868903812174325108e-01	1.868903812174325108e-01	1.868903812174325108e-01	1.868903812174325108e-01	1.387374741413439916e-01	1.289034597767839962e-01	1.228929419106469939e-01	1.000000000000000048e-04	1.868903812174325108e-01	1.868903812174325108e-01	1.868903812174325108e-01	1.868903812174325108e-01	1.868903812174325108e-01	1.868903812174325108e-01	1.868903812174325108e-01	1.701480512961210112e-01	1.868903812174325108e-01	1.868903812174325108e-01	1.868903812174325108e-01	1.868903812174325108e-01	9.785687940052040235e-02	1.868903812174325108e-01	1.868903812174325108e-01	1.868903812174325108e-01	1.868903812174325108e-01	1.868903812174325108e-01	6.572182507241400296e-02	1.868903812174325108e-01	1.868903812174325108e-01	1.247784769872870014e-01	1.868903812174325108e-01	1.868903812174325108e-01	1.405085319865370108e-01	1.868903812174325108e-01	1.868903812174325108e-01	2.011386684724469909e-01	2.874841360647429900e-01	2.181456117006269901e-01	1.868903812174325108e-01	1.868903812174325108e-01	1.608383031942169916e-01	1.868903812174325108e-01	1.868903812174325108e-01
1.868903812174325108e-01	1.868903812174325108e-01	1.868903812174325108e-01	1.856934452553319903e-01	1.868903812174325108e-01	1.868903812174325108e-01	4.529237702920230202e-01	1.000000000000000000e+00	1.868903812174325108e-01	1.868903812174325108e-01	1.868903812174325108e-01	6.695828850549509492e-02	1.868903812174325108e-01	1.868903812174325108e-01	1.986922142531719893e-01	2.662656310009660077e-01	1.868903812174325108e-01	2.534707854647130082e-02	2.210915951199859952e-01	2.108569446003160097e-01	1.868903812174325108e-01	1.868903812174325108e-01	1.868903812174325108e-01	2.115428516055430086e-01	1.868903812174325108e-01	1.868903812174325108e-01	1.868903812174325108e-01	1.868903812174325108e-01	1.662805437726919966e-01	1.868903812174325108e-01	1.858071021081310059e-01	1.868903812174325108e-01	1.868903812174325108e-01	1.861791582804339928e-01	1.868903812174325108e-01	1.868903812174325108e-01	1.868903812174325108e-01	1.868903812174325108e-01	1.868903812174325108e-01	2.599685094534099905e-01	2.489281005479289932e-01	1.868903812174325108e-01	1.868903812174325108e-01	1.868903812174325108e-01	1.631946151439210013e-01	1.868903812174325108e-01	1.868903812174325108e-01	1.868903812174325108e-01	1.868903812174325108e-01	1.868903812174325108e-01	1.868903812174325108e-01	1.868903812174325108e-01	1.868903812174325108e-01	1.730434488834340090e-01	1.868903812174325108e-01	1.868903812174325108e-01	1.868903812174325108e-01	1.868903812174325108e-01	1.868903812174325108e-01	1.868903812174325108e-01	1.868903812174325108e-01	1.868903812174325108e-01	2.010960708933879904e-01	6.832155526949579803e-03	1.868903812174325108e-01	1.476131713815209967e-01	1.868903812174325108e-01	2.026400509436389885e-01	1.868903812174325108e-01	1.868903812174325108e-01	1.868903812174325108e-01	1.868903812174325108e-01	1.868903812174325108e-01	1.868903812174325108e-01	1.868903812174325108e-01	1.868903812174325108e-01	1.868903812174325108e-01	1.868903812174325108e-01	1.919495965259830073e-01	1.868903812174325108e-01	1.868903812174325108e-01	1.868903812174325108e-01	1.868903812174325108e-01	1.868903812174325108e-01	1.868903812174325108e-01	1.809480447140789927e-01	1.868903812174325108e-01	1.628684907570039919e-01	1.868903812174325108e-01	2.888404467154069843e-01	1.868903812174325108e-01	1.868903812174325108e-01	1.868903812174325108e-01	2.116623673383309923e-01	1.868903812174325108e-01	1.868903812174325108e-01	1.868903812174325108e-01	1.857065559586260073e-01	2.057781930185320074e-01	1.868903812174325108e-01	1.868903812174325108e-01	6.719191141823339930e-02	1.868903812174325108e-01	1.868903812174325108e-01	2.168965530888929960e-01	1.868903812174325108e-01	1.868903812174325108e-01	1.868903812174325108e-01	3.010623973837879830e-01	1.969186248641709991e-01	1.868903812174325108e-01	2.163103396545349999e-01	1.868903812174325108e-01	1.868903812174325108e-01	1.868903812174325108e-01	2.755668636566980245e-01	1.868903812174325108e-01	1.868903812174325108e-01	2.950304111325040002e-01	1.868903812174325108e-01	1.868903812174325108e-01	1.868903812174325108e-01	1.868903812174325108e-01	1.868903812174325108e-01
1.868903812174325108e-01	9.053836807949509902e-02	1.868903812174325108e-01	1.868903812174325108e-01	1.868903812174325108e-01	1.868903812174325108e-01	1.868903812174325108e-01	1.868903812174325108e-01	1.000000000000000000e+00	1.868903812174325108e-01	1.868903812174325108e-01	1.868903812174325108e-01	4.053067146518959940e-01	1.868903812174325108e-01	1.868903812174325108e-01	1.868903812174325108e-01	1.868903812174325108e-01	1.868903812174325108e-01	1.868903812174325108e-01	1.868903812174325108e-01	1.868903812174325108e-01	1.868903812174325108e-01	1.868903812174325108e-01	1.868903812174325108e-01	1.868903812174325108e-01	1.868903812174325108e-01	1.868903812174325108e-01	1.868903812174325108e-01	2.733707116661490133e-01	1.868903812174325108e-01	1.868903812174325108e-01	3.010269736938360197e-01	1.868903812174325108e-01	3.488737101296299770e-01	1.868903812174325108e-01	1.868903812174325108e-01	1.868903812174325108e-01	4.104613510921670261e-01	1.868903812174325108e-01	1.868903812174325108e-01	1.868903812174325108e-01	1.868903812174325108e-01	1.868903812174325108e-01	2.677107768468179883e-01	1.868903812174325108e-01	1.868903812174325108e-01	1.868903812174325108e-01	1.868903812174325108e-01	1.868903812174325108e-01	1.868903812174325108e-01	3.330763890280690198e-01	1.868903812174325108e-01	1.868903812174325108e-01	2.824743923696900194e-01	1.868903812174325108e-01	1.868903812174325108e-01	1.868903812174325108e-01	3.518916728728729848e-01	1.868903812174325108e-01	1.868903812174325108e-01	2.552880155012020036e-01	1.148963401352089964e-01	1.868903812174325108e-01	1.017421275172149947e-02	1.868903812174325108e-01	9.429169619605159980e-02	1.868903812174325108e-01	1.868903812174325108e-01	1.868903812174325108e-01	2.191696347569699888e-01	1.868903812174325108e-01	1.868903812174325108e-01	1.868903812174325108e-01	1.868903812174325108e-01	1.868903812174325108e-01	1.868903812174325108e-01	2.830799819942519946e-01	1.868903812174325108e-01	1.868903812174325108e-01	3.106712323521440000e-01	3.932055536450719813e-01	1.868903812174325108e-01	1.868903812174325108e-01	1.868903812174325108e-01	1.868903812174325108e-01	3.158686873232059988e-01	3.112347118875999907e-01	1.868903812174325108e-01	1.000000000000000048e-04	1.868903812174325108e-01	1.868903812174325108e-01	1.565916645072890079e-01	1.868903812174325108e-01	2.331854727188640009e-01	1.868903812174325108e-01	1.868903812174325108e-01	3.326064068982759747e-01	1.868903812174325108e-01	1.868903812174325108e-01	4.113122883837480037e-01	1.868903812174325108e-01	8.246061882731529902e-02	1.868903812174325108e-01	1.868903812174325108e-01	3.755510647263269886e-01	1.868903812174325108e-01	9.473878100329929941e-02	1.868903812174325108e-01	1.868903812174325108e-01	2.073483619372349929e-01	1.868903812174325108e-01	1.868903812174325108e-01	1.868903812174325108e-01	1.868903812174325108e-01	1.868903812174325108e-01	1.868903812174325108e-01	1.868903812174325108e-01	3.902830653934100114e-01	4.387912331008890221e-01	1.868903812174325108e-01	1.868903812174325108e-01	1.868903812174325108e-01	1.868903812174325108e-01	3.145038613759850166e-01
1.868903812174325108e-01	1.868903812174325108e-01	2.670060765126079927e-01	1.990104362078299882e-01	2.551378619825089844e-01	1.868903812174325108e-01	1.868903812174325108e-01	1.868903812174325108e-01	1.868903812174325108e-01	1.000000000000000000e+00	1.868903812174325108e-01	1.868903812174325108e-01	1.868903812174325108e-01	1.868903812174325108e-01	9.574741779091920646e-02	1.868903812174325108e-01	1.868903812174325108e-01	6.814420434297040197e-02	1.211384865481409945e-01	1.126526253891979995e-01	1.868903812174325108e-01	9.250476115019640178e-02	2.894528723427889916e-01	1.868903812174325108e-01	1.868903812174325108e-01	1.868903812174325108e-01	1.274285355205949932e-01	2.251663211939030074e-01	7.187681833324580105e-02	2.021779953374910066e-01	2.118168417684060112e-01	1.868903812174325108e-01	1.868903812174325108e-01	2.025875998451260041e-01	1.868903812174325108e-01	1.868903812174325108e-01	1.667429454797650090e-01	1.868903812174325108e-01	1.868903812174325108e-01	2.341478092664329991e-01	1.868903812174325108e-01	1.868903812174325108e-01	1.868903812174325108e-01	8.315829392310210288e-02	7.942644886124060333e-02	1.868903812174325108e-01	1.868903812174325108e-01	1.868903812174325108e-01	1.868903812174325108e-01	3.028175268438330070e-01	8.085982836752389491e-02	1.868903812174325108e-01	1.868903812174325108e-01	1.868903812174325108e-01	1.868903812174325108e-01	1.868903812174325108e-01	1.868903812174325108e-01	1.868903812174325108e-01	1.868903812174325108e-01	1.075035311422800066e-01	1.868903812174325108e-01	1.868903812174325108e-01	7.353994232154359434e-02	1.868903812174325108e-01	1.868903812174325108e-01	1.868903812174325108e-01	1.662296796936539867e-01	1.868903812174325108e-01	1.868903812174325108e-01	7.778381455218029428e-02	1.868903812174325108e-01	9.430723079659460162e-02	1.868903812174325108e-01	1.868903812174325108e-01	1.868903812174325108e-01	1.868903812174325108e-01	1.868903812174325108e-01	1.868903812174325108e-01	1.868903812174325108e-01	1.868903812174325108e-01	1.868903812174325108e-01	1.868903812174325108e-01	7.685038729020579606e-02	1.868903812174325108e-01	9.676679303388510678e-02	1.868903812174325108e-01	1.868903812174325108e-01	6.392936481626469714e-02	1.868903812174325108e-01	1.868903812174325108e-01	1.868903812174325108e-01	2.239034083755900018e-01	1.868903812174325108e-01	8.490043880478520544e-02	7.695173481013820038e-02	5.910230367547589930e-02	1.868903812174325108e-01	7.712941467966770437e-02	1.868903812174325108e-01	1.297281907859340055e-01	1.868903812174325108e-01	1.539280651022799928e-01	8.635940909210239325e-02	2.182585846385080020e-01	1.868903812174325108e-01	1.868903812174325108e-01	1.868903812174325108e-01	1.868903812174325108e-01	1.868903812174325108e-01	6.471803629130100377e-02	1.868903812174325108e-01	1.868903812174325108e-01	1.868903812174325108e-01	1.868903812174325108e-01	1.868903812174325108e-01	1.868903812174325108e-01	1.868903812174325108e-01	1.294841803408129932e-01	1.812719729139559977e-01	8.070583685164879617e-02	1.868903812174325108e-01	1.868903812174325108e-01	1.868903812174325108e-01	1.868903812174325108e-01
5.161429300743419768e-01	1.868903812174325108e-01	1.868903812174325108e-01	1.868903812174325108e-01	5.261009965307239522e-01	1.868903812174325108e-01	1.868903812174325108e-01	1.868903812174325108e-01	1.868903812174325108e-01	1.868903812174325108e-01	1.000000000000000000e+00	6.262933353915620116e-02	1.868903812174325108e-01	1.868903812174325108e-01	4.010559482899330175e-01	1.868903812174325108e-01	1.868903812174325108e-01	1.868903812174325108e-01	4.475306864134719897e-01	3.844668977247109876e-01	1.868903812174325108e-01	1.868903812174325108e-01	1.868903812174325108e-01	1.868903812174325108e-01	1.868903812174325108e-01	1.868903812174325108e-01	1.868903812174325108e-01	1.868903812174325108e-01	1.868903812174325108e-01	1.868903812174325108e-01	1.868903812174325108e-01	1.868903812174325108e-01	3.278271595653490245e-01	3.235731583567360015e-01	3.904300508233040090e-01	1.868903812174325108e-01	1.868903812174325108e-01	1.868903812174325108e-01	4.442148822337330105e-01	1.868903812174325108e-01	1.868903812174325108e-01	1.868903812174325108e-01	1.868903812174325108e-01	1.868903812174325108e-01	3.922720461539659920e-01	6.464497049425259323e-02	1.868903812174325108e-01	4.114865609425850113e-01	1.868903812174325108e-01	1.938790870697089941e-01	4.185380453523980249e-01	1.868903812174325108e-01	1.868903812174325108e-01	4.262918438774569996e-01	1.868903812174325108e-01	2.560822923850240018e-01	1.868903812174325108e-01	1.868903812174325108e-01	1.868903812174325108e-01	1.868903812174325108e-01	1.868903812174325108e-01	1.868903812174325108e-01	3.358549284971529825e-01	1.868903812174325108e-01	3.814118342498389880e-01	6.262785964767310365e-02	2.912979513648190077e-01	1.868903812174325108e-01	1.868903812174325108e-01	1.868903812174325108e-01	1.868903812174325108e-01	4.210176635304510029e-01	1.868903812174325108e-01	3.088705828389770036e-01	1.868903812174325108e-01	9.856644471276840291e-02	3.617921154556489882e-01	4.085531732797160198e-01	2.213623237397739918e-01	1.868903812174325108e-01	4.804047798093600274e-01	1.868903812174325108e-01	1.868903812174325108e-01	1.868903812174325108e-01	1.868903812174325108e-01	1.868903812174325108e-01	1.868903812174325108e-01	2.789204715892870112e-01	1.868903812174325108e-01	1.949084218332829965e-01	1.868903812174325108e-01	1.868903812174325108e-01	5.547224401263809446e-01	1.868903812174325108e-01	1.868903812174325108e-01	1.868903812174325108e-01	3.299013223454809740e-01	1.868903812174325108e-01	1.868903812174325108e-01	5.204118763808890380e-01	1.868903812174325108e-01	1.868903812174325108e-01	1.868903812174325108e-01	1.868903812174325108e-01	5.132721456713990049e-01	1.868903812174325108e-01	7.195467119855339377e-02	1.868903812174325108e-01	1.868903812174325108e-01	1.868903812174325108e-01	1.868903812174325108e-01	1.868903812174325108e-01	1.868903812174325108e-01	1.868903812174325108e-01	1.002767761927259998e-01	4.030998303739570243e-01	3.531028314071329999e-01	1.868903812174325108e-01	1.868903812174325108e-01	1.868903812174325108e-01	1.868903812174325108e-01	1.868903812174325108e-01	1.868903812174325108e-01	4.431707031174110245e-01
2.168528907124750091e-02	1.868903812174325108e-01	2.863901945062279908e-01	1.868903812174325108e-01	1.868903812174325108e-01	1.868903812174325108e-01	1.868903812174325108e-01	6.695828850549509492e-02	1.868903812174325108e-01	1.868903812174325108e-01	6.262933353915620116e-02	1.000000000000000000e+00	7.214457878981080097e-02	1.868903812174325108e-01	1.868903812174325108e-01	4.901627211326770039e-02	6.152201653395539954e-02	1.868903812174325108e-01	1.868903812174325108e-01	1.868903812174325108e-01	1.868903812174325108e-01	1.868903812174325108e-01	1.868903812174325108e-01	1.863018810138289960e-01	1.868903812174325108e-01	1.868903812174325108e-01	1.868903812174325108e-01	1.868903812174325108e-01	7.206897169604360373e-03	6.376408345112309639e-02	1.868903812174325108e-01	1.868903812174325108e-01	1.868903812174325108e-01	1.338151038303040108e-01	1.868903812174325108e-01	1.868903812174325108e-01	1.868903812174325108e-01	4.354730002692130258e-02	1.046120192144119922e-02	1.868903812174325108e-01	1.868903812174325108e-01	1.322590772709379969e-01	2.628441548798950145e-02	1.868903812174325108e-01	1.868903812174325108e-01	2.185978546109449971e-01	1.868903812174325108e-01	1.868903812174325108e-01	6.979319380940350592e-02	3.224708768135600145e-01	1.868903812174325108e-01	1.868903812174325108e-01	1.868903812174325108e-01	1.868903812174325108e-01	1.868903812174325108e-01	2.296185584799279866e-01	8.317286587421410249e-03	1.868903812174325108e-01	1.868903812174325108e-01	1.566117327718220126e-02	6.224647466008069625e-03	1.868903812174325108e-01	1.868903812174325108e-01	1.868903812174325108e-01	1.868903812174325108e-01	2.908800744273780103e-01	1.868903812174325108e-01	1.868903812174325108e-01	1.868903812174325108e-01	1.868903812174325108e-01	1.868903812174325108e-01	9.609380179900029600e-03	7.072981028535589576e-03	1.513540960059529990e-02	1.573415506244650042e-01	1.868903812174325108e-01	1.868903812174325108e-01	1.868903812174325108e-01	1.868903812174325108e-01	1.868903812174325108e-01	1.868903812174325108e-01	9.215155679526290319e-03	8.607624770130800629e-03	1.868903812174325108e-01	9.144296805569910799e-03	1.868903812174325108e-01	1.031840913806809923e-02	7.979449635508910690e-03	1.000000000000000048e-04	1.868903812174325108e-01	1.868903812174325108e-01	1.868903812174325108e-01	3.389552130772469779e-02	1.868903812174325108e-01	1.868903812174325108e-01	1.868903812174325108e-01	1.868903812174325108e-01	1.868903812174325108e-01	1.868903812174325108e-01	1.868903812174325108e-01	2.558139196504780055e-02	1.868903812174325108e-01	1.868903812174325108e-01	1.619473713308549889e-01	1.868903812174325108e-01	1.868903812174325108e-01	1.868903812174325108e-01	2.137167954017060029e-02	1.868903812174325108e-01	1.868903812174325108e-01	1.868903812174325108e-01	1.868903812174325108e-01	1.868903812174325108e-01	9.824454055793739593e-02	5.123911163002009550e-01	1.868903812174325108e-01	1.868903812174325108e-01	1.868903812174325108e-01	1.868903812174325108e-01	9.472862650041779381e-03	1.868903812174325108e-01	1.868903812174325108e-01	1.868903812174325108e-01	1.216969558897530029e-02
