1.000000000000000000e+00	8.626732013970024315e-01	8.626732013970024315e-01	8.626732013970024315e-01	8.626732013970024315e-01	8.626732013970024315e-01	8.802841976919200118e-01	8.626732013970024315e-01	8.626732013970024315e-01	8.626732013970024315e-01	9.098105195694750069e-01	8.626732013970024315e-01	8.626732013970024315e-01	8.626732013970024315e-01	8.616477378611060445e-01	8.626732013970024315e-01	8.626732013970024315e-01	8.626732013970024315e-01	9.304423675962240070e-01	8.626732013970024315e-01	8.626732013970024315e-01	8.626732013970024315e-01	8.626732013970024315e-01	8.626732013970024315e-01	8.742015152218840512e-01	8.626732013970024315e-01	8.626732013970024315e-01	7.698526883322179826e-01	8.626732013970024315e-01	8.626732013970024315e-01	8.626732013970024315e-01	8.626732013970024315e-01	8.626732013970024315e-01	8.626732013970024315e-01	8.626732013970024315e-01	8.626732013970024315e-01	8.626732013970024315e-01	8.626732013970024315e-01	8.626732013970024315e-01	8.626732013970024315e-01	8.626732013970024315e-01	8.626732013970024315e-01	8.626732013970024315e-01	8.626732013970024315e-01	8.346063240089639512e-01	8.626732013970024315e-01	8.378761791253469537e-01	8.897833418099410085e-01	8.626732013970024315e-01	9.026837482675960089e-01	8.626732013970024315e-01	8.626732013970024315e-01	8.626732013970024315e-01	9.203203209600450130e-01	8.626732013970024315e-01	8.626732013970024315e-01	8.626732013970024315e-01	8.626732013970024315e-01	8.626732013970024315e-01	8.939347384216049797e-01	8.626732013970024315e-01	8.132089336022449988e-01	8.626732013970024315e-01	8.589847385315889650e-01	8.626732013970024315e-01	8.626732013970024315e-01	8.626732013970024315e-01	8.626732013970024315e-01	9.118857870071229721e-01	8.626732013970024315e-01	9.250697529233780081e-01	8.626732013970024315e-01	8.626732013970024315e-01	8.626732013970024315e-01	8.941646968367999992e-01	8.626732013970024315e-01	8.982476772377320229e-01	8.626732013970024315e-01	8.626732013970024315e-01	9.098420757844229989e-01	8.633093987923340373e-01	8.626732013970024315e-01	8.165827211988040402e-01	8.626732013970024315e-01	8.626732013970024315e-01	8.626732013970024315e-01	8.626732013970024315e-01	9.002511643301690514e-01	8.626732013970024315e-01	4.070383212234159886e-01	8.626732013970024315e-01	8.626732013970024315e-01	8.626732013970024315e-01	8.626732013970024315e-01	7.714911276079280400e-01	8.969337470204390428e-01	8.975142163661009587e-01	8.626732013970024315e-01	2.329807262604099982e-01	9.160194827953299646e-01	8.626732013970024315e-01	8.626732013970024315e-01	8.626732013970024315e-01	8.626732013970024315e-01	8.626732013970024315e-01	9.152043694346010394e-01	9.126925547697100072e-01	8.626732013970024315e-01	8.626732013970024315e-01	8.626732013970024315e-01	8.626732013970024315e-01	8.626732013970024315e-01	8.626732013970024315e-01	8.626732013970024315e-01	8.626732013970024315e-01	8.626732013970024315e-01	8.626732013970024315e-01	9.240221327007089869e-01	9.255249047571200149e-01	8.626732013970024315e-01	8.626732013970024315e-01	8.626732013970024315e-01	8.626732013970024315e-01	8.626732013970024315e-01
8.626732013970024315e-01	1.000000000000000000e+00	8.626732013970024315e-01	8.626732013970024315e-01	8.626732013970024315e-01	8.626732013970024315e-01	8.626732013970024315e-01	8.558665520012930239e-01	8.626732013970024315e-01	8.240280054538300369e-01	9.048823454158489987e-01	8.626732013970024315e-01	8.626732013970024315e-01	8.891602733017029969e-01	8.586404779106779905e-01	8.626732013970024315e-01	9.241906992255539688e-01	8.626732013970024315e-01	8.626732013970024315e-01	8.626732013970024315e-01	8.626732013970024315e-01	8.626732013970024315e-01	8.890338095406730146e-01	8.626732013970024315e-01	8.708599235028140484e-01	8.626732013970024315e-01	8.626732013970024315e-01	8.626732013970024315e-01	8.626732013970024315e-01	8.626732013970024315e-01	8.626732013970024315e-01	8.626732013970024315e-01	9.324012656387870024e-01	8.626732013970024315e-01	8.626732013970024315e-01	8.626732013970024315e-01	8.626732013970024315e-01	9.127946198382970167e-01	5.320893705312359501e-01	9.049800367512930155e-01	8.626732013970024315e-01	8.805724257153999535e-01	8.626732013970024315e-01	6.801316936360890519e-01	8.626732013970024315e-01	9.129955454708460483e-01	8.626732013970024315e-01	8.626732013970024315e-01	8.626732013970024315e-01	8.626732013970024315e-01	8.821692242902250403e-01	8.931185695911999511e-01	8.626732013970024315e-01	8.626732013970024315e-01	8.626732013970024315e-01	8.626732013970024315e-01	8.956029281023609734e-01	8.626732013970024315e-01	9.261021364289150348e-01	8.626732013970024315e-01	8.626732013970024315e-01	8.626732013970024315e-01	8.626732013970024315e-01	8.626732013970024315e-01	8.626732013970024315e-01	8.626732013970024315e-01	8.626732013970024315e-01	8.626732013970024315e-01	9.086362374780649898e-01	8.626732013970024315e-01	8.626732013970024315e-01	8.626732013970024315e-01	9.231729268882460371e-01	8.626732013970024315e-01	8.626732013970024315e-01	8.626732013970024315e-01	8.941670414425659796e-01	8.626732013970024315e-01	8.626732013970024315e-01	8.626732013970024315e-01	8.626732013970024315e-01	8.626732013970024315e-01	8.130892369792289687e-01	8.626732013970024315e-01	8.626732013970024315e-01	8.626732013970024315e-01	8.626732013970024315e-01	8.626732013970024315e-01	8.626732013970024315e-01	4.096584820167950003e-01	8.626732013970024315e-01	8.626732013970024315e-01	8.626732013970024315e-01	8.886080573380990000e-01	8.626732013970024315e-01	8.626732013970024315e-01	8.626732013970024315e-01	8.626732013970024315e-01	8.626732013970024315e-01	9.120281899554739669e-01	8.626732013970024315e-01	8.626732013970024315e-01	8.626732013970024315e-01	8.626732013970024315e-01	8.626732013970024315e-01	8.626732013970024315e-01	8.626732013970024315e-01	8.980901903172210377e-01	8.626732013970024315e-01	8.626732013970024315e-01	8.626732013970024315e-01	8.626732013970024315e-01	8.626732013970024315e-01	8.626732013970024315e-01	8.626732013970024315e-01	8.626732013970024315e-01	8.626732013970024315e-01	8.626732013970024315e-01	8.626732013970024315e-01	8.626732013970024315e-01	9.123381497113890459e-01	9.188469522500180009e-01	8.894839116370399923e-01	8.866501890187179491e-01
8.626732013970024315e-01	8.626732013970024315e-01	1.000000000000000000e+00	8.626732013970024315e-01	7.685667122028959630e-01	8.626732013970024315e-01	8.626732013970024315e-01	8.405692488725480249e-01	8.008368624160300264e-01	8.626732013970024315e-01	8.626732013970024315e-01	8.626732013970024315e-01	8.626732013970024315e-01	8.739432897017850310e-01	8.626732013970024315e-01	8.626732013970024315e-01	8.626732013970024315e-01	8.626732013970024315e-01	8.626732013970024315e-01	8.626732013970024315e-01	8.739149127204679512e-01	8.626732013970024315e-01	8.780474916103410132e-01	9.127814306927399812e-01	8.626732013970024315e-01	8.626732013970024315e-01	8.626732013970024315e-01	8.626732013970024315e-01	8.626732013970024315e-01	8.626748042698769714e-01	8.626732013970024315e-01	9.129405891881009483e-01	8.626732013970024315e-01	8.626732013970024315e-01	8.626732013970024315e-01	8.626732013970024315e-01	8.626732013970024315e-01	8.626732013970024315e-01	8.626732013970024315e-01	8.626732013970024315e-01	8.626732013970024315e-01	8.626732013970024315e-01	8.781001261822140025e-01	8.626732013970024315e-01	8.626732013970024315e-01	8.980202764891539458e-01	8.626732013970024315e-01	8.626732013970024315e-01	8.626732013970024315e-01	8.626732013970024315e-01	8.626732013970024315e-01	8.626732013970024315e-01	8.626732013970024315e-01	8.626732013970024315e-01	8.626732013970024315e-01	8.626732013970024315e-01	8.626732013970024315e-01	8.626732013970024315e-01	8.626732013970024315e-01	8.752643007967909616e-01	8.891766994528399470e-01	7.986157078231449491e-01	8.626732013970024315e-01	8.424402244245500215e-01	8.626732013970024315e-01	8.626732013970024315e-01	8.626732013970024315e-01	4.408868491499520204e-01	8.626732013970024315e-01	8.626732013970024315e-01	8.626732013970024315e-01	8.626732013970024315e-01	9.078475490529099856e-01	9.012071218577689669e-01	8.757654720425339656e-01	8.626732013970024315e-01	8.626732013970024315e-01	8.945550387080219989e-01	8.626732013970024315e-01	8.626732013970024315e-01	8.470465667640399987e-01	8.626732013970024315e-01	7.989798606234750356e-01	6.630982869091549547e-01	8.626732013970024315e-01	8.626732013970024315e-01	8.626732013970024315e-01	8.626732013970024315e-01	8.626732013970024315e-01	8.626732013970024315e-01	8.626732013970024315e-01	8.977902731557849680e-01	8.626732013970024315e-01	8.626732013970024315e-01	8.626732013970024315e-01	8.796104410585959821e-01	8.626732013970024315e-01	8.626732013970024315e-01	8.626732013970024315e-01	8.626732013970024315e-01	8.626732013970024315e-01	8.626732013970024315e-01	8.626732013970024315e-01	8.626732013970024315e-01	8.626732013970024315e-01	8.626732013970024315e-01	8.626732013970024315e-01	8.626732013970024315e-01	8.626732013970024315e-01	8.626732013970024315e-01	8.626732013970024315e-01	8.626732013970024315e-01	8.626732013970024315e-01	8.626732013970024315e-01	8.626732013970024315e-01	8.626732013970024315e-01	9.057377068507560525e-01	8.626732013970024315e-01	8.626732013970024315e-01	8.626732013970024315e-01	8.626732013970024315e-01	8.626732013970024315e-01	8.626732013970024315e-01	8.626732013970024315e-01
8.626732013970024315e-01	8.626732013970024315e-01	8.626732013970024315e-01	1.000000000000000000e+00	7.720447120532429874e-01	8.907195183720519882e-01	8.626732013970024315e-01	8.626732013970024315e-01	8.626732013970024315e-01	8.626732013970024315e-01	8.626732013970024315e-01	8.626732013970024315e-01	8.626732013970024315e-01	8.626732013970024315e-01	8.626732013970024315e-01	8.626732013970024315e-01	8.626732013970024315e-01	8.905853376878729577e-01	8.626732013970024315e-01	8.725026620528010257e-01	8.626732013970024315e-01	8.626732013970024315e-01	8.757296077897860354e-01	8.626732013970024315e-01	8.626732013970024315e-01	8.689974419676790296e-01	6.029878705105850001e-01	8.626732013970024315e-01	8.626732013970024315e-01	8.626732013970024315e-01	8.626732013970024315e-01	8.626732013970024315e-01	8.626732013970024315e-01	8.626732013970024315e-01	8.626732013970024315e-01	8.718858514687299888e-01	8.626732013970024315e-01	8.986949005671990287e-01	8.626732013970024315e-01	8.626732013970024315e-01	9.069204046365320071e-01	8.626732013970024315e-01	8.626732013970024315e-01	6.719555533949109760e-01	8.626732013970024315e-01	8.626732013970024315e-01	8.200424775644750142e-01	8.626732013970024315e-01	8.626732013970024315e-01	8.626732013970024315e-01	8.696145162084709668e-01	8.626732013970024315e-01	8.965247030026569641e-01	9.022159583721209852e-01	8.626732013970024315e-01	8.626732013970024315e-01	8.626732013970024315e-01	9.062377853333970501e-01	8.626732013970024315e-01	8.763842159531010090e-01	8.875204980558409895e-01	8.626732013970024315e-01	8.626732013970024315e-01	8.626732013970024315e-01	8.626732013970024315e-01	8.626732013970024315e-01	8.626732013970024315e-01	4.418502584330780136e-01	8.626732013970024315e-01	6.203293855035959536e-01	8.626732013970024315e-01	7.177888614013080426e-01	8.626732013970024315e-01	8.626732013970024315e-01	8.773087448115289844e-01	8.626732013970024315e-01	8.626732013970024315e-01	8.626732013970024315e-01	8.626732013970024315e-01	8.626732013970024315e-01	8.497464404668569893e-01	8.626732013970024315e-01	8.626732013970024315e-01	6.698666235244570277e-01	8.626732013970024315e-01	8.626732013970024315e-01	8.912779333459219799e-01	8.841564377804810304e-01	1.000000000000000021e-03	4.038613900118009914e-01	8.626732013970024315e-01	8.980385140921439691e-01	8.626732013970024315e-01	8.626732013970024315e-01	8.626732013970024315e-01	8.813209485463150417e-01	8.626732013970024315e-01	8.803714824610490153e-01	2.323096963433450013e-01	8.626732013970024315e-01	7.798096006359229726e-01	8.793497779053529584e-01	8.626732013970024315e-01	8.626732013970024315e-01	8.626732013970024315e-01	8.626732013970024315e-01	8.626732013970024315e-01	8.626732013970024315e-01	8.626732013970024315e-01	8.853047369573739944e-01	8.710984757330180184e-01	8.516962735074179447e-01	8.775479457301359476e-01	8.626732013970024315e-01	9.078785590240170400e-01	9.048060750958779597e-01	8.626732013970024315e-01	8.626732013970024315e-01	9.083543986753730426e-01	8.626732013970024315e-01	9.004419253271199741e-01	9.049964307070490488e-01	8.626732013970024315e-01	8.710493987499270396e-01
8.626732013970024315e-01	8.626732013970024315e-01	7.685667122028959630e-01	7.720447120532429874e-01	9.999999999999970024e-01	8.626732013970024315e-01	7.470582116372690429e-01	8.626732013970024315e-01	8.626732013970024315e-01	8.626732013970024315e-01	8.626732013970024315e-01	8.626732013970024315e-01	8.626732013970024315e-01	7.601146694906999457e-01	8.626732013970024315e-01	8.626732013970024315e-01	8.626732013970024315e-01	8.626732013970024315e-01	7.870893479010450111e-01	8.626732013970024315e-01	7.545855116797179907e-01	8.626732013970024315e-01	8.626732013970024315e-01	7.862636744017860169e-01	8.626732013970024315e-01	8.626732013970024315e-01	5.347162437682869696e-01	6.672364113696860333e-01	7.703160279416010336e-01	7.473072720980260542e-01	7.559937967026959527e-01	8.626732013970024315e-01	8.626732013970024315e-01	6.791281436124839699e-01	8.626732013970024315e-01	8.626732013970024315e-01	8.626732013970024315e-01	8.626732013970024315e-01	8.626732013970024315e-01	8.626732013970024315e-01	8.626732013970024315e-01	8.626732013970024315e-01	8.626732013970024315e-01	5.876694712185199787e-01	8.626732013970024315e-01	8.626732013970024315e-01	8.626732013970024315e-01	8.626732013970024315e-01	8.626732013970024315e-01	8.626732013970024315e-01	8.626732013970024315e-01	8.626732013970024315e-01	7.748817600161219676e-01	8.626732013970024315e-01	8.626732013970024315e-01	7.775223066602420241e-01	8.626732013970024315e-01	8.626732013970024315e-01	7.841328790831589846e-01	8.626732013970024315e-01	7.665875000259120275e-01	8.626732013970024315e-01	8.626732013970024315e-01	8.626732013970024315e-01	8.626732013970024315e-01	4.669657937921189994e-01	8.626732013970024315e-01	8.626732013970024315e-01	8.626732013970024315e-01	8.626732013970024315e-01	7.830460365099659592e-01	6.263952454819999849e-01	8.626732013970024315e-01	8.626732013970024315e-01	8.626732013970024315e-01	7.648664648186439541e-01	7.570794528560089720e-01	8.626732013970024315e-01	8.626732013970024315e-01	8.626732013970024315e-01	8.626732013970024315e-01	8.626732013970024315e-01	6.955953742222470426e-01	8.626732013970024315e-01	7.566080958276919510e-01	5.973660067086310477e-01	7.678241292827929776e-01	7.621383235426539837e-01	8.626732013970024315e-01	8.626732013970024315e-01	8.626732013970024315e-01	8.626732013970024315e-01	8.626732013970024315e-01	7.566210183203140316e-01	8.626732013970024315e-01	8.626732013970024315e-01	7.591829344720679718e-01	8.626732013970024315e-01	8.626732013970024315e-01	8.626732013970024315e-01	8.626732013970024315e-01	8.626732013970024315e-01	8.626732013970024315e-01	8.626732013970024315e-01	8.626732013970024315e-01	8.626732013970024315e-01	8.626732013970024315e-01	8.626732013970024315e-01	8.626732013970024315e-01	8.626732013970024315e-01	8.626732013970024315e-01	8.626732013970024315e-01	8.626732013970024315e-01	8.626732013970024315e-01	8.626732013970024315e-01	8.626732013970024315e-01	8.626732013970024315e-01	8.626732013970024315e-01	8.626732013970024315e-01	7.649260872657640542e-01	8.626732013970024315e-01	7.806537471235389658e-01	7.593668583568650154e-01	8.626732013970024315e-01
8.626732013970024315e-01	8.626732013970024315e-01	8.626732013970024315e-01	8.907195183720519882e-01	8.626732013970024315e-01	1.000000000000000000e+00	8.604449263336639842e-01	8.626732013970024315e-01	8.626732013970024315e-01	8.106992770535750292e-01	8.886670708085939729e-01	8.898074876937289712e-01	8.626732013970024315e-01	8.749011990419429674e-01	8.626732013970024315e-01	8.626732013970024315e-01	8.626732013970024315e-01	8.626732013970024315e-01	8.626732013970024315e-01	8.626732013970024315e-01	8.626732013970024315e-01	8.626732013970024315e-01	8.626732013970024315e-01	8.626732013970024315e-01	8.626732013970024315e-01	8.651254890325440483e-01	6.016432741614180513e-01	7.568614236866619827e-01	8.876969385291929582e-01	8.624633498407000554e-01	8.626732013970024315e-01	9.119198068707560223e-01	8.626732013970024315e-01	8.626732013970024315e-01	8.626732013970024315e-01	8.680619370311889460e-01	8.626732013970024315e-01	8.626732013970024315e-01	8.626732013970024315e-01	8.626732013970024315e-01	8.626732013970024315e-01	8.645256310735800476e-01	8.626732013970024315e-01	8.626732013970024315e-01	8.160545140908910255e-01	8.626732013970024315e-01	8.159818150287070360e-01	8.626732013970024315e-01	8.626732013970024315e-01	8.626732013970024315e-01	8.626732013970024315e-01	8.626732013970024315e-01	8.626732013970024315e-01	8.626732013970024315e-01	8.626732013970024315e-01	8.626732013970024315e-01	8.626732013970024315e-01	9.043138008290180219e-01	9.077993698121320509e-01	8.731493787444920551e-01	8.847719563202830484e-01	8.626732013970024315e-01	8.626732013970024315e-01	8.626732013970024315e-01	8.626732013970024315e-01	8.626732013970024315e-01	8.626732013970024315e-01	8.626732013970024315e-01	8.626732013970024315e-01	8.626732013970024315e-01	9.062681569100879964e-01	8.626732013970024315e-01	9.070961247880340306e-01	8.626732013970024315e-01	8.626732013970024315e-01	8.626732013970024315e-01	8.783810519097869918e-01	8.626732013970024315e-01	8.721093403006090483e-01	8.626732013970024315e-01	8.626732013970024315e-01	8.626732013970024315e-01	8.626732013970024315e-01	6.609881486352799929e-01	8.626732013970024315e-01	8.626732013970024315e-01	8.626732013970024315e-01	8.626732013970024315e-01	8.626732013970024315e-01	8.626732013970024315e-01	8.626732013970024315e-01	8.626732013970024315e-01	8.626732013970024315e-01	8.626732013970024315e-01	8.626732013970024315e-01	8.626732013970024315e-01	8.765529139827420435e-01	8.626732013970024315e-01	8.626732013970024315e-01	8.626732013970024315e-01	7.752267683736130399e-01	8.782826799240700533e-01	8.705505989235100550e-01	8.626732013970024315e-01	8.626732013970024315e-01	8.626732013970024315e-01	8.626732013970024315e-01	8.833091404242350286e-01	8.626732013970024315e-01	8.826039168034669480e-01	8.674110418987950322e-01	8.626732013970024315e-01	8.626732013970024315e-01	8.626732013970024315e-01	9.038114591770539663e-01	8.626732013970024315e-01	8.626732013970024315e-01	9.034367223528809721e-01	9.045676793573610430e-01	8.626732013970024315e-01	8.626732013970024315e-01	8.626732013970024315e-01	8.626732013970024315e-01	8.626732013970024315e-01
8.802841976919200118e-01	8.626732013970024315e-01	8.626732013970024315e-01	8.626732013970024315e-01	7.470582116372690429e-01	8.604449263336639842e-01	1.000000000000000000e+00	8.626732013970024315e-01	8.626732013970024315e-01	7.852560882053899460e-01	8.624894383748590299e-01	8.626732013970024315e-01	8.626732013970024315e-01	8.626732013970024315e-01	8.626732013970024315e-01	8.911065519775139832e-01	8.801253296325419750e-01	8.626732013970024315e-01	8.626732013970024315e-01	8.626732013970024315e-01	8.451974817063030443e-01	8.809658965038540401e-01	8.484077393118789612e-01	8.626732013970024315e-01	8.626732013970024315e-01	8.626732013970024315e-01	8.626732013970024315e-01	7.362681371620209969e-01	8.626732013970024315e-01	8.383188448271570170e-01	8.433664213414460153e-01	8.626732013970024315e-01	8.626732013970024315e-01	8.626732013970024315e-01	8.626732013970024315e-01	8.465199959745329794e-01	8.626732013970024315e-01	8.626732013970024315e-01	5.131455850286430476e-01	8.626732013970024315e-01	8.776904739210269479e-01	8.626732013970024315e-01	8.499245749399729766e-01	6.495613850615290508e-01	8.626732013970024315e-01	8.700369971391910262e-01	7.965101962797990209e-01	8.626732013970024315e-01	8.554343133894769524e-01	8.626732013970024315e-01	8.626732013970024315e-01	8.626732013970024315e-01	8.626732013970024315e-01	8.626732013970024315e-01	8.626732013970024315e-01	8.719224363017969992e-01	8.626732013970024315e-01	8.626732013970024315e-01	8.626732013970024315e-01	8.626732013970024315e-01	8.626732013970024315e-01	8.626732013970024315e-01	8.626732013970024315e-01	8.626732013970024315e-01	8.626732013970024315e-01	8.626732013970024315e-01	8.614687515871519707e-01	8.626732013970024315e-01	8.626732013970024315e-01	8.626732013970024315e-01	8.769890949749250542e-01	8.626732013970024315e-01	8.626732013970024315e-01	8.626732013970024315e-01	8.626732013970024315e-01	8.570370892696479448e-01	8.525882081358220344e-01	8.626732013970024315e-01	8.626732013970024315e-01	8.636018181822150419e-01	8.626732013970024315e-01	8.626732013970024315e-01	8.626732013970024315e-01	8.626732013970024315e-01	8.511578368290459995e-01	6.517754730870409796e-01	8.605859667601759577e-01	8.558417260005569682e-01	1.000000000000000021e-03	4.011625606941059963e-01	8.618264712208499878e-01	8.626732013970024315e-01	8.626732013970024315e-01	8.626732013970024315e-01	7.338238432625749930e-01	8.535811868078539977e-01	8.626732013970024315e-01	8.626732013970024315e-01	8.626732013970024315e-01	8.626732013970024315e-01	8.626732013970024315e-01	8.626732013970024315e-01	8.626732013970024315e-01	8.222103879698989815e-01	8.702015931272170102e-01	8.626732013970024315e-01	8.626732013970024315e-01	8.626732013970024315e-01	8.883497457232260031e-01	8.575751923550239963e-01	8.626732013970024315e-01	8.626732013970024315e-01	8.626732013970024315e-01	8.626732013970024315e-01	8.626732013970024315e-01	8.771096809782760184e-01	8.781354396250730110e-01	8.626732013970024315e-01	8.781633796129749703e-01	8.583715479319440345e-01	8.626732013970024315e-01	8.626732013970024315e-01	8.626732013970024315e-01	8.626732013970024315e-01
8.626732013970024315e-01	8.558665520012930239e-01	8.405692488725480249e-01	8.626732013970024315e-01	8.626732013970024315e-01	8.626732013970024315e-01	8.626732013970024315e-01	1.000000000000000000e+00	8.626732013970024315e-01	8.626732013970024315e-01	8.402818538536469539e-01	8.626732013970024315e-01	8.626732013970024315e-01	8.626732013970024315e-01	8.029243203967729725e-01	8.626732013970024315e-01	8.626732013970024315e-01	8.626732013970024315e-01	8.626732013970024315e-01	8.626732013970024315e-01	8.233896966869349576e-01	8.626732013970024315e-01	8.626732013970024315e-01	8.626732013970024315e-01	8.626732013970024315e-01	8.626732013970024315e-01	8.626732013970024315e-01	8.626732013970024315e-01	8.626732013970024315e-01	8.142640059061929669e-01	8.626732013970024315e-01	8.626732013970024315e-01	8.638065155410149520e-01	8.626732013970024315e-01	8.626732013970024315e-01	8.230880599712300238e-01	8.626732013970024315e-01	8.626732013970024315e-01	5.058482281424240279e-01	8.626732013970024315e-01	8.545222191938499634e-01	8.626732013970024315e-01	8.626732013970024315e-01	8.626732013970024315e-01	8.626732013970024315e-01	8.486684514607789609e-01	8.626732013970024315e-01	8.626732013970024315e-01	8.626732013970024315e-01	8.626732013970024315e-01	8.626732013970024315e-01	8.280423330104610402e-01	8.447796989594770212e-01	8.505586882950839644e-01	8.626732013970024315e-01	8.626732013970024315e-01	8.626732013970024315e-01	8.554015000957509995e-01	8.626732013970024315e-01	8.626732013970024315e-01	8.626732013970024315e-01	7.539078557825760196e-01	8.284284891291240349e-01	8.626732013970024315e-01	8.626732013970024315e-01	8.626732013970024315e-01	8.626732013970024315e-01	4.250172190095750091e-01	8.626732013970024315e-01	8.626732013970024315e-01	8.626732013970024315e-01	8.626732013970024315e-01	8.626732013970024315e-01	8.626732013970024315e-01	8.626732013970024315e-01	8.626732013970024315e-01	8.294821525117860306e-01	8.626732013970024315e-01	8.626732013970024315e-01	8.626732013970024315e-01	8.626732013970024315e-01	8.626732013970024315e-01	8.626732013970024315e-01	8.626732013970024315e-01	8.626732013970024315e-01	6.377487693322869688e-01	8.626732013970024315e-01	8.626732013970024315e-01	8.626732013970024315e-01	3.953992334944250175e-01	8.626732013970024315e-01	8.626732013970024315e-01	8.626732013970024315e-01	8.626732013970024315e-01	8.626732013970024315e-01	8.626732013970024315e-01	8.626732013970024315e-01	8.316604319251229560e-01	8.626732013970024315e-01	8.626732013970024315e-01	7.390030541415050225e-01	8.298277810277370214e-01	8.227589684071320297e-01	8.626732013970024315e-01	8.484424402340879912e-01	8.458131838000819691e-01	8.626732013970024315e-01	8.626732013970024315e-01	8.626732013970024315e-01	8.626732013970024315e-01	8.212352583900679459e-01	8.626732013970024315e-01	8.626732013970024315e-01	8.626732013970024315e-01	8.626732013970024315e-01	8.626732013970024315e-01	8.547123783155939902e-01	8.558918754795360462e-01	8.559741196302940169e-01	8.626732013970024315e-01	8.626732013970024315e-01	8.626732013970024315e-01	8.626732013970024315e-01	8.626732013970024315e-01
8.626732013970024315e-01	8.626732013970024315e-01	8.008368624160300264e-01	8.626732013970024315e-01	8.626732013970024315e-01	8.626732013970024315e-01	8.626732013970024315e-01	8.626732013970024315e-01	9.999999999999990008e-01	8.626732013970024315e-01	8.626732013970024315e-01	8.626732013970024315e-01	8.090861537090480171e-01	7.902719852796770139e-01	8.626732013970024315e-01	8.626732013970024315e-01	8.626732013970024315e-01	8.626732013970024315e-01	8.158886531933490227e-01	8.626732013970024315e-01	7.819247064199059682e-01	8.626732013970024315e-01	8.626732013970024315e-01	8.155043803429290472e-01	7.716738415314210453e-01	7.790603943432750089e-01	8.626732013970024315e-01	8.626732013970024315e-01	8.626732013970024315e-01	8.626732013970024315e-01	8.626732013970024315e-01	8.626732013970024315e-01	8.626732013970024315e-01	7.036776376707980507e-01	8.626732013970024315e-01	8.626732013970024315e-01	8.626732013970024315e-01	8.058564520155500066e-01	8.626732013970024315e-01	8.626732013970024315e-01	8.626732013970024315e-01	8.626732013970024315e-01	8.626732013970024315e-01	8.626732013970024315e-01	7.403235958342659906e-01	8.626732013970024315e-01	8.626732013970024315e-01	7.829881144607230281e-01	7.943383382059580056e-01	8.626732013970024315e-01	8.626732013970024315e-01	8.626732013970024315e-01	8.024447780128429741e-01	8.626732013970024315e-01	8.626732013970024315e-01	8.626732013970024315e-01	8.626732013970024315e-01	8.114195796890150136e-01	8.626732013970024315e-01	8.626732013970024315e-01	7.936835254506729997e-01	7.219553154209570334e-01	8.626732013970024315e-01	8.626732013970024315e-01	8.626732013970024315e-01	8.626732013970024315e-01	8.626732013970024315e-01	8.626732013970024315e-01	8.626732013970024315e-01	5.668460356964060143e-01	8.626732013970024315e-01	6.509478452809569493e-01	8.626732013970024315e-01	8.062390465491450220e-01	8.626732013970024315e-01	8.626732013970024315e-01	7.869686250916859693e-01	8.626732013970024315e-01	8.626732013970024315e-01	8.626732013970024315e-01	8.626732013970024315e-01	6.202822365499289781e-01	8.626732013970024315e-01	8.626732013970024315e-01	8.626732013970024315e-01	8.626732013970024315e-01	8.626732013970024315e-01	7.920074772326299861e-01	8.626732013970024315e-01	8.626732013970024315e-01	8.626732013970024315e-01	8.043782859880930225e-01	8.626732013970024315e-01	8.626732013970024315e-01	6.841209957588120227e-01	8.626732013970024315e-01	7.884700176714179998e-01	8.626732013970024315e-01	2.212176537614000127e-01	8.626732013970024315e-01	8.626732013970024315e-01	8.626732013970024315e-01	8.626732013970024315e-01	7.622247378585119693e-01	8.626732013970024315e-01	8.626732013970024315e-01	8.626732013970024315e-01	7.913053101078639795e-01	8.626732013970024315e-01	8.626732013970024315e-01	8.626732013970024315e-01	7.680343415709689481e-01	7.857052240387809583e-01	8.626732013970024315e-01	8.626732013970024315e-01	8.626732013970024315e-01	8.626732013970024315e-01	8.626732013970024315e-01	8.626732013970024315e-01	8.626732013970024315e-01	8.626732013970024315e-01	8.626732013970024315e-01	8.626732013970024315e-01	8.626732013970024315e-01
8.626732013970024315e-01	8.240280054538300369e-01	8.626732013970024315e-01	8.626732013970024315e-01	8.626732013970024315e-01	8.106992770535750292e-01	7.852560882053899460e-01	8.626732013970024315e-01	8.626732013970024315e-01	9.999999999999990008e-01	8.626732013970024315e-01	8.626732013970024315e-01	8.626732013970024315e-01	8.626732013970024315e-01	8.626732013970024315e-01	8.626732013970024315e-01	8.626732013970024315e-01	8.090378632848309604e-01	8.626732013970024315e-01	8.626732013970024315e-01	7.953236546798010398e-01	8.626732013970024315e-01	7.964616788415610493e-01	8.626732013970024315e-01	8.626732013970024315e-01	7.914522073612789699e-01	8.626732013970024315e-01	6.975364479638199722e-01	8.120583587997709518e-01	8.626732013970024315e-01	7.931880696208729598e-01	8.289719383320499624e-01	8.626732013970024315e-01	8.626732013970024315e-01	8.626732013970024315e-01	7.948250385537309892e-01	8.050140946667549979e-01	8.626732013970024315e-01	8.626732013970024315e-01	8.117882175055980420e-01	8.626732013970024315e-01	8.626732013970024315e-01	8.626732013970024315e-01	8.626732013970024315e-01	8.626732013970024315e-01	8.626732013970024315e-01	8.626732013970024315e-01	7.934869649429999727e-01	8.626732013970024315e-01	8.073373281549940383e-01	8.626732013970024315e-01	8.626732013970024315e-01	8.626732013970024315e-01	8.626732013970024315e-01	6.196530368789829879e-01	8.626732013970024315e-01	8.626732013970024315e-01	8.233310492756710230e-01	8.626732013970024315e-01	7.967298076014639463e-01	8.626732013970024315e-01	8.626732013970024315e-01	8.626732013970024315e-01	8.626732013970024315e-01	8.626732013970024315e-01	8.626732013970024315e-01	8.626732013970024315e-01	4.163668416417269924e-01	8.626732013970024315e-01	8.626732013970024315e-01	8.626732013970024315e-01	8.626732013970024315e-01	8.626732013970024315e-01	8.201998032765820401e-01	8.626732013970024315e-01	8.626732013970024315e-01	8.008867323364109447e-01	8.149935876857260508e-01	8.626732013970024315e-01	8.626732013970024315e-01	8.626732013970024315e-01	8.626732013970024315e-01	7.303403214879099492e-01	8.626732013970024315e-01	8.626732013970024315e-01	8.626732013970024315e-01	8.626732013970024315e-01	8.024036911105639769e-01	1.000000000000000021e-03	8.626732013970024315e-01	8.101474711258620509e-01	8.626732013970024315e-01	8.626732013970024315e-01	8.626732013970024315e-01	6.914031545166290371e-01	8.626732013970024315e-01	8.626732013970024315e-01	8.626732013970024315e-01	8.626732013970024315e-01	8.626732013970024315e-01	8.626732013970024315e-01	8.626732013970024315e-01	8.626732013970024315e-01	7.714892960961790003e-01	8.626732013970024315e-01	8.626732013970024315e-01	8.626732013970024315e-01	8.626732013970024315e-01	8.626732013970024315e-01	8.626732013970024315e-01	8.626732013970024315e-01	8.626732013970024315e-01	8.626732013970024315e-01	8.626732013970024315e-01	8.626732013970024315e-01	8.626732013970024315e-01	8.254341756451030188e-01	8.626732013970024315e-01	8.626732013970024315e-01	8.063462118538909928e-01	8.626732013970024315e-01	8.626732013970024315e-01	8.626732013970024315e-01	7.934789418990669807e-01
9.098105195694750069e-01	9.048823454158489987e-01	8.626732013970024315e-01	8.626732013970024315e-01	8.626732013970024315e-01	8.886670708085939729e-01	8.624894383748590299e-01	8.402818538536469539e-01	8.626732013970024315e-01	8.626732013970024315e-01	1.000000000000000000e+00	8.925142983282220444e-01	9.028098700172449975e-01	8.626732013970024315e-01	8.626732013970024315e-01	8.626732013970024315e-01	8.626732013970024315e-01	8.626732013970024315e-01	8.626732013970024315e-01	8.734942593592619486e-01	8.626732013970024315e-01	8.626732013970024315e-01	8.746145043399790042e-01	8.626732013970024315e-01	8.626732013970024315e-01	8.626732013970024315e-01	6.006623276948499512e-01	8.626732013970024315e-01	8.626732013970024315e-01	8.626732013970024315e-01	8.626732013970024315e-01	8.626732013970024315e-01	8.626732013970024315e-01	8.626732013970024315e-01	9.082371949625599461e-01	8.697569845753270190e-01	8.626732013970024315e-01	8.626732013970024315e-01	8.626732013970024315e-01	8.626732013970024315e-01	8.626732013970024315e-01	8.657479133131390503e-01	8.626732013970024315e-01	8.626732013970024315e-01	8.626732013970024315e-01	8.626732013970024315e-01	8.626732013970024315e-01	8.626732013970024315e-01	8.825077444640190283e-01	8.626732013970024315e-01	8.688460925602109475e-01	8.626732013970024315e-01	8.955393291615779683e-01	9.007587961430539858e-01	8.626732013970024315e-01	8.626732013970024315e-01	8.806190770933960410e-01	8.626732013970024315e-01	8.626732013970024315e-01	8.626732013970024315e-01	8.853527686280150411e-01	7.972602158937750483e-01	8.776471945773419714e-01	8.402113179613509564e-01	8.626732013970024315e-01	5.173805747324200510e-01	8.626732013970024315e-01	4.401172363559470169e-01	8.626732013970024315e-01	6.184966654777710460e-01	8.626732013970024315e-01	7.176602010530079845e-01	8.626732013970024315e-01	8.626732013970024315e-01	8.626732013970024315e-01	8.835323322682060443e-01	8.626732013970024315e-01	8.949134075350220208e-01	8.626732013970024315e-01	8.913332106404260324e-01	8.626732013970024315e-01	8.626732013970024315e-01	8.626732013970024315e-01	8.626732013970024315e-01	8.769614932303649857e-01	8.626732013970024315e-01	8.626732013970024315e-01	8.626732013970024315e-01	8.626732013970024315e-01	8.626732013970024315e-01	8.626732013970024315e-01	8.626732013970024315e-01	8.626732013970024315e-01	8.750490850797399967e-01	8.626732013970024315e-01	8.626732013970024315e-01	8.626732013970024315e-01	8.786440108454259823e-01	8.626732013970024315e-01	8.626732013970024315e-01	7.768799070455000289e-01	8.778304047115490505e-01	8.626732013970024315e-01	8.626732013970024315e-01	8.626732013970024315e-01	8.950532328510030222e-01	8.626732013970024315e-01	8.626732013970024315e-01	8.626732013970024315e-01	8.853221043289020153e-01	8.626732013970024315e-01	8.489176472868510404e-01	8.626732013970024315e-01	8.626732013970024315e-01	9.061582957350210465e-01	8.626732013970024315e-01	8.626732013970024315e-01	8.626732013970024315e-01	9.061839152009329990e-01	8.626732013970024315e-01	8.626732013970024315e-01	8.626732013970024315e-01	8.626732013970024315e-01	8.626732013970024315e-01
8.626732013970024315e-01	8.626732013970024315e-01	8.626732013970024315e-01	8.626732013970024315e-01	8.626732013970024315e-01	8.898074876937289712e-01	8.626732013970024315e-01	8.626732013970024315e-01	8.626732013970024315e-01	8.626732013970024315e-01	8.925142983282220444e-01	1.000000000000000000e+00	8.626732013970024315e-01	8.763895370291779896e-01	8.626732013970024315e-01	8.626732013970024315e-01	8.626732013970024315e-01	8.626732013970024315e-01	9.142659599699110018e-01	8.626732013970024315e-01	8.626732013970024315e-01	8.626732013970024315e-01	8.785172465107420336e-01	8.626732013970024315e-01	8.603577011472339775e-01	8.626732013970024315e-01	8.626732013970024315e-01	8.626732013970024315e-01	8.626732013970024315e-01	8.626732013970024315e-01	8.740465729833259978e-01	9.151030431566720136e-01	8.626732013970024315e-01	8.626732013970024315e-01	9.100534187452610224e-01	8.626732013970024315e-01	8.855357321067169885e-01	8.626732013970024315e-01	8.626732013970024315e-01	8.626732013970024315e-01	8.626732013970024315e-01	8.626732013970024315e-01	8.626732013970024315e-01	8.626732013970024315e-01	8.626732013970024315e-01	8.626732013970024315e-01	8.626732013970024315e-01	8.729171233574379851e-01	8.626732013970024315e-01	8.626732013970024315e-01	8.626732013970024315e-01	8.626732013970024315e-01	8.975187589856510328e-01	8.626732013970024315e-01	8.626732013970024315e-01	9.019904486435219582e-01	8.626732013970024315e-01	9.091162358996860426e-01	8.626732013970024315e-01	8.626732013970024315e-01	8.626732013970024315e-01	8.005146420349590342e-01	8.626732013970024315e-01	8.626732013970024315e-01	8.118246033048149846e-01	5.188525106321709712e-01	8.626732013970024315e-01	4.437658494991280067e-01	8.946448028105500327e-01	8.626732013970024315e-01	8.626732013970024315e-01	8.626732013970024315e-01	8.626732013970024315e-01	8.626732013970024315e-01	8.626732013970024315e-01	8.626732013970024315e-01	8.626732013970024315e-01	8.978459208566970107e-01	8.626732013970024315e-01	8.933836984991010421e-01	8.477010871065639996e-01	8.626732013970024315e-01	8.626732013970024315e-01	8.626732013970024315e-01	8.793991920745639623e-01	8.626732013970024315e-01	8.626732013970024315e-01	8.626732013970024315e-01	8.626732013970024315e-01	4.069143771270640197e-01	8.915540823527650094e-01	8.626732013970024315e-01	8.839992027927170426e-01	8.746676716494510284e-01	8.626732013970024315e-01	8.817186164001540316e-01	8.626732013970024315e-01	8.626732013970024315e-01	8.626732013970024315e-01	8.626732013970024315e-01	7.808406413744110042e-01	8.626732013970024315e-01	8.626732013970024315e-01	8.626732013970024315e-01	8.626732013970024315e-01	8.626732013970024315e-01	8.626732013970024315e-01	8.626732013970024315e-01	8.626732013970024315e-01	8.862895997301759587e-01	8.626732013970024315e-01	8.626732013970024315e-01	8.626732013970024315e-01	9.142983610582769982e-01	9.077118273940399940e-01	8.626732013970024315e-01	8.626732013970024315e-01	8.626732013970024315e-01	8.626732013970024315e-01	8.626732013970024315e-01	8.996065128600200245e-01	9.042977438619510533e-01	8.626732013970024315e-01	8.626732013970024315e-01
