1.000000000000000000e+00	8.474576271186440302e-02	1.914478058510639957e-01	1.401273885350320103e-01	1.914478058510639957e-01	1.171875000000000000e-01	1.914478058510639957e-01	2.079207920792079944e-01	1.914478058510639957e-01	1.914478058510639957e-01	2.761904761904759864e-01	1.914478058510639957e-01	1.914478058510639957e-01	4.769230769230770051e-01	1.320754716981130117e-01	1.914478058510639957e-01	1.914478058510639957e-01	1.914478058510639957e-01	2.771739130434779930e-01	1.914478058510639957e-01	1.914478058510639957e-01	3.939393939393939781e-01	1.914478058510639957e-01	1.914478058510639957e-01	1.914478058510639957e-01	1.914478058510639957e-01	1.914478058510639957e-01	1.914478058510639957e-01	2.388059701492540043e-01	2.254545454545449912e-01	2.324324324324320012e-01	1.914478058510639957e-01	2.800000000000000266e-01	1.914478058510639957e-01	1.588785046728969919e-01	1.914478058510639957e-01	1.914478058510639957e-01	1.914478058510639957e-01	1.914478058510639957e-01	3.068181818181819898e-01	1.595330739299609946e-01	1.914478058510639957e-01	9.583333333333329818e-02	1.914478058510639957e-01	1.914478058510639957e-01	1.642857142857140074e-01	1.914478058510639957e-01	1.914478058510639957e-01	1.914478058510639957e-01	2.163265306122449938e-01	1.914478058510639957e-01	1.914478058510639957e-01	8.571428571428570120e-02	1.914478058510639957e-01	1.914478058510639957e-01	1.914478058510639957e-01	2.378854625550660129e-01	1.914478058510639957e-01	1.621621621621620046e-01	1.153846153846150024e-01	1.914478058510639957e-01	1.947368421052630139e-01	1.914478058510639957e-01	1.914478058510639957e-01	1.914478058510639957e-01	1.914478058510639957e-01	2.547169811320750266e-01	1.914478058510639957e-01	1.914478058510639957e-01	1.348314606741569943e-01	1.914478058510639957e-01	1.914478058510639957e-01	1.914478058510639957e-01	1.832460732984290130e-01	1.914478058510639957e-01	1.914478058510639957e-01	1.757322175732219938e-01	1.914478058510639957e-01	1.914478058510639957e-01	1.914478058510639957e-01	1.914478058510639957e-01	1.914478058510639957e-01	1.038961038961040001e-01	1.914478058510639957e-01	1.914478058510639957e-01	1.914478058510639957e-01	6.187500000000000222e-01	1.610738255033559996e-01	1.914478058510639957e-01	1.914478058510639957e-01	1.914478058510639957e-01	1.914478058510639957e-01	1.914478058510639957e-01	1.914478058510639957e-01	1.914478058510639957e-01	1.914478058510639957e-01	1.567567567567569875e-01	1.914478058510639957e-01	1.914893617021279915e-01	1.023622047244090033e-01	1.914478058510639957e-01	1.914478058510639957e-01	1.399176954732510025e-01	1.914478058510639957e-01	1.914478058510639957e-01	1.914478058510639957e-01	1.914478058510639957e-01	1.914478058510639957e-01	1.914478058510639957e-01	1.914478058510639957e-01	1.959798994974870090e-01	1.914478058510639957e-01	3.333333333333329818e-01	1.914478058510639957e-01	1.715481171548119965e-01	1.914478058510639957e-01	1.914478058510639957e-01	1.914478058510639957e-01	1.914478058510639957e-01	1.914478058510639957e-01	1.535433070866140115e-01	2.974683544303799998e-01	1.914478058510639957e-01	1.914478058510639957e-01
8.474576271186440302e-02	1.000000000000000000e+00	1.438596491228069929e-01	1.914478058510639957e-01	1.914478058510639957e-01	1.914478058510639957e-01	1.914478058510639957e-01	1.914478058510639957e-01	9.663865546218490532e-02	1.914478058510639957e-01	1.914478058510639957e-01	1.914478058510639957e-01	1.402877697841730109e-01	1.914478058510639957e-01	1.914478058510639957e-01	2.800000000000000266e-01	1.914478058510639957e-01	8.979591836734690524e-02	1.914478058510639957e-01	1.914478058510639957e-01	1.914478058510639957e-01	1.914478058510639957e-01	1.694214876033059980e-01	1.914478058510639957e-01	1.914478058510639957e-01	1.187050359712230052e-01	1.914478058510639957e-01	1.914478058510639957e-01	1.914478058510639957e-01	1.163522012578619980e-01	1.914478058510639957e-01	1.914478058510639957e-01	1.914478058510639957e-01	1.914478058510639957e-01	1.914478058510639957e-01	1.914478058510639957e-01	1.914478058510639957e-01	1.914478058510639957e-01	9.666666666666670626e-02	1.914478058510639957e-01	2.107279693486590055e-01	2.380952380952379988e-01	2.433628318584070138e-01	4.128440366972480069e-01	1.914478058510639957e-01	1.353135313531350081e-01	1.447368421052629972e-01	1.914478058510639957e-01	1.914478058510639957e-01	1.914478058510639957e-01	1.914478058510639957e-01	1.914478058510639957e-01	1.914478058510639957e-01	1.914478058510639957e-01	1.079999999999999988e-01	2.068965517241380114e-01	1.771653543307090128e-01	1.914478058510639957e-01	7.870370370370370627e-02	1.914478058510639957e-01	1.914478058510639957e-01	1.914478058510639957e-01	1.914478058510639957e-01	4.382716049382719969e-01	1.914478058510639957e-01	1.914478058510639957e-01	1.914478058510639957e-01	1.914478058510639957e-01	1.914478058510639957e-01	1.914478058510639957e-01	2.790697674418600172e-01	1.914478058510639957e-01	1.914478058510639957e-01	1.674641148325360096e-01	1.914478058510639957e-01	1.509971509971509973e-01	1.914478058510639957e-01	1.914478058510639957e-01	1.914478058510639957e-01	1.914478058510639957e-01	2.882352941176469785e-01	1.914478058510639957e-01	2.465753424657529946e-01	1.914478058510639957e-01	1.912350597609560054e-01	2.624113475177299870e-01	1.914478058510639957e-01	2.093023255813949990e-01	1.914478058510639957e-01	1.914478058510639957e-01	1.914478058510639957e-01	1.315789473684209898e-01	9.580419580419580194e-01	1.914478058510639957e-01	1.914478058510639957e-01	1.244979919678709940e-01	1.914478058510639957e-01	1.914478058510639957e-01	1.825396825396830014e-01	1.914478058510639957e-01	1.037037037037040060e-01	9.958506224066389356e-02	1.914478058510639957e-01	1.914478058510639957e-01	1.028806584362139953e-01	7.806691449814129324e-02	1.351351351351350039e-01	1.358490566037739988e-01	1.914478058510639957e-01	1.914478058510639957e-01	1.914478058510639957e-01	1.392857142857140129e-01	1.914478058510639957e-01	1.914478058510639957e-01	1.914478058510639957e-01	1.942446043165469982e-01	1.914478058510639957e-01	1.914478058510639957e-01	1.970260223048329873e-01	1.914478058510639957e-01	1.914478058510639957e-01	1.914478058510639957e-01	1.914478058510639957e-01	1.914478058510639957e-01
1.914478058510639957e-01	1.438596491228069929e-01	1.000000000000000000e+00	7.051792828685260472e-01	1.810344827586209959e-01	2.233676975945020071e-01	1.914478058510639957e-01	2.560000000000000053e-01	1.914478058510639957e-01	1.914478058510639957e-01	1.914478058510639957e-01	1.925675675675679877e-01	1.914478058510639957e-01	1.699346405228759904e-01	1.520737327188939891e-01	1.794871794871789883e-01	1.914478058510639957e-01	1.947565543071159977e-01	1.914478058510639957e-01	1.914478058510639957e-01	1.914478058510639957e-01	1.914478058510639957e-01	1.914478058510639957e-01	1.914478058510639957e-01	1.914478058510639957e-01	1.914478058510639957e-01	1.914478058510639957e-01	1.914478058510639957e-01	1.992481203007520074e-01	2.484662576687119984e-01	1.914478058510639957e-01	1.914478058510639957e-01	1.914478058510639957e-01	1.955835962145109908e-01	1.914478058510639957e-01	2.229965156794430081e-01	1.914478058510639957e-01	1.914478058510639957e-01	1.914478058510639957e-01	1.914478058510639957e-01	1.682539682539679893e-01	1.496598639455780089e-01	1.365187713310579976e-01	1.575562700964630025e-01	1.914478058510639957e-01	1.914478058510639957e-01	1.914478058510639957e-01	1.914478058510639957e-01	2.245614035087719895e-01	3.237410071942449785e-01	2.246153846153849942e-01	3.263888888888890061e-01	1.914478058510639957e-01	1.914478058510639957e-01	1.914478058510639957e-01	1.832669322709160054e-01	1.914478058510639957e-01	1.914478058510639957e-01	1.914478058510639957e-01	1.914478058510639957e-01	1.914478058510639957e-01	1.914478058510639957e-01	2.207357859531769995e-01	1.914478058510639957e-01	1.914478058510639957e-01	1.914478058510639957e-01	1.914478058510639957e-01	1.851851851851850084e-01	1.914478058510639957e-01	2.534562211981569724e-01	1.914478058510639957e-01	1.914478058510639957e-01	1.914478058510639957e-01	1.914478058510639957e-01	1.914478058510639957e-01	1.914478058510639957e-01	1.914478058510639957e-01	1.914478058510639957e-01	1.331269349845199956e-01	1.914478058510639957e-01	2.860892388451439783e-01	1.914478058510639957e-01	1.914478058510639957e-01	1.914478058510639957e-01	1.914478058510639957e-01	6.976744186046510143e-02	1.914478058510639957e-01	2.760736196319020230e-01	1.914478058510639957e-01	2.483443708609270051e-01	1.914478058510639957e-01	1.914478058510639957e-01	1.487889273356400033e-01	2.687747035573119780e-01	1.914478058510639957e-01	2.250922509225090073e-01	1.914478058510639957e-01	2.764227642276420038e-01	2.152777777777780122e-01	1.914478058510639957e-01	1.914478058510639957e-01	1.914478058510639957e-01	1.914478058510639957e-01	2.404181184668990057e-01	1.914478058510639957e-01	1.914478058510639957e-01	1.914478058510639957e-01	1.914478058510639957e-01	2.286689419795220057e-01	3.003663003663000208e-01	1.914478058510639957e-01	1.914478058510639957e-01	1.914478058510639957e-01	2.355072463768120017e-01	2.237762237762239981e-01	1.914478058510639957e-01	2.267080745341620018e-01	1.914478058510639957e-01	1.914478058510639957e-01	1.914478058510639957e-01	2.346938775510200026e-01	1.914478058510639957e-01	1.914478058510639957e-01	1.914478058510639957e-01
1.401273885350320103e-01	1.914478058510639957e-01	7.051792828685260472e-01	1.000000000000000000e+00	1.914478058510639957e-01	1.914478058510639957e-01	1.914478058510639957e-01	2.255892255892260057e-01	2.431506849315069885e-01	1.914478058510639957e-01	2.396166134185299945e-01	2.633228840125390047e-01	1.914478058510639957e-01	1.914478058510639957e-01	1.673151750972760032e-01	1.914478058510639957e-01	1.914478058510639957e-01	1.789137380191689886e-01	1.914478058510639957e-01	1.914478058510639957e-01	1.914478058510639957e-01	1.927710843373489913e-01	1.914478058510639957e-01	1.914478058510639957e-01	1.914478058510639957e-01	2.629969418960240168e-01	1.914478058510639957e-01	3.617747440273039738e-01	1.914478058510639957e-01	1.914478058510639957e-01	1.914478058510639957e-01	1.914478058510639957e-01	1.914478058510639957e-01	1.914478058510639957e-01	2.957746478873239937e-01	2.005988023952099963e-01	1.914478058510639957e-01	1.914478058510639957e-01	1.914478058510639957e-01	1.914478058510639957e-01	1.914478058510639957e-01	1.914478058510639957e-01	1.914478058510639957e-01	1.914478058510639957e-01	1.914478058510639957e-01	2.634560906515580059e-01	1.914478058510639957e-01	1.914478058510639957e-01	1.914478058510639957e-01	1.914478058510639957e-01	1.914478058510639957e-01	1.914478058510639957e-01	1.914478058510639957e-01	1.914478058510639957e-01	2.031746031746030079e-01	1.914478058510639957e-01	1.914478058510639957e-01	9.259259259259260133e-02	1.914478058510639957e-01	1.914478058510639957e-01	7.843137254901960675e-02	1.843003412969279886e-01	1.914478058510639957e-01	1.914478058510639957e-01	2.583333333333330262e-01	1.914478058510639957e-01	1.914478058510639957e-01	1.914478058510639957e-01	1.914478058510639957e-01	1.914478058510639957e-01	1.914478058510639957e-01	1.914478058510639957e-01	1.914478058510639957e-01	2.958801498127339724e-01	1.914478058510639957e-01	1.914478058510639957e-01	1.914478058510639957e-01	1.914478058510639957e-01	1.491712707182319964e-01	1.914478058510639957e-01	1.914478058510639957e-01	1.914478058510639957e-01	1.914478058510639957e-01	1.914478058510639957e-01	1.914478058510639957e-01	1.914478058510639957e-01	1.914478058510639957e-01	1.914478058510639957e-01	1.914478058510639957e-01	1.914478058510639957e-01	1.600000000000000033e-01	1.842105263157889916e-01	1.914478058510639957e-01	1.914478058510639957e-01	1.914478058510639957e-01	1.914478058510639957e-01	1.914478058510639957e-01	1.914478058510639957e-01	1.914478058510639957e-01	1.914478058510639957e-01	1.914478058510639957e-01	1.914478058510639957e-01	1.914478058510639957e-01	1.914478058510639957e-01	1.914478058510639957e-01	1.914478058510639957e-01	1.914478058510639957e-01	1.749271137026240097e-01	1.914478058510639957e-01	1.914478058510639957e-01	1.914478058510639957e-01	1.914478058510639957e-01	1.914478058510639957e-01	1.914478058510639957e-01	2.232415902140670039e-01	1.914478058510639957e-01	1.914478058510639957e-01	1.694352159468439922e-01	2.289855072463770069e-01	1.914478058510639957e-01	1.914478058510639957e-01	1.914478058510639957e-01	1.914478058510639957e-01	1.914478058510639957e-01
1.914478058510639957e-01	1.914478058510639957e-01	1.810344827586209959e-01	1.914478058510639957e-01	1.000000000000000000e+00	2.537313432835819893e-01	1.914478058510639957e-01	1.351351351351350039e-01	1.914478058510639957e-01	1.914478058510639957e-01	1.914478058510639957e-01	1.914478058510639957e-01	2.045454545454550022e-01	1.914478058510639957e-01	1.914478058510639957e-01	9.770114942528740354e-01	1.914478058510639957e-01	1.914478058510639957e-01	1.914478058510639957e-01	1.914478058510639957e-01	1.802721088435370045e-01	1.804878048780489963e-01	1.914478058510639957e-01	1.914478058510639957e-01	1.845493562231760032e-01	1.914478058510639957e-01	1.914478058510639957e-01	1.914478058510639957e-01	1.914478058510639957e-01	1.929133858267720047e-01	3.379310344827590185e-01	1.510791366906469868e-01	1.914478058510639957e-01	1.914478058510639957e-01	1.914478058510639957e-01	1.914478058510639957e-01	1.914478058510639957e-01	1.914478058510639957e-01	1.541666666666670071e-01	1.914478058510639957e-01	1.914478058510639957e-01	1.914478058510639957e-01	1.914478058510639957e-01	1.914478058510639957e-01	1.914478058510639957e-01	1.914478058510639957e-01	1.875000000000000000e-01	1.914478058510639957e-01	1.914478058510639957e-01	1.914478058510639957e-01	1.902834008097170071e-01	1.209677419354839994e-01	1.914478058510639957e-01	1.914478058510639957e-01	1.914478058510639957e-01	1.556886227544909962e-01	1.914478058510639957e-01	1.914478058510639957e-01	1.914478058510639957e-01	1.914478058510639957e-01	1.914478058510639957e-01	1.913580246913579863e-01	1.914478058510639957e-01	1.914478058510639957e-01	1.914478058510639957e-01	1.914478058510639957e-01	1.914478058510639957e-01	1.914478058510639957e-01	1.914478058510639957e-01	1.748251748251750115e-01	1.914478058510639957e-01	1.914478058510639957e-01	1.914478058510639957e-01	1.851851851851850084e-01	1.914478058510639957e-01	1.914478058510639957e-01	1.914478058510639957e-01	1.914478058510639957e-01	1.441048034934500066e-01	1.423841059602649894e-01	1.914478058510639957e-01	1.914478058510639957e-01	1.945945945945949940e-01	1.914478058510639957e-01	1.914478058510639957e-01	1.052631578947370028e-01	1.914478058510639957e-01	1.641791044776119979e-01	2.589285714285710083e-01	1.234567901234570053e-01	1.914478058510639957e-01	1.914478058510639957e-01	2.596685082872929873e-01	1.914478058510639957e-01	1.914478058510639957e-01	1.914478058510639957e-01	3.740458015267180136e-01	1.914478058510639957e-01	1.914478058510639957e-01	2.424242424242419869e-01	1.232876712328769969e-01	1.451612903225809881e-01	1.914478058510639957e-01	1.199999999999999956e-01	1.914478058510639957e-01	1.914478058510639957e-01	1.914478058510639957e-01	1.914478058510639957e-01	1.689497716894980128e-01	1.914478058510639957e-01	1.914478058510639957e-01	1.914478058510639957e-01	1.914478058510639957e-01	1.914478058510639957e-01	1.914478058510639957e-01	1.914478058510639957e-01	1.914478058510639957e-01	1.511627906976739932e-01	1.440677966101689966e-01	1.351351351351350039e-01	1.914478058510639957e-01	1.914478058510639957e-01	1.481481481481480011e-01	1.758793969849249961e-01
1.171875000000000000e-01	1.914478058510639957e-01	2.233676975945020071e-01	1.914478058510639957e-01	2.537313432835819893e-01	1.000000000000000000e+00	1.914478058510639957e-01	1.821862348178140134e-01	1.914478058510639957e-01	1.914478058510639957e-01	1.914478058510639957e-01	1.914478058510639957e-01	1.914478058510639957e-01	1.914478058510639957e-01	1.914478058510639957e-01	2.636815920398010160e-01	1.914478058510639957e-01	1.914478058510639957e-01	1.914478058510639957e-01	1.914478058510639957e-01	1.914478058510639957e-01	1.914478058510639957e-01	1.592592592592589895e-01	1.914478058510639957e-01	2.971014492753619729e-01	1.799307958477510128e-01	1.914478058510639957e-01	1.914478058510639957e-01	1.914478058510639957e-01	2.068965517241380114e-01	2.602739726027399891e-01	1.914478058510639957e-01	1.572327044025159937e-01	1.914478058510639957e-01	1.914478058510639957e-01	1.749999999999999889e-01	1.914478058510639957e-01	1.914478058510639957e-01	1.914478058510639957e-01	1.914478058510639957e-01	1.914478058510639957e-01	3.982300884955750075e-01	1.914478058510639957e-01	1.914478058510639957e-01	1.914478058510639957e-01	1.914478058510639957e-01	1.914478058510639957e-01	1.914478058510639957e-01	1.314878892733560012e-01	1.914478058510639957e-01	1.914478058510639957e-01	1.960132890365449965e-01	1.914478058510639957e-01	1.914478058510639957e-01	1.914478058510639957e-01	1.914478058510639957e-01	1.914478058510639957e-01	1.914478058510639957e-01	1.914478058510639957e-01	2.500000000000000000e-01	7.978723404255319562e-02	1.904761904761899938e-01	1.914478058510639957e-01	1.914478058510639957e-01	1.914478058510639957e-01	1.914478058510639957e-01	1.914478058510639957e-01	2.251308900523560086e-01	2.652068126520680247e-01	1.914478058510639957e-01	1.914478058510639957e-01	4.461538461538460121e-01	1.914478058510639957e-01	1.914478058510639957e-01	1.914478058510639957e-01	1.914478058510639957e-01	1.914478058510639957e-01	1.914478058510639957e-01	1.914478058510639957e-01	3.598726114649680174e-01	3.220338983050849979e-01	5.917159763313610196e-03	1.914478058510639957e-01	8.563535911602210282e-01	1.914478058510639957e-01	1.914478058510639957e-01	1.914478058510639957e-01	1.914478058510639957e-01	1.494845360824740010e-01	1.914478058510639957e-01	1.296296296296300110e-01	2.050209205020920022e-01	1.914478058510639957e-01	1.914478058510639957e-01	1.914478058510639957e-01	1.914478058510639957e-01	1.914478058510639957e-01	1.914478058510639957e-01	1.914478058510639957e-01	3.387755102040819755e-01	1.914478058510639957e-01	1.914478058510639957e-01	1.914478058510639957e-01	1.517241379310340088e-01	1.914478058510639957e-01	1.428571428571429880e-01	1.868131868131870099e-01	1.914478058510639957e-01	1.914478058510639957e-01	1.914478058510639957e-01	1.916666666666670127e-01	1.914478058510639957e-01	1.914478058510639957e-01	1.914478058510639957e-01	1.798561151079139941e-01	1.914478058510639957e-01	1.547987616099069930e-01	1.914478058510639957e-01	2.137931034482760118e-01	1.678321678321680055e-01	1.914478058510639957e-01	1.914478058510639957e-01	1.914478058510639957e-01	1.914478058510639957e-01
1.914478058510639957e-01	1.914478058510639957e-01	1.914478058510639957e-01	1.914478058510639957e-01	1.914478058510639957e-01	1.914478058510639957e-01	1.000000000000000000e+00	6.565656565656570465e-02	7.692307692307689959e-02	1.090909090909090023e-01	8.796296296296300665e-02	1.914478058510639957e-01	1.465517241379309943e-01	1.914478058510639957e-01	1.914478058510639957e-01	1.914478058510639957e-01	1.914478058510639957e-01	1.914478058510639957e-01	1.914478058510639957e-01	1.914478058510639957e-01	1.914478058510639957e-01	1.914478058510639957e-01	1.428571428571429880e-01	1.914478058510639957e-01	2.149122807017539993e-01	1.914478058510639957e-01	7.831325301204819511e-02	1.914478058510639957e-01	1.612903225806449903e-01	8.960573476702510254e-02	1.914478058510639957e-01	3.644067796610169774e-01	1.914478058510639957e-01	1.914478058510639957e-01	1.914478058510639957e-01	1.914478058510639957e-01	1.065989847715740069e-01	1.914478058510639957e-01	1.914478058510639957e-01	1.914478058510639957e-01	1.622807017543859975e-01	1.914478058510639957e-01	1.914478058510639957e-01	1.914478058510639957e-01	1.914478058510639957e-01	1.914478058510639957e-01	1.914478058510639957e-01	2.311111111111109895e-01	8.849557522123889519e-02	8.606557377049180169e-02	1.914478058510639957e-01	1.914478058510639957e-01	1.900000000000000022e-01	1.914478058510639957e-01	1.914478058510639957e-01	1.914478058510639957e-01	1.588785046728969919e-01	2.566371681415929862e-01	1.914478058510639957e-01	1.914478058510639957e-01	8.928571428571430157e-02	1.914478058510639957e-01	1.914478058510639957e-01	3.893129770992370120e-01	1.914478058510639957e-01	1.914478058510639957e-01	9.389671361502349711e-02	1.914478058510639957e-01	1.914478058510639957e-01	1.914478058510639957e-01	1.974248927038629864e-01	3.489932885906040227e-01	1.914478058510639957e-01	1.914478058510639957e-01	1.914478058510639957e-01	1.914478058510639957e-01	1.914478058510639957e-01	1.914478058510639957e-01	1.914478058510639957e-01	2.055749128919860114e-01	1.914478058510639957e-01	1.136363636363640038e-02	1.914478058510639957e-01	1.914478058510639957e-01	1.914478058510639957e-01	1.914478058510639957e-01	1.914478058510639957e-01	2.178988326848249890e-01	1.914478058510639957e-01	1.914478058510639957e-01	1.914478058510639957e-01	1.914478058510639957e-01	1.914478058510639957e-01	1.914478058510639957e-01	1.914478058510639957e-01	1.914478058510639957e-01	1.914478058510639957e-01	1.914478058510639957e-01	1.914478058510639957e-01	3.138297872340429784e-01	6.465517241379309388e-02	1.914478058510639957e-01	1.914478058510639957e-01	1.914478058510639957e-01	1.914478058510639957e-01	1.914478058510639957e-01	1.914478058510639957e-01	1.312217194570139966e-01	1.914478058510639957e-01	1.150442477876110065e-01	1.914478058510639957e-01	1.074380165289259975e-01	1.382488479262669878e-01	1.840796019900499958e-01	1.914478058510639957e-01	1.914478058510639957e-01	1.187739463601529960e-01	1.914478058510639957e-01	1.914478058510639957e-01	1.914478058510639957e-01	1.914478058510639957e-01	1.914478058510639957e-01	1.914478058510639957e-01	9.302325581395350096e-02
2.079207920792079944e-01	1.914478058510639957e-01	2.560000000000000053e-01	2.255892255892260057e-01	1.351351351351350039e-01	1.821862348178140134e-01	6.565656565656570465e-02	1.000000000000000000e+00	1.914478058510639957e-01	1.914478058510639957e-01	3.365853658536590021e-01	1.914478058510639957e-01	1.914478058510639957e-01	1.914478058510639957e-01	1.914478058510639957e-01	1.336898395721929922e-01	1.914478058510639957e-01	1.914478058510639957e-01	1.914478058510639957e-01	1.914478058510639957e-01	1.914478058510639957e-01	1.914478058510639957e-01	1.914478058510639957e-01	1.914478058510639957e-01	1.914478058510639957e-01	1.914478058510639957e-01	1.720430107526879915e-01	1.914478058510639957e-01	1.643835616438359959e-01	1.914478058510639957e-01	1.914478058510639957e-01	1.914478058510639957e-01	1.438596491228069929e-01	1.753731343283579935e-01	1.914478058510639957e-01	1.914478058510639957e-01	1.914478058510639957e-01	1.914478058510639957e-01	1.914478058510639957e-01	1.914478058510639957e-01	1.914478058510639957e-01	1.275720164609049911e-01	1.914478058510639957e-01	1.914478058510639957e-01	1.902173913043480047e-01	1.649122807017540104e-01	1.914478058510639957e-01	1.914478058510639957e-01	2.127659574468090120e-01	3.047210300429180063e-01	1.914478058510639957e-01	1.914478058510639957e-01	8.965517241379310220e-02	1.914478058510639957e-01	1.914478058510639957e-01	1.534653465346529910e-01	2.424242424242419869e-01	1.914478058510639957e-01	1.914478058510639957e-01	1.914478058510639957e-01	1.914478058510639957e-01	1.914478058510639957e-01	2.137096774193550097e-01	1.914478058510639957e-01	1.914478058510639957e-01	1.914478058510639957e-01	1.914478058510639957e-01	1.914478058510639957e-01	1.914478058510639957e-01	2.023121387283239869e-01	1.914478058510639957e-01	1.914478058510639957e-01	1.914478058510639957e-01	1.914478058510639957e-01	1.914478058510639957e-01	1.914478058510639957e-01	2.869955156950669828e-01	1.914478058510639957e-01	1.914478058510639957e-01	1.914478058510639957e-01	1.914478058510639957e-01	1.914478058510639957e-01	1.914478058510639957e-01	1.914478058510639957e-01	2.532751091703059898e-01	1.914478058510639957e-01	1.914478058510639957e-01	1.914478058510639957e-01	1.914478058510639957e-01	1.914478058510639957e-01	1.914478058510639957e-01	1.914478058510639957e-01	1.914478058510639957e-01	1.914478058510639957e-01	2.031250000000000000e-01	1.914478058510639957e-01	1.914478058510639957e-01	1.914478058510639957e-01	2.016806722689080122e-01	1.914478058510639957e-01	1.914478058510639957e-01	1.914478058510639957e-01	1.914478058510639957e-01	1.914478058510639957e-01	1.914478058510639957e-01	1.914478058510639957e-01	1.914478058510639957e-01	1.914478058510639957e-01	2.181069958847740020e-01	2.763157894736840148e-01	1.914478058510639957e-01	2.329317269076310037e-01	1.914478058510639957e-01	3.066037735849059809e-01	1.914478058510639957e-01	1.914478058510639957e-01	1.992753623188409928e-01	1.914478058510639957e-01	1.914478058510639957e-01	1.914478058510639957e-01	1.914478058510639957e-01	1.914478058510639957e-01	3.597883597883599904e-01	1.914478058510639957e-01
1.914478058510639957e-01	9.663865546218490532e-02	1.914478058510639957e-01	2.431506849315069885e-01	1.914478058510639957e-01	1.914478058510639957e-01	7.692307692307689959e-02	1.914478058510639957e-01	1.000000000000000000e+00	1.914478058510639957e-01	2.999999999999999889e-01	1.914478058510639957e-01	1.914478058510639957e-01	1.914478058510639957e-01	1.914478058510639957e-01	1.914478058510639957e-01	1.914478058510639957e-01	1.914478058510639957e-01	1.914478058510639957e-01	1.914478058510639957e-01	1.914478058510639957e-01	2.544642857142859760e-01	1.914478058510639957e-01	1.914478058510639957e-01	1.914478058510639957e-01	2.314049586776860123e-01	1.914478058510639957e-01	1.914478058510639957e-01	1.914478058510639957e-01	2.214285714285710027e-01	1.914478058510639957e-01	6.417112299465239922e-02	1.914478058510639957e-01	1.544117647058819986e-01	1.914478058510639957e-01	1.914478058510639957e-01	2.075471698113209862e-01	2.931937172774869982e-01	1.914478058510639957e-01	1.914478058510639957e-01	1.882352941176470007e-01	1.716738197424889922e-01	1.914478058510639957e-01	1.007462686567160010e-01	2.240896358543419953e-01	1.914478058510639957e-01	2.783505154639179802e-01	1.914478058510639957e-01	1.914478058510639957e-01	3.348017621145369938e-01	1.914478058510639957e-01	1.914478058510639957e-01	1.914478058510639957e-01	2.713567839195979992e-01	2.336448598130839993e-01	1.914478058510639957e-01	1.914478058510639957e-01	1.914478058510639957e-01	1.764705882352939903e-01	1.849999999999999978e-01	1.914478058510639957e-01	1.958762886597940067e-01	2.931034482758619886e-01	1.914478058510639957e-01	1.914478058510639957e-01	1.914478058510639957e-01	1.914478058510639957e-01	1.914478058510639957e-01	1.748768472906399862e-01	1.914478058510639957e-01	1.569343065693430128e-01	1.914478058510639957e-01	2.201834862385320113e-01	1.914478058510639957e-01	1.914478058510639957e-01	1.914478058510639957e-01	1.914478058510639957e-01	2.007722007722010094e-01	1.914478058510639957e-01	1.914478058510639957e-01	1.914478058510639957e-01	1.914478058510639957e-01	1.914478058510639957e-01	1.914478058510639957e-01	1.914478058510639957e-01	1.914478058510639957e-01	2.815533980582520246e-01	1.914478058510639957e-01	2.000000000000000111e-01	1.914478058510639957e-01	1.909090909090910004e-01	1.914478058510639957e-01	1.914478058510639957e-01	1.914478058510639957e-01	2.777777777777780122e-01	1.914478058510639957e-01	1.914478058510639957e-01	2.835051546391750277e-01	2.127659574468090120e-01	1.176470588235289938e-01	3.317757009345789765e-01	1.914478058510639957e-01	1.370967741935479878e-01	1.914478058510639957e-01	1.914478058510639957e-01	1.914478058510639957e-01	1.914478058510639957e-01	1.755102040816330089e-01	1.914478058510639957e-01	1.914478058510639957e-01	1.914478058510639957e-01	1.914478058510639957e-01	2.954545454545450256e-01	3.529411764705879806e-01	1.914478058510639957e-01	1.914478058510639957e-01	1.914478058510639957e-01	2.473684210526319871e-01	1.914478058510639957e-01	1.914478058510639957e-01	1.914478058510639957e-01	1.914478058510639957e-01	1.914478058510639957e-01	1.914478058510639957e-01
1.914478058510639957e-01	1.914478058510639957e-01	1.914478058510639957e-01	1.914478058510639957e-01	1.914478058510639957e-01	1.914478058510639957e-01	1.090909090909090023e-01	1.914478058510639957e-01	1.914478058510639957e-01	1.000000000000000000e+00	1.914478058510639957e-01	1.914478058510639957e-01	1.914478058510639957e-01	1.914478058510639957e-01	1.914478058510639957e-01	1.914478058510639957e-01	1.914478058510639957e-01	1.914478058510639957e-01	1.914478058510639957e-01	1.914478058510639957e-01	2.844036697247709911e-01	1.914478058510639957e-01	1.914478058510639957e-01	3.817427385892119829e-01	1.914478058510639957e-01	1.914478058510639957e-01	2.184466019417480032e-01	1.914478058510639957e-01	1.914478058510639957e-01	2.090032154340840109e-01	1.914478058510639957e-01	1.914478058510639957e-01	1.914478058510639957e-01	1.958762886597940067e-01	1.914478058510639957e-01	3.559322033898310034e-01	1.914478058510639957e-01	1.856540084388189904e-01	2.867647058823529771e-01	2.427184466019420006e-01	1.914478058510639957e-01	1.914478058510639957e-01	1.914478058510639957e-01	1.914478058510639957e-01	1.914478058510639957e-01	1.850649350649349878e-01	1.914478058510639957e-01	1.914478058510639957e-01	2.569169960474310122e-01	1.914478058510639957e-01	1.914478058510639957e-01	1.914478058510639957e-01	1.914478058510639957e-01	1.914478058510639957e-01	1.914478058510639957e-01	1.223628691983120048e-01	2.800000000000000266e-01	1.914478058510639957e-01	1.914478058510639957e-01	1.914478058510639957e-01	1.914478058510639957e-01	1.565217391304349892e-01	1.914478058510639957e-01	1.914478058510639957e-01	1.914478058510639957e-01	1.914478058510639957e-01	1.960784313725489891e-01	1.914478058510639957e-01	1.914478058510639957e-01	1.914478058510639957e-01	1.546052631578949954e-01	1.914478058510639957e-01	1.914478058510639957e-01	1.914478058510639957e-01	1.150793650793650036e-01	1.914478058510639957e-01	1.914478058510639957e-01	2.969924812030079742e-01	1.914478058510639957e-01	1.914478058510639957e-01	1.914478058510639957e-01	1.914478058510639957e-01	1.914478058510639957e-01	1.914478058510639957e-01	1.914478058510639957e-01	6.989247311827960496e-02	1.914478058510639957e-01	1.914478058510639957e-01	2.662721893491120095e-01	2.814814814814809996e-01	1.517509727626460136e-01	1.914478058510639957e-01	1.914478058510639957e-01	1.914478058510639957e-01	1.914478058510639957e-01	2.336065573770489956e-01	1.914478058510639957e-01	1.914478058510639957e-01	1.914478058510639957e-01	1.914478058510639957e-01	2.364341085271320086e-01	1.914478058510639957e-01	1.914478058510639957e-01	1.914478058510639957e-01	3.018018018018019943e-01	1.691729323308270028e-01	3.695652173913039906e-01	1.378091872791520067e-01	1.914478058510639957e-01	2.705882352941180180e-01	1.914478058510639957e-01	1.914478058510639957e-01	2.608695652173910196e-01	1.914478058510639957e-01	1.814814814814809940e-01	1.914478058510639957e-01	1.914478058510639957e-01	1.914478058510639957e-01	1.357615894039740090e-01	2.357414448669200024e-01	1.914478058510639957e-01	1.914478058510639957e-01	1.914478058510639957e-01	1.914478058510639957e-01
2.761904761904759864e-01	1.914478058510639957e-01	1.914478058510639957e-01	2.396166134185299945e-01	1.914478058510639957e-01	1.914478058510639957e-01	8.796296296296300665e-02	3.365853658536590021e-01	2.999999999999999889e-01	1.914478058510639957e-01	1.000000000000000000e+00	1.914478058510639957e-01	2.368421052631579926e-01	1.914478058510639957e-01	1.914478058510639957e-01	1.625615763546799930e-01	3.671875000000000000e-01	1.914478058510639957e-01	1.914478058510639957e-01	1.914478058510639957e-01	1.914478058510639957e-01	3.076923076923079869e-01	2.995594713656389851e-01	1.914478058510639957e-01	2.099644128113880015e-01	1.914478058510639957e-01	1.914478058510639957e-01	1.914478058510639957e-01	1.914478058510639957e-01	1.914478058510639957e-01	1.914478058510639957e-01	7.177033492822970651e-02	1.914478058510639957e-01	1.914478058510639957e-01	1.914478058510639957e-01	3.822222222222220189e-01	1.914478058510639957e-01	1.914478058510639957e-01	3.320312500000000000e-01	1.914478058510639957e-01	1.914478058510639957e-01	1.914478058510639957e-01	1.056603773584910005e-01	1.914478058510639957e-01	2.222222222222219878e-01	1.946308724832210013e-01	1.914478058510639957e-01	1.914478058510639957e-01	4.784688995215309881e-01	3.898305084745760096e-01	1.914478058510639957e-01	1.914478058510639957e-01	1.914478058510639957e-01	1.914478058510639957e-01	1.914478058510639957e-01	1.914478058510639957e-01	1.914478058510639957e-01	1.914478058510639957e-01	1.914478058510639957e-01	2.186046511627910138e-01	1.914478058510639957e-01	1.914478058510639957e-01	1.914478058510639957e-01	7.929515418502200430e-02	1.747572815533980084e-01	2.823129251700680076e-01	3.155555555555559777e-01	1.914478058510639957e-01	1.914478058510639957e-01	1.914478058510639957e-01	1.914478058510639957e-01	1.914478058510639957e-01	2.707423580786029738e-01	2.610837438423649903e-01	1.914478058510639957e-01	4.344827586206900238e-01	2.745901639344259793e-01	1.914478058510639957e-01	1.601423487544479940e-01	1.914478058510639957e-01	1.914478058510639957e-01	1.914478058510639957e-01	1.914478058510639957e-01	1.914478058510639957e-01	1.914478058510639957e-01	6.145251396648040293e-02	1.914478058510639957e-01	1.914478058510639957e-01	1.914478058510639957e-01	1.914478058510639957e-01	1.914478058510639957e-01	1.914478058510639957e-01	1.102661596958170037e-01	1.914478058510639957e-01	1.914478058510639957e-01	1.914478058510639957e-01	1.914478058510639957e-01	1.914478058510639957e-01	2.449799196787149913e-01	1.914478058510639957e-01	1.914478058510639957e-01	4.427083333333329818e-01	1.914478058510639957e-01	1.914478058510639957e-01	3.861386138613859820e-01	1.914478058510639957e-01	1.914478058510639957e-01	1.914478058510639957e-01	2.307692307692310041e-01	1.914478058510639957e-01	1.914478058510639957e-01	1.914478058510639957e-01	3.537117903930129814e-01	1.914478058510639957e-01	2.399999999999999911e-01	1.914478058510639957e-01	3.148148148148149916e-01	1.914478058510639957e-01	1.597222222222219878e-01	1.914478058510639957e-01	2.328244274809160019e-01	1.914478058510639957e-01	1.914478058510639957e-01	1.914478058510639957e-01
1.914478058510639957e-01	1.914478058510639957e-01	1.925675675675679877e-01	2.633228840125390047e-01	1.914478058510639957e-01	1.914478058510639957e-01	1.914478058510639957e-01	1.914478058510639957e-01	1.914478058510639957e-01	1.914478058510639957e-01	1.914478058510639957e-01	1.000000000000000000e+00	1.914478058510639957e-01	1.914478058510639957e-01	1.914478058510639957e-01	1.914478058510639957e-01	1.914478058510639957e-01	1.914478058510639957e-01	1.914478058510639957e-01	1.914478058510639957e-01	1.914478058510639957e-01	4.724770642201829851e-01	1.914478058510639957e-01	1.914478058510639957e-01	1.914478058510639957e-01	1.914478058510639957e-01	2.122641509433960127e-01	1.914478058510639957e-01	1.914478058510639957e-01	1.914478058510639957e-01	1.914478058510639957e-01	1.914478058510639957e-01	1.914478058510639957e-01	1.914478058510639957e-01	1.914478058510639957e-01	1.914478058510639957e-01	1.914478058510639957e-01	1.810699588477369948e-01	1.914478058510639957e-01	1.914478058510639957e-01	1.914478058510639957e-01	1.914478058510639957e-01	1.407407407407409994e-01	1.631944444444440034e-01	1.914478058510639957e-01	1.914478058510639957e-01	1.914478058510639957e-01	1.914478058510639957e-01	2.272727272727269876e-01	1.914478058510639957e-01	1.878980891719750079e-01	3.076923076923079869e-01	1.914478058510639957e-01	1.914478058510639957e-01	1.647509578544059938e-01	1.914478058510639957e-01	2.684824902723739748e-01	1.914478058510639957e-01	1.914478058510639957e-01	1.914478058510639957e-01	1.914478058510639957e-01	1.914478058510639957e-01	1.914478058510639957e-01	8.333333333333330095e-02	1.914478058510639957e-01	1.914478058510639957e-01	1.914478058510639957e-01	9.478672985781989857e-02	2.280285035629449897e-01	1.914478058510639957e-01	1.914478058510639957e-01	8.560311284046689950e-02	1.914478058510639957e-01	1.291666666666670127e-01	1.914478058510639957e-01	1.914478058510639957e-01	1.914478058510639957e-01	2.671480144404330126e-01	1.914478058510639957e-01	1.914478058510639957e-01	2.269129287598939948e-01	1.212121212121210038e-02	1.406844106463880084e-01	1.914478058510639957e-01	2.635658914728680191e-01	1.914478058510639957e-01	1.914478058510639957e-01	1.914478058510639957e-01	1.914478058510639957e-01	2.222222222222219878e-01	2.742616033755270188e-01	1.914478058510639957e-01	1.286764705882350035e-01	1.914478058510639957e-01	1.842105263157889916e-01	1.914478058510639957e-01	1.914478058510639957e-01	1.914478058510639957e-01	1.914478058510639957e-01	1.284722222222219878e-01	1.914478058510639957e-01	1.914478058510639957e-01	1.914478058510639957e-01	3.907563025210080143e-01	1.914478058510639957e-01	1.914478058510639957e-01	1.914478058510639957e-01	1.914478058510639957e-01	2.050359712230220011e-01	1.914478058510639957e-01	1.791666666666670016e-01	1.914478058510639957e-01	1.914478058510639957e-01	1.914478058510639957e-01	1.914478058510639957e-01	1.914478058510639957e-01	1.914478058510639957e-01	1.914478058510639957e-01	1.711409395973149949e-01	1.914478058510639957e-01	1.914478058510639957e-01	1.914478058510639957e-01	1.914478058510639957e-01	1.914478058510639957e-01
