1.000000000000000000e+00	7.826324364430453651e-01	7.129314110581740360e-01	7.826324364430453651e-01	7.826324364430453651e-01	8.063465959714080089e-01	7.826324364430453651e-01	8.471002149769489842e-01	8.912093790823839567e-01	7.826324364430453651e-01	9.225132488705030109e-01	7.826324364430453651e-01	7.826324364430453651e-01	4.199623450072699771e-01	9.211983569214829970e-01	8.524068744724659918e-01	8.591066963452780314e-01	5.265442329717650027e-01	9.270091101042320370e-01	9.093282926205690231e-01	6.410509725250299606e-01	9.561177835345620046e-01	7.826324364430453651e-01	7.826324364430453651e-01	8.872257310331640445e-01	7.826324364430453651e-01	9.428042224410649874e-01	7.826324364430453651e-01	9.353791942996559916e-01	7.826324364430453651e-01	8.234323131038420174e-01	7.826324364430453651e-01	7.826324364430453651e-01	7.826324364430453651e-01	7.826324364430453651e-01	9.197031969497639903e-01	9.036906102313869704e-01	7.826324364430453651e-01	9.529099672367059570e-01	8.891451474881040262e-01	9.459481561053070253e-01	7.826324364430453651e-01	8.909152915045830401e-01	9.396707378895160501e-01	7.826324364430453651e-01	6.307962168653169499e-01	7.048971310846160465e-01	9.441282771009029684e-01	8.750271489452090545e-01	7.419209905609740474e-01	7.826324364430453651e-01	8.967846392958539470e-01	8.429072283123260068e-01	9.353362437748780067e-01	9.283029899183600220e-01	7.627467522978099712e-01	7.826324364430453651e-01	9.483020982489860362e-01	9.253212641190680099e-01	7.826324364430453651e-01	7.826324364430453651e-01	7.826324364430453651e-01	9.287933250409600161e-01	4.586178369365039864e-01	8.457762928103980116e-01	7.826324364430453651e-01	8.133377081373539541e-01	7.826324364430453651e-01	7.826324364430453651e-01	7.826324364430453651e-01	7.826324364430453651e-01	9.396599508080499819e-01	9.249920278202260482e-01	8.986679931770660268e-01	5.429284510988340307e-01	7.826324364430453651e-01	7.826324364430453651e-01	9.169385455860580292e-01	7.674038383571279986e-01	9.424579463717099870e-01	9.122349204494479835e-01	9.523713675590970151e-01	7.826324364430453651e-01	6.549480594676829748e-01	9.394388429253890394e-01	9.453429490393150392e-01	9.490835069363849907e-01	9.009559931899829843e-01	7.826324364430453651e-01	7.735909407795390491e-01	6.969333905336430046e-01	7.826324364430453651e-01	9.211428393935630066e-01	9.153872471148469803e-01	9.380702117223029823e-01	9.347753836489159918e-01	7.826324364430453651e-01	9.529400503076049800e-01	7.826324364430453651e-01	9.096650069247079751e-01	7.826324364430453651e-01	6.097393852337430475e-01	7.826324364430453651e-01	7.583246520780889677e-01	7.826324364430453651e-01	7.826324364430453651e-01	7.826324364430453651e-01	7.870768793974810551e-01	7.840490790057850212e-01	9.023507517880530182e-01	9.285747741435289582e-01	8.285550358753609457e-01	7.905450604771729894e-01	7.303816588403410082e-01	6.731952989304510471e-01	7.826324364430453651e-01	9.195052572177659922e-01	9.467901190752869844e-01	9.406798772800429864e-01	9.268042782486199949e-01	7.064829234281500003e-01	9.195712323945519628e-01	7.826324364430453651e-01	9.308641112044639954e-01
7.826324364430453651e-01	1.000000000000000000e+00	8.483945561440570104e-01	7.826324364430453651e-01	7.601527980063740308e-01	7.826324364430453651e-01	7.852177838477539806e-01	7.800853440636840164e-01	7.460825435716980092e-01	7.826324364430453651e-01	7.518366166414409690e-01	7.936594434260489939e-01	7.178135840249529886e-01	6.539507240026539714e-01	6.312942565178969456e-01	7.106720556092429586e-01	7.536037015131079597e-01	6.974816464911329783e-01	7.826324364430453651e-01	7.826324364430453651e-01	7.214609064705890251e-01	6.106482637605380459e-01	7.935091265468370292e-01	7.738996030596410058e-01	7.826324364430453651e-01	6.437278909241980207e-01	7.826324364430453651e-01	7.255451753450270491e-01	7.826324364430453651e-01	7.137277731054060270e-01	6.789559771089550555e-01	5.932768423731129559e-01	7.826324364430453651e-01	7.826324364430453651e-01	6.608844294140370224e-01	5.566183945353799789e-01	7.430141047204049665e-01	6.991470617693069656e-01	6.095224353524030247e-01	7.826324364430453651e-01	6.501444524813400072e-01	7.826324364430453651e-01	7.053403079714050117e-01	6.232151833849890465e-01	6.054184979038680359e-01	7.932814279442580441e-01	7.966054654070200414e-01	6.276360664938730460e-01	7.374460632405579474e-01	8.144729302523869841e-01	6.216021850907219592e-01	7.826324364430453651e-01	7.661538984545329667e-01	6.175728647418879946e-01	7.826324364430453651e-01	7.826324364430453651e-01	6.307509600211950174e-01	6.127549079048949521e-01	6.115532317022179809e-01	6.163794294060369605e-01	6.085296511423250454e-01	7.761772879848890527e-01	6.107481653187749604e-01	7.826324364430453651e-01	7.826324364430453651e-01	8.519495306946830437e-01	6.701746194513370503e-01	7.888452858720980121e-01	6.675562957250229523e-01	6.342015712378390457e-01	6.057504526227830421e-01	6.381360664964710327e-01	5.866330810174059662e-01	7.058890998155770147e-01	7.826324364430453651e-01	7.736175830269480524e-01	6.160275061558160292e-01	7.826324364430453651e-01	7.508835109209279768e-01	7.826324364430453651e-01	7.826324364430453651e-01	7.826324364430453651e-01	6.384731337361549963e-01	7.826324364430453651e-01	6.385720894321039731e-01	7.826324364430453651e-01	5.988827819331680180e-01	7.826324364430453651e-01	1.000000000000000021e-03	8.298115145744220378e-01	7.451709488950070126e-01	7.565247852868349776e-01	7.068155205467600011e-01	6.381598751865720232e-01	6.004195936987990478e-01	7.826324364430453651e-01	7.826324364430453651e-01	7.826324364430453651e-01	7.826324364430453651e-01	6.534666912904559810e-01	7.826324364430453651e-01	8.013634815890170460e-01	6.315787681935129960e-01	7.894431893133200262e-01	6.294001824693209457e-01	7.096468887669740155e-01	7.826324364430453651e-01	6.171405532920739567e-01	7.862189832534870471e-01	5.833977503429730316e-01	6.111479350165980318e-01	7.034057349120209635e-01	7.939897850612960273e-01	7.955567909044249930e-01	7.826324364430453651e-01	6.857099100712350515e-01	7.826324364430453651e-01	7.358921370413950003e-01	7.019739010915839739e-01	5.989051260934660226e-01	7.826324364430453651e-01	6.309863310728940355e-01	5.547158909061840060e-01	7.826324364430453651e-01
7.129314110581740360e-01	8.483945561440570104e-01	1.000000000000000000e+00	7.441237783398619854e-01	8.190085310692459819e-01	7.797921180236220273e-01	7.826324364430453651e-01	7.865123687585170442e-01	8.109114119917889552e-01	8.512651966071239640e-01	7.910080324412229746e-01	7.826324364430453651e-01	7.495722740703749665e-01	6.980984491207540277e-01	6.527600473502109812e-01	7.826324364430453651e-01	7.826324364430453651e-01	7.658988794926610000e-01	6.923541618900159733e-01	6.402493348411809615e-01	7.826324364430453651e-01	6.565514831119959593e-01	7.826324364430453651e-01	7.826324364430453651e-01	7.826324364430453651e-01	6.792522218779950549e-01	6.967014120367559515e-01	7.695365098751879573e-01	6.227181559729479954e-01	7.564422853086669729e-01	7.826324364430453651e-01	6.293965698153060062e-01	6.127197376846860166e-01	8.084389883649459874e-01	7.826324364430453651e-01	5.805583578792780086e-01	7.826324364430453651e-01	7.826324364430453651e-01	6.348954131115269739e-01	7.848054984682230062e-01	6.347296233795559628e-01	8.257230616211540530e-01	7.128147951386759607e-01	7.826324364430453651e-01	6.326182336028699504e-01	8.662195710987149466e-01	8.909459743685690380e-01	6.323096623635660052e-01	8.094163662211200094e-01	8.754667304362430125e-01	7.826324364430453651e-01	6.925409656011489723e-01	7.826324364430453651e-01	6.418794034510669766e-01	6.079309185733400289e-01	7.826324364430453651e-01	6.256901160070800216e-01	6.590093716418680136e-01	6.051718222449310458e-01	7.826324364430453651e-01	7.826324364430453651e-01	8.665701661127109823e-01	6.106763046533799644e-01	7.739684582041790328e-01	8.220274148284150151e-01	8.234228603976070371e-01	7.826324364430453651e-01	8.484213396959779940e-01	6.598856294702950542e-01	6.074704877365669775e-01	7.826324364430453651e-01	6.353857480926129453e-01	6.200947919485100268e-01	6.810402249960110233e-01	7.826324364430453651e-01	7.826324364430453651e-01	6.237967436133660115e-01	7.826324364430453651e-01	8.490424681803200313e-01	6.722203350342179640e-01	7.826324364430453651e-01	6.331758585221339830e-01	6.232169719692549625e-01	7.826324364430453651e-01	6.291076246687199447e-01	7.826324364430453651e-01	6.517772669451209477e-01	7.826324364430453651e-01	1.000000000000000021e-03	8.217420062485329968e-01	8.185244723682170154e-01	8.549058021556700249e-01	7.417698285996630059e-01	7.826324364430453651e-01	6.485734280305059940e-01	6.073920400011170173e-01	7.826324364430453651e-01	6.353201051120249687e-01	6.562142881885549839e-01	7.086760788399749655e-01	7.422510990653420349e-01	8.574637321859019945e-01	6.390340855068330495e-01	7.826324364430453651e-01	7.826324364430453651e-01	7.826324364430453651e-01	7.826324364430453651e-01	6.633528275635629523e-01	7.826324364430453651e-01	7.826324364430453651e-01	6.076657794265469814e-01	7.212621620396869604e-01	7.826324364430453651e-01	7.826324364430453651e-01	8.581555121303610090e-01	6.686991119333109967e-01	7.826324364430453651e-01	7.826324364430453651e-01	7.826324364430453651e-01	6.266317625899400223e-01	8.174774417822410211e-01	7.826324364430453651e-01	6.044757666151610032e-01	7.826324364430453651e-01
7.826324364430453651e-01	7.826324364430453651e-01	7.441237783398619854e-01	1.000000000000000000e+00	8.485698820121070352e-01	8.040103757947789642e-01	7.826324364430453651e-01	8.143864481820199952e-01	7.826324364430453651e-01	8.212940439706909457e-01	8.454802121315190266e-01	7.011162001884809758e-01	7.826324364430453651e-01	5.166289656638739514e-01	7.826324364430453651e-01	8.305882462068280292e-01	7.826324364430453651e-01	7.826324364430453651e-01	8.119640143041260139e-01	7.983082147263209638e-01	7.196535224716680279e-01	8.121667737105600082e-01	7.826324364430453651e-01	8.126400759163879828e-01	7.826324364430453651e-01	8.180477429405440537e-01	8.462011797459899620e-01	7.826324364430453651e-01	8.092607425027009693e-01	7.826324364430453651e-01	8.249579823827839498e-01	7.826324364430453651e-01	7.839185804050590178e-01	7.826324364430453651e-01	8.246029235104700428e-01	7.854386595965170415e-01	8.270274612428749617e-01	8.097881260304370388e-01	8.115446727756130407e-01	8.270464495243240455e-01	7.826324364430453651e-01	7.477738661017719890e-01	8.190273352386669981e-01	7.906902774054089811e-01	7.994729351477789514e-01	7.826324364430453651e-01	7.537421326033909574e-01	7.826324364430453651e-01	8.597011049710769903e-01	7.956526906399500332e-01	7.826324364430453651e-01	8.087638760827320361e-01	7.826324364430453651e-01	7.973282319930730111e-01	7.795482200625669655e-01	7.909762511921519801e-01	7.971612055368529903e-01	7.826324364430453651e-01	7.826324364430453651e-01	7.826324364430453651e-01	7.927647945873239621e-01	7.826324364430453651e-01	7.826324364430453651e-01	5.039572665442859645e-01	7.826324364430453651e-01	7.055792128437140542e-01	7.851073692669080506e-01	7.826324364430453651e-01	7.826324364430453651e-01	7.669612851164210321e-01	7.826324364430453651e-01	8.112396214981569820e-01	7.886053460127470105e-01	7.826324364430453651e-01	6.099826708502019690e-01	7.826324364430453651e-01	7.826324364430453651e-01	7.984136116305140529e-01	7.826324364430453651e-01	7.826324364430453651e-01	7.826324364430453651e-01	8.141550953633499565e-01	7.826324364430453651e-01	7.179351385724099810e-01	7.970239497159119502e-01	8.177167790196739894e-01	8.058399551768340441e-01	7.826324364430453651e-01	1.000000000000000021e-03	7.826324364430453651e-01	7.690971412382759942e-01	7.826324364430453651e-01	8.283172807979249930e-01	7.874587180963279476e-01	7.826324364430453651e-01	8.020030961779579526e-01	8.148072581132990155e-01	7.826324364430453651e-01	7.826324364430453651e-01	7.826324364430453651e-01	8.560179680235889821e-01	7.006254069909549909e-01	7.948972227237780519e-01	7.826324364430453651e-01	7.826324364430453651e-01	8.196975155071339891e-01	7.826324364430453651e-01	7.826324364430453651e-01	7.760547812113589572e-01	7.679127597072570310e-01	7.826324364430453651e-01	8.258462985655780075e-01	7.888384941176329601e-01	7.826324364430453651e-01	7.298913263700039789e-01	8.231960279991860086e-01	7.826324364430453651e-01	8.200316345413229957e-01	8.628377902147950085e-01	8.193870480762469599e-01	7.826324364430453651e-01	7.847536964957230188e-01	7.775328338785589821e-01	7.826324364430453651e-01
7.826324364430453651e-01	7.601527980063740308e-01	8.190085310692459819e-01	8.485698820121070352e-01	1.000000000000000000e+00	8.433693995756990081e-01	8.902788604675959672e-01	8.748312923143829467e-01	9.203527384079039919e-01	8.465582497197630119e-01	7.826324364430453651e-01	7.369467581938230483e-01	8.874498313138540206e-01	5.537869452341359633e-01	8.527567735991079534e-01	9.077325547837850062e-01	8.768975251187830500e-01	6.360370748843180433e-01	8.636107358713329685e-01	8.340542459232309636e-01	7.826324364430453651e-01	7.826324364430453651e-01	8.359306003286499642e-01	8.525977107399760335e-01	9.031228065956989903e-01	8.918336777396409509e-01	8.984874735413379554e-01	8.578083214981979676e-01	8.393225361127359951e-01	7.826324364430453651e-01	8.090679964030680349e-01	8.556790093698140032e-01	8.290711991406369830e-01	8.519006314492999499e-01	8.654964510535330113e-01	8.229054903059529469e-01	8.935245466379140300e-01	8.909894435681039448e-01	8.594766119083999678e-01	9.061422177906820474e-01	7.826324364430453651e-01	7.896969822097610336e-01	9.008758407567980520e-01	8.410128003143010345e-01	8.379506460080949903e-01	7.725149175283350100e-01	8.152212665802840430e-01	8.574415847518119804e-01	7.826324364430453651e-01	7.826324364430453651e-01	8.649104465069179515e-01	8.534545534397549593e-01	7.826324364430453651e-01	8.497737897759259917e-01	8.312488011460630322e-01	8.303213116718070053e-01	8.442969255420540442e-01	8.654095185310870519e-01	8.280320647591780103e-01	8.688512483220639515e-01	8.393321713436150411e-01	7.826324364430453651e-01	8.355492369201039660e-01	5.530388775646010169e-01	7.826324364430453651e-01	7.454960848435719933e-01	8.419860618988359580e-01	8.391033644894639876e-01	8.738175567463299931e-01	8.184516533531069893e-01	8.523359334201809911e-01	8.601008970806970355e-01	8.497079450450489846e-01	8.353550243456879798e-01	6.639718426841459964e-01	7.931243540051889918e-01	8.486307675236810510e-01	8.805138107302580286e-01	8.377486623952810074e-01	7.826324364430453651e-01	8.718786799223290362e-01	7.826324364430453651e-01	8.459947794390220155e-01	7.826324364430453651e-01	8.435461078764999732e-01	8.640024275503439544e-01	8.566397409924539907e-01	7.826324364430453651e-01	1.000000000000000021e-03	8.317403847559590169e-01	7.958194010222120474e-01	7.826324364430453651e-01	8.967640498850170117e-01	8.340542459232309636e-01	8.678917659334299817e-01	8.446944025586580196e-01	8.645084188224739785e-01	8.698966696481189587e-01	7.826324364430453651e-01	8.807185223187530276e-01	9.141953231074350095e-01	7.826324364430453651e-01	8.632340861457250547e-01	7.826324364430453651e-01	7.826324364430453651e-01	8.669009992621520277e-01	7.826324364430453651e-01	7.826324364430453651e-01	8.245981904246759697e-01	7.826324364430453651e-01	8.397321309846159654e-01	7.826324364430453651e-01	8.410586608163640454e-01	7.688080455503949473e-01	7.822801989907790521e-01	8.637272331923450119e-01	7.826324364430453651e-01	9.187692953431400023e-01	8.935142892980939555e-01	8.559491829478249603e-01	7.999732770563430240e-01	8.395176710981659962e-01	7.826324364430453651e-01	8.725295018913009626e-01
8.063465959714080089e-01	7.826324364430453651e-01	7.797921180236220273e-01	8.040103757947789642e-01	8.433693995756990081e-01	1.000000000000000000e+00	7.782360622282480378e-01	7.868713506408050451e-01	7.826324364430453651e-01	8.218646490311569686e-01	8.443793139424660144e-01	7.826324364430453651e-01	8.257301709449680338e-01	5.823388751017459786e-01	7.826324364430453651e-01	7.826324364430453651e-01	8.258107475595419800e-01	7.826324364430453651e-01	7.767165475735759994e-01	7.826324364430453651e-01	7.036621594203430474e-01	7.763577422646980031e-01	7.867607035411749994e-01	7.826324364430453651e-01	8.082765934506990213e-01	7.903136761205169503e-01	8.018650066766139783e-01	8.162794632927480309e-01	7.826324364430453651e-01	8.110906305098229963e-01	8.034014395508880524e-01	7.593896274625370202e-01	7.826324364430453651e-01	8.413049020532600286e-01	7.813221341732340397e-01	7.182648816334049613e-01	7.826324364430453651e-01	8.023760566265240035e-01	7.826324364430453651e-01	7.826324364430453651e-01	7.826324364430453651e-01	7.826324364430453651e-01	7.826324364430453651e-01	7.507520686222800554e-01	7.561991798100979878e-01	7.351870816212120463e-01	7.826324364430453651e-01	7.826324364430453651e-01	8.666074718044769476e-01	7.826324364430453651e-01	7.826324364430453651e-01	7.826324364430453651e-01	7.826324364430453651e-01	7.826324364430453651e-01	7.474777690191749535e-01	7.826324364430453651e-01	7.826324364430453651e-01	7.804234742387079482e-01	7.369023448903080364e-01	7.684683315629480260e-01	7.826324364430453651e-01	7.826324364430453651e-01	7.368071825386039997e-01	5.780512181500040425e-01	7.826324364430453651e-01	7.540147431287109736e-01	7.671153791643450237e-01	8.312678863481030023e-01	7.826324364430453651e-01	7.384075423082480105e-01	7.826324364430453651e-01	7.826324364430453651e-01	7.539260257092650352e-01	7.826324364430453651e-01	7.826324364430453651e-01	7.698877435948050518e-01	7.826324364430453651e-01	7.826324364430453651e-01	7.879515410307970091e-01	7.826324364430453651e-01	7.568201220998760359e-01	7.713828297095030040e-01	7.412080317039300148e-01	7.695740555143839590e-01	7.654989345931629829e-01	7.826324364430453651e-01	7.681640400633950039e-01	7.826324364430453651e-01	1.000000000000000021e-03	7.826324364430453651e-01	7.424513654427690179e-01	7.719386966915650072e-01	8.179280171257019560e-01	7.547031986805510240e-01	7.826324364430453651e-01	7.501361049409069892e-01	7.826324364430453651e-01	7.826324364430453651e-01	7.768101762275489985e-01	7.826324364430453651e-01	7.826324364430453651e-01	7.826324364430453651e-01	7.826324364430453651e-01	7.954928641690269808e-01	7.826324364430453651e-01	7.939692770960350421e-01	7.235821810141559451e-01	7.432636369190369630e-01	7.826324364430453651e-01	7.271148134874400037e-01	7.335031767049029483e-01	7.826324364430453651e-01	7.749308497246389926e-01	7.826324364430453651e-01	7.826324364430453651e-01	7.826324364430453651e-01	7.826324364430453651e-01	7.826324364430453651e-01	7.826324364430453651e-01	7.701573523715860015e-01	7.891441809667280038e-01	7.533506978960929912e-01	7.247106688703569555e-01	7.773811092681770507e-01
7.826324364430453651e-01	7.852177838477539806e-01	7.826324364430453651e-01	7.826324364430453651e-01	8.902788604675959672e-01	7.782360622282480378e-01	1.000000000000000000e+00	9.079305659239940152e-01	8.624590023994169741e-01	7.826324364430453651e-01	8.509110253792729894e-01	7.826324364430453651e-01	7.826324364430453651e-01	7.826324364430453651e-01	7.900392785762320180e-01	8.457544472512259492e-01	8.287619383049179556e-01	7.826324364430453651e-01	7.826324364430453651e-01	7.826324364430453651e-01	7.343393777300869507e-01	7.956915104860069476e-01	7.896539223118379525e-01	8.177191258100019455e-01	8.656852488863500117e-01	8.117123833923129972e-01	8.151861729602980500e-01	8.066081379354890224e-01	7.710065734729639741e-01	7.826324364430453651e-01	7.841593447526240546e-01	7.799599820370609615e-01	7.855874476623030400e-01	7.826324364430453651e-01	8.291045110362059711e-01	7.276909890646739987e-01	7.826324364430453651e-01	7.826324364430453651e-01	7.854341513071859682e-01	8.527861422948149750e-01	7.826324364430453651e-01	7.826324364430453651e-01	8.219165418722950145e-01	8.038627125182999933e-01	7.718567309758159745e-01	7.533225916268010414e-01	7.826324364430453651e-01	8.106950060593249852e-01	8.269989796381139735e-01	7.826324364430453651e-01	7.800607177897590505e-01	7.926624182511310401e-01	8.253700422094220057e-01	7.859257071873659850e-01	7.939783916818660137e-01	7.826324364430453651e-01	8.072936412309470455e-01	7.826324364430453651e-01	7.790114658955910043e-01	7.826324364430453651e-01	7.826324364430453651e-01	7.826324364430453651e-01	7.923303549374429711e-01	5.558872413155480086e-01	8.243946934335729670e-01	8.088358331600640216e-01	7.826324364430453651e-01	8.258391882419360286e-01	7.826324364430453651e-01	8.023576347562659805e-01	7.755716249151110020e-01	7.826324364430453651e-01	7.777694048322629783e-01	8.219189007156509907e-01	6.523817356158050362e-01	7.740106627723629673e-01	7.931061445461360382e-01	7.994431081340529488e-01	7.826324364430453651e-01	7.826324364430453651e-01	8.083670665924189702e-01	7.822599934724630000e-01	7.826324364430453651e-01	7.694172594065979975e-01	8.072102380998910087e-01	7.826324364430453651e-01	7.789287491816180298e-01	7.744061647294570028e-01	1.000000000000000021e-03	8.496567360039040118e-01	7.976990184607010148e-01	7.687264122523139731e-01	8.263678891886190314e-01	8.080052347759989484e-01	7.901753315640950293e-01	7.826324364430453651e-01	7.826324364430453651e-01	7.895632775696860284e-01	7.947900090186079680e-01	7.826324364430453651e-01	8.513800285687429525e-01	7.826324364430453651e-01	8.290331300417109750e-01	7.826324364430453651e-01	8.118964390846890034e-01	8.423751983143870081e-01	7.926100976737749937e-01	7.826324364430453651e-01	8.491618743557219906e-01	7.660703484094769644e-01	7.758454507596259653e-01	7.826324364430453651e-01	7.826324364430453651e-01	7.871604613851479471e-01	7.899780623745720209e-01	8.324209676502879462e-01	8.223601234425159667e-01	8.589711005334490501e-01	7.826324364430453651e-01	7.710884489080109816e-01	8.018857185859730174e-01	8.002396416641289756e-01	7.495077403310730357e-01	7.801995305831670446e-01
8.471002149769489842e-01	7.800853440636840164e-01	7.865123687585170442e-01	8.143864481820199952e-01	8.748312923143829467e-01	7.868713506408050451e-01	9.079305659239940152e-01	1.000000000000000000e+00	8.950362258970080420e-01	8.684573584516029898e-01	8.701313760095990002e-01	7.826324364430453651e-01	7.826324364430453651e-01	7.826324364430453651e-01	7.826324364430453651e-01	8.509769633380660503e-01	8.347702617009830073e-01	6.387938791809689709e-01	8.319003313895180218e-01	7.826324364430453651e-01	7.440703907434510489e-01	8.255287638034569664e-01	7.887004077920960476e-01	8.274334307076559591e-01	8.862154364903970238e-01	7.826324364430453651e-01	8.284860798780769864e-01	7.826324364430453651e-01	8.034936729644750475e-01	7.826324364430453651e-01	8.144472184073470178e-01	8.110720085603769780e-01	8.248301435802010140e-01	8.146459219454460499e-01	8.503715030013729859e-01	7.731869791609150555e-01	7.826324364430453651e-01	8.428370778624110216e-01	7.826324364430453651e-01	7.826324364430453651e-01	7.826324364430453651e-01	8.131533257114670343e-01	8.391611624372420364e-01	8.351944134901210237e-01	8.016602177064949819e-01	7.209124220480499501e-01	7.826324364430453651e-01	8.371550164126170257e-01	8.449659578040950025e-01	7.826324364430453651e-01	8.014853831324360023e-01	8.097160842335500153e-01	8.397080316364280428e-01	8.074094932090629673e-01	8.299020164318220427e-01	7.977654120099539892e-01	7.826324364430453651e-01	7.826324364430453651e-01	8.156237814224259752e-01	8.336785237124589854e-01	8.025672084902020220e-01	7.470059726191059513e-01	8.223388826996740342e-01	5.444107272954430421e-01	8.473287706390210117e-01	7.919097895823810074e-01	8.384726624377299986e-01	8.231062574382479458e-01	8.734590160587439867e-01	7.826324364430453651e-01	8.176252594500470483e-01	7.826324364430453651e-01	7.826324364430453651e-01	7.826324364430453651e-01	6.097446349777959629e-01	7.589974381517949897e-01	7.826324364430453651e-01	8.127566951432489972e-01	8.176839246622490398e-01	8.210348090127309595e-01	8.403372512276560125e-01	8.109137392511870379e-01	8.420682247999550230e-01	7.826324364430453651e-01	8.463226152132720115e-01	8.118195499862760345e-01	8.118148902749530160e-01	8.014646815633430510e-01	1.000000000000000021e-03	8.594642788238510134e-01	7.730405397091859587e-01	7.557175408706340303e-01	8.407907743025969660e-01	7.826324364430453651e-01	8.191660293220679456e-01	7.816563138333539884e-01	8.229149370728989776e-01	7.826324364430453651e-01	7.826324364430453651e-01	8.324520250593460124e-01	8.612222930035530188e-01	7.826324364430453651e-01	8.451454261279499613e-01	8.276448036015250365e-01	8.299591805851750381e-01	7.826324364430453651e-01	7.859166850434510243e-01	7.426964456718100349e-01	7.826324364430453651e-01	7.826324364430453651e-01	7.826324364430453651e-01	7.826324364430453651e-01	8.665726531088659979e-01	7.965163086338830079e-01	7.574893994117729568e-01	8.545476637514519691e-01	8.508743953876489741e-01	7.826324364430453651e-01	8.616895605451290185e-01	7.826324364430453651e-01	7.826324364430453651e-01	8.324042449099630092e-01	7.826324364430453651e-01	8.090099493456850421e-01
8.912093790823839567e-01	7.460825435716980092e-01	8.109114119917889552e-01	7.826324364430453651e-01	9.203527384079039919e-01	7.826324364430453651e-01	8.624590023994169741e-01	8.950362258970080420e-01	1.000000000000000000e+00	8.675232079602609447e-01	7.826324364430453651e-01	7.469116490799789787e-01	7.826324364430453651e-01	7.826324364430453651e-01	7.826324364430453651e-01	8.765603613541379513e-01	8.821984087029800525e-01	6.545553298438959722e-01	8.887905206508760481e-01	7.826324364430453651e-01	7.643837095461010200e-01	8.778971971485339809e-01	7.826324364430453651e-01	8.759165879636660046e-01	7.826324364430453651e-01	8.792537353184629589e-01	8.890328762075749847e-01	8.844064037745960061e-01	7.826324364430453651e-01	8.846094815884339990e-01	8.522845659990120337e-01	7.826324364430453651e-01	8.363217384722020364e-01	8.794859181707199713e-01	8.659834345822869928e-01	8.283267896909880523e-01	8.830824650939960163e-01	7.826324364430453651e-01	8.709333507327750024e-01	7.826324364430453651e-01	8.535598820637040340e-01	7.826324364430453651e-01	8.913449477741399729e-01	7.826324364430453651e-01	8.553868267095879885e-01	7.442626040184210368e-01	8.256424935623369876e-01	8.583328551590220235e-01	9.035324190215010542e-01	7.826324364430453651e-01	8.745300600190419882e-01	7.826324364430453651e-01	8.677722164649339653e-01	8.571315807326860270e-01	7.826324364430453651e-01	7.826324364430453651e-01	8.522723361169339817e-01	7.826324364430453651e-01	8.359689861585599679e-01	8.852418597731760430e-01	8.466189908952439502e-01	7.680780664791979628e-01	7.826324364430453651e-01	7.826324364430453651e-01	9.006974625521220190e-01	7.497874266673290045e-01	8.638933310105999519e-01	8.431927282922270228e-01	8.624169251304479866e-01	8.310150429790590376e-01	8.581284212833489855e-01	7.826324364430453651e-01	8.579954422563179639e-01	8.494104880137309799e-01	6.498702279224599643e-01	7.877525662208579860e-01	7.826324364430453651e-01	8.770082638897249705e-01	7.826324364430453651e-01	8.671348973633850044e-01	8.924097505403669750e-01	7.826324364430453651e-01	8.356427627813479697e-01	7.826324364430453651e-01	8.561064141004649519e-01	8.688911458640630192e-01	8.673265417636779606e-01	8.195634355970630169e-01	1.000000000000000021e-03	8.339967997187269777e-01	7.999365440690510143e-01	7.976326304370110476e-01	9.021021767300979599e-01	8.373208103834800520e-01	8.704260970441529688e-01	8.460093472208920495e-01	8.743794827700589467e-01	8.697468901798039997e-01	7.826324364430453651e-01	8.973227051826480061e-01	9.026304806022159566e-01	7.376280974726630024e-01	7.826324364430453651e-01	7.826324364430453651e-01	8.874243625224440546e-01	7.826324364430453651e-01	7.826324364430453651e-01	7.756050131358379618e-01	7.826324364430453651e-01	8.254150497105080531e-01	7.826324364430453651e-01	8.597455171381519490e-01	8.292330123145980059e-01	7.861219644439479959e-01	7.826324364430453651e-01	8.580988686074410010e-01	7.826324364430453651e-01	8.915982350989369865e-01	9.044274717333530278e-01	8.635785159822779722e-01	7.826324364430453651e-01	7.826324364430453651e-01	8.361777399609999772e-01	7.826324364430453651e-01
7.826324364430453651e-01	7.826324364430453651e-01	8.512651966071239640e-01	8.212940439706909457e-01	8.465582497197630119e-01	8.218646490311569686e-01	7.826324364430453651e-01	8.684573584516029898e-01	8.675232079602609447e-01	1.000000000000000000e+00	8.395923643921759938e-01	7.977677015412459882e-01	8.145383822480569691e-01	7.826324364430453651e-01	7.826324364430453651e-01	8.234417659185929717e-01	8.493787979124509668e-01	7.206724619854020242e-01	7.730494140378949552e-01	7.662330595342450312e-01	7.826324364430453651e-01	7.480400243957260331e-01	8.596863014252159596e-01	8.603946899710299689e-01	8.552837272399089752e-01	7.752511711166809594e-01	7.826324364430453651e-01	7.826324364430453651e-01	7.826324364430453651e-01	8.228771506557860382e-01	8.275640480330830329e-01	7.291627227080920148e-01	7.237898735752880119e-01	8.230802730503620213e-01	7.826324364430453651e-01	6.877852820363159481e-01	7.826324364430453651e-01	8.264414125244969878e-01	7.348242627348039457e-01	7.826324364430453651e-01	7.536383069019929604e-01	8.408945400332139553e-01	7.826324364430453651e-01	7.383863508594390446e-01	7.826324364430453651e-01	7.867042569335880309e-01	8.757909061748919699e-01	7.464166458650010050e-01	7.826324364430453651e-01	7.826324364430453651e-01	7.826324364430453651e-01	7.708738209764079974e-01	8.580249913702520104e-01	7.826324364430453651e-01	7.306101740146410117e-01	8.448253200836930432e-01	7.826324364430453651e-01	7.542744638657989942e-01	7.826324364430453651e-01	7.618738303995530314e-01	7.274216328036929857e-01	8.311390697374559933e-01	7.274007566378759559e-01	6.476155367249469830e-01	8.715559523019760224e-01	7.826324364430453651e-01	8.034636959436659565e-01	7.826324364430453651e-01	7.635330179785370097e-01	7.826324364430453651e-01	7.280293916955280498e-01	7.498024896616749535e-01	7.179578035611470233e-01	7.773409518273789454e-01	7.826324364430453651e-01	7.826324364430453651e-01	7.826324364430453651e-01	7.826324364430453651e-01	8.419184043528219474e-01	7.826324364430453651e-01	7.869187755898030545e-01	7.372640739314459957e-01	7.313171365638290178e-01	7.826324364430453651e-01	7.826324364430453651e-01	7.373508306739640084e-01	7.484845481223429964e-01	7.150830149781389755e-01	1.000000000000000021e-03	8.673215634513089523e-01	8.244183532939199921e-01	8.331834034256200283e-01	7.900370112249139876e-01	7.402556528899220112e-01	7.314346802846030116e-01	7.826324364430453651e-01	8.229598106968849525e-01	7.316404272582479607e-01	7.478103499429109569e-01	7.795347967021000191e-01	8.023760566265240035e-01	7.959655868054440475e-01	7.826324364430453651e-01	7.826324364430453651e-01	7.544021926984010307e-01	7.789622819259489628e-01	7.983127969110920263e-01	7.195936297377010238e-01	7.826324364430453651e-01	7.161530294932100249e-01	7.826324364430453651e-01	7.826324364430453651e-01	8.345858109336159458e-01	8.351153180016299693e-01	8.371141736633419539e-01	7.726656923844239522e-01	7.826324364430453651e-01	7.793558406479089706e-01	7.826324364430453651e-01	7.356957513181769936e-01	8.347558874495359937e-01	7.402195376240070512e-01	6.876451499016069668e-01	7.826324364430453651e-01
9.225132488705030109e-01	7.518366166414409690e-01	7.910080324412229746e-01	8.454802121315190266e-01	7.826324364430453651e-01	8.443793139424660144e-01	8.509110253792729894e-01	8.701313760095990002e-01	7.826324364430453651e-01	8.395923643921759938e-01	1.000000000000000000e+00	7.132936557947280320e-01	9.126984324974619645e-01	5.137959334261940070e-01	8.945637120602639714e-01	8.786382428336559913e-01	7.826324364430453651e-01	7.826324364430453651e-01	9.066052359863979726e-01	7.826324364430453651e-01	7.268477564955519998e-01	9.196266552012930529e-01	8.216995572417670202e-01	8.590006832487719901e-01	9.028662453435110091e-01	7.826324364430453651e-01	9.118737014889679582e-01	8.770283997141420373e-01	8.802687248932019592e-01	8.849065668624149783e-01	7.826324364430453651e-01	9.034753732487309508e-01	8.728375599997260093e-01	8.714484029769909990e-01	7.826324364430453651e-01	8.773506357864619964e-01	9.017501459447989642e-01	8.919079062416680470e-01	9.057834113663499886e-01	7.826324364430453651e-01	8.939528956743020283e-01	7.826324364430453651e-01	8.935501905026289604e-01	7.826324364430453651e-01	7.826324364430453651e-01	7.160543815771930332e-01	7.939487696604740075e-01	8.973690608819400172e-01	7.826324364430453651e-01	8.186818775348290167e-01	8.992304152918170201e-01	8.942839166374040305e-01	8.803824160243119978e-01	9.012456356039939553e-01	8.729327544131569860e-01	8.469397765650450438e-01	8.869813225400430268e-01	7.826324364430453651e-01	7.826324364430453651e-01	9.177678574196970196e-01	7.826324364430453651e-01	7.826324364430453651e-01	8.754164813769570452e-01	5.453489861106739500e-01	8.891017682672720523e-01	7.132916086973819514e-01	8.603527134148239996e-01	7.826324364430453651e-01	8.860018189027190072e-01	8.638611005783870533e-01	7.826324364430453651e-01	8.998784106553060491e-01	8.966508165749129677e-01	8.665204276884640455e-01	6.198190111991179752e-01	7.826324364430453651e-01	7.826324364430453651e-01	8.965864858367890156e-01	8.320244902748270555e-01	9.133771034224860141e-01	9.144760992569189728e-01	9.117690270813419984e-01	8.805744610546439866e-01	7.468066209739450123e-01	8.893620753413730151e-01	9.138674227664950189e-01	9.027211520621839513e-01	7.826324364430453651e-01	1.000000000000000021e-03	8.192106985177840528e-01	7.826324364430453651e-01	7.722045913429870234e-01	7.826324364430453651e-01	8.748036750348040513e-01	7.826324364430453651e-01	7.826324364430453651e-01	8.735091527591779537e-01	9.072429232701529900e-01	9.199407808741939530e-01	7.826324364430453651e-01	9.358007509654400202e-01	7.826324364430453651e-01	8.880128782193159598e-01	8.317881267996519723e-01	9.218859940231469707e-01	8.942505523826760339e-01	7.826324364430453651e-01	7.826324364430453651e-01	8.156050553957000515e-01	8.500884517001420226e-01	8.771265684788229766e-01	8.644439132655490354e-01	8.189756248115980242e-01	7.635286354240039541e-01	7.826324364430453651e-01	7.826324364430453651e-01	8.807791867437979594e-01	7.826324364430453651e-01	9.201335329141759889e-01	9.020503988792849537e-01	7.826324364430453651e-01	8.842769660024649703e-01	8.663786888411190157e-01	9.055234954937939618e-01
7.826324364430453651e-01	7.936594434260489939e-01	7.826324364430453651e-01	7.011162001884809758e-01	7.369467581938230483e-01	7.826324364430453651e-01	7.826324364430453651e-01	7.826324364430453651e-01	7.469116490799789787e-01	7.977677015412459882e-01	7.132936557947280320e-01	1.000000000000000000e+00	7.257034444593020162e-01	7.421296872533870159e-01	7.826324364430453651e-01	6.922905806343310209e-01	7.117436403454999727e-01	7.724284569901670450e-01	7.826324364430453651e-01	7.826324364430453651e-01	7.995211195976820173e-01	7.826324364430453651e-01	8.109160665172640003e-01	7.826324364430453651e-01	6.992072593787369561e-01	6.101770189997619553e-01	6.217199371082460235e-01	7.146111565370459884e-01	5.479674231417399621e-01	7.148573046899809880e-01	7.152615817681859944e-01	7.826324364430453651e-01	7.826324364430453651e-01	7.824890199094289844e-01	7.826324364430453651e-01	7.826324364430453651e-01	6.677862358087589545e-01	6.823745234573840301e-01	5.734428341901459669e-01	7.269562365668189585e-01	7.826324364430453651e-01	7.826324364430453651e-01	6.416289203946099473e-01	7.826324364430453651e-01	7.826324364430453651e-01	8.307503554689920078e-01	8.723241902245040258e-01	5.656136824785900075e-01	7.227768979447489750e-01	8.710858344705819656e-01	5.965275821442129756e-01	6.254585155713000555e-01	7.176364396821469649e-01	5.608871017517870206e-01	7.826324364430453651e-01	8.357482917055909510e-01	7.826324364430453651e-01	7.826324364430453651e-01	5.314738479112020020e-01	7.826324364430453651e-01	5.382632090485059972e-01	8.595456804524740368e-01	5.410292615093600377e-01	8.028828238397649475e-01	7.811876055356119508e-01	8.602021085118589649e-01	7.189372018461429592e-01	8.710158386207760284e-01	7.826324364430453651e-01	7.826324364430453651e-01	5.823539167233360292e-01	5.675340164494819817e-01	7.826324364430453651e-01	5.998632708990609963e-01	7.980974626557699736e-01	8.392960397981430454e-01	7.826324364430453651e-01	7.826324364430453651e-01	8.135898428999840393e-01	5.910929525720439726e-01	7.826324364430453651e-01	5.646421792569370490e-01	5.599654989432409913e-01	7.826324364430453651e-01	5.641109114183729956e-01	7.826324364430453651e-01	5.724825277563110326e-01	7.826324364430453651e-01	1.000000000000000021e-03	7.956937940653460162e-01	8.227401894379160474e-01	8.567577567848310149e-01	6.618391532553330459e-01	5.644655743989720476e-01	5.804650604306460515e-01	5.389665411428660180e-01	6.800538995830029965e-01	7.826324364430453651e-01	5.804767217917360389e-01	6.595088662552720526e-01	7.826324364430453651e-01	9.044949608981990297e-01	5.779533475340480342e-01	8.009105383649229859e-01	6.026846413299270511e-01	6.081176319573989852e-01	8.333675442486550011e-01	6.256416344019789522e-01	7.826324364430453651e-01	7.826324364430453651e-01	5.229899851421120349e-01	6.762218306525089595e-01	7.446963340645139651e-01	7.535517964091360543e-01	9.216928748729129595e-01	7.826324364430453651e-01	5.970996610280689953e-01	7.826324364430453651e-01	6.735450855643889678e-01	5.665445811845060131e-01	8.035859169667940449e-01	5.664372792251040067e-01	7.826324364430453651e-01	5.841198238367180107e-01
