1.000000000000000000e+00	2.120815484689829999e-01	2.120815484689829999e-01	2.120815484689829999e-01	2.120815484689829999e-01	1.607843137254900134e-01	1.288659793814430077e-01	2.120815484689829999e-01	3.298969072164950056e-01	2.120815484689829999e-01	2.120815484689829999e-01	2.120815484689829999e-01	2.460317460317459903e-01	2.120815484689829999e-01	1.463414634146339988e-01	2.120815484689829999e-01	2.651515151515150270e-01	2.120815484689829999e-01	2.120815484689829999e-01	2.120815484689829999e-01	2.120815484689829999e-01	2.120815484689829999e-01	2.120815484689829999e-01	2.120815484689829999e-01	2.120815484689829999e-01	1.889763779527559862e-01	2.120815484689829999e-01	2.120815484689829999e-01	2.120815484689829999e-01	2.120815484689829999e-01	2.120815484689829999e-01	2.120815484689829999e-01	2.120815484689829999e-01	2.120815484689829999e-01	2.120815484689829999e-01	2.120815484689829999e-01	2.120815484689829999e-01	2.120815484689829999e-01	2.120815484689829999e-01	3.208955223880600172e-01	2.120815484689829999e-01	2.094017094017089908e-01	2.120815484689829999e-01	2.120815484689829999e-01	2.120815484689829999e-01	2.120815484689829999e-01	2.120815484689829999e-01	2.120815484689829999e-01	2.120815484689829999e-01	2.341269841269839891e-01	2.120815484689829999e-01	2.120815484689829999e-01	2.120815484689829999e-01	2.120815484689829999e-01	1.798245614035089979e-01	2.120815484689829999e-01	2.120815484689829999e-01	2.120815484689829999e-01	2.120815484689829999e-01	2.120815484689829999e-01	2.120815484689829999e-01	2.120815484689829999e-01	2.120815484689829999e-01	2.120815484689829999e-01	2.120815484689829999e-01	2.620689655172410149e-01	2.120815484689829999e-01	2.120815484689829999e-01	2.058111380145279945e-01	2.120815484689829999e-01	1.514084507042250116e-01	2.120815484689829999e-01	2.120815484689829999e-01	2.120815484689829999e-01	2.120815484689829999e-01	2.120815484689829999e-01	2.120815484689829999e-01	2.120815484689829999e-01	2.120815484689829999e-01	1.750741839762610108e-01	2.120815484689829999e-01	2.120815484689829999e-01	2.120815484689829999e-01	2.120815484689829999e-01	2.120815484689829999e-01	2.120815484689829999e-01	6.071428571428569843e-01	2.120815484689829999e-01	2.120815484689829999e-01	2.120815484689829999e-01	2.120815484689829999e-01	1.857142857142859982e-01	1.229508196721310065e-01	1.276595744680850131e-01	2.120815484689829999e-01	4.196891191709840041e-01	2.120815484689829999e-01	2.120815484689829999e-01	2.120815484689829999e-01	2.120815484689829999e-01	2.120815484689829999e-01	2.392344497607659937e-01	1.726907630522090120e-01	2.120815484689829999e-01	2.227488151658769955e-01	2.120815484689829999e-01	2.120815484689829999e-01	2.120815484689829999e-01	2.120815484689829999e-01	2.120815484689829999e-01	2.184466019417480032e-01	1.863117870722429958e-01	2.120815484689829999e-01	6.347305389221560290e-01	2.120815484689829999e-01	2.120815484689829999e-01	2.120815484689829999e-01	2.120815484689829999e-01	2.120815484689829999e-01	2.913043478260869956e-01	2.120815484689829999e-01	2.120815484689829999e-01	1.886792452830189926e-01	2.120815484689829999e-01
2.120815484689829999e-01	1.000000000000000000e+00	2.120815484689829999e-01	2.120815484689829999e-01	2.120815484689829999e-01	2.120815484689829999e-01	2.120815484689829999e-01	2.120815484689829999e-01	1.244979919678709940e-01	2.120815484689829999e-01	2.120815484689829999e-01	1.402877697841730109e-01	2.120815484689829999e-01	2.120815484689829999e-01	2.120815484689829999e-01	2.120815484689829999e-01	2.120815484689829999e-01	2.120815484689829999e-01	1.250000000000000000e-01	1.833333333333329873e-01	2.120815484689829999e-01	2.120815484689829999e-01	2.120815484689829999e-01	2.120815484689829999e-01	2.120815484689829999e-01	1.739130434782610035e-01	2.120815484689829999e-01	1.742424242424240044e-01	2.120815484689829999e-01	2.120815484689829999e-01	2.120815484689829999e-01	4.294871794871790160e-01	2.120815484689829999e-01	2.120815484689829999e-01	1.906779661016949901e-01	2.120815484689829999e-01	1.507936507936510073e-01	2.120815484689829999e-01	1.377049180327870048e-01	1.604938271604940125e-01	2.388059701492540043e-01	2.398373983739839899e-01	2.291666666666669905e-01	4.067796610169490124e-01	2.120815484689829999e-01	1.207430340557280046e-01	1.659574468085109888e-01	2.481751824817519936e-01	2.120815484689829999e-01	2.120815484689829999e-01	2.120815484689829999e-01	2.120815484689829999e-01	2.120815484689829999e-01	2.120815484689829999e-01	2.120815484689829999e-01	2.095238095238100007e-01	2.120815484689829999e-01	2.120815484689829999e-01	2.120815484689829999e-01	2.476190476190479883e-01	8.720930232558139761e-02	1.460176991150440029e-01	1.314878892733560012e-01	2.120815484689829999e-01	1.881188118811880083e-01	2.120815484689829999e-01	1.499999999999999944e-01	2.120815484689829999e-01	2.120815484689829999e-01	2.120815484689829999e-01	2.120815484689829999e-01	5.113636363636360205e-01	2.120815484689829999e-01	2.120815484689829999e-01	3.382352941176470229e-01	2.120815484689829999e-01	2.120815484689829999e-01	2.120815484689829999e-01	2.120815484689829999e-01	2.120815484689829999e-01	2.120815484689829999e-01	2.120815484689829999e-01	2.120815484689829999e-01	4.104803493449780127e-01	2.260536398467430097e-01	2.120815484689829999e-01	2.166666666666670071e-01	2.475247524752479944e-01	2.120815484689829999e-01	2.120815484689829999e-01	1.445312500000000000e-01	2.120815484689829999e-01	2.120815484689829999e-01	1.526104417670680058e-01	2.120815484689829999e-01	2.120815484689829999e-01	2.120815484689829999e-01	2.120815484689829999e-01	2.120815484689829999e-01	4.511627906976740099e-01	2.120815484689829999e-01	2.120815484689829999e-01	1.716417910447760042e-01	2.120815484689829999e-01	1.428571428571429880e-01	2.120815484689829999e-01	1.624548736462090026e-01	2.120815484689829999e-01	2.120815484689829999e-01	2.120815484689829999e-01	2.120815484689829999e-01	2.120815484689829999e-01	2.120815484689829999e-01	2.120815484689829999e-01	2.120815484689829999e-01	2.120815484689829999e-01	1.558441558441560071e-01	2.120815484689829999e-01	2.120815484689829999e-01	2.120815484689829999e-01	2.120815484689829999e-01	1.310679611650490128e-01	2.120815484689829999e-01	2.120815484689829999e-01
2.120815484689829999e-01	2.120815484689829999e-01	1.000000000000000000e+00	7.075098814229250355e-01	1.898734177215190000e-01	2.120815484689829999e-01	2.120815484689829999e-01	2.120815484689829999e-01	2.120815484689829999e-01	2.120815484689829999e-01	3.269230769230769829e-01	2.120815484689829999e-01	2.120815484689829999e-01	2.120815484689829999e-01	2.120815484689829999e-01	2.120815484689829999e-01	2.120815484689829999e-01	2.397003745318349865e-01	2.120815484689829999e-01	2.120815484689829999e-01	2.732394366197180013e-01	2.142857142857139963e-01	2.120815484689829999e-01	2.442996742671010024e-01	2.120815484689829999e-01	2.120815484689829999e-01	2.120815484689829999e-01	4.239999999999999880e-01	2.296296296296299888e-01	2.530487804878049918e-01	2.716049382716049787e-01	1.115702479338839953e-01	2.120815484689829999e-01	2.120815484689829999e-01	3.238866396761129751e-01	2.120815484689829999e-01	2.120815484689829999e-01	2.120815484689829999e-01	2.677419354838709853e-01	2.120815484689829999e-01	2.120815484689829999e-01	2.120815484689829999e-01	2.120815484689829999e-01	2.120815484689829999e-01	2.120815484689829999e-01	2.120815484689829999e-01	2.549019607843139856e-01	2.120815484689829999e-01	2.120815484689829999e-01	2.120815484689829999e-01	2.120815484689829999e-01	3.026315789473679740e-01	2.120815484689829999e-01	2.120815484689829999e-01	2.435424354243539979e-01	1.904761904761899938e-01	2.120815484689829999e-01	9.777777777777779677e-02	2.120815484689829999e-01	2.120815484689829999e-01	2.120815484689829999e-01	2.120815484689829999e-01	2.730375426621159951e-01	2.120815484689829999e-01	2.120815484689829999e-01	2.120815484689829999e-01	2.454873646209390081e-01	2.120815484689829999e-01	2.120815484689829999e-01	2.342342342342340067e-01	2.120815484689829999e-01	1.142857142857140046e-01	1.923076923076920131e-01	2.120815484689829999e-01	1.814814814814809940e-01	2.120815484689829999e-01	2.120815484689829999e-01	2.120815484689829999e-01	1.625766871165640060e-01	2.120815484689829999e-01	2.120815484689829999e-01	2.120815484689829999e-01	1.533101045296169918e-01	2.178217821782179875e-01	2.120815484689829999e-01	2.120815484689829999e-01	2.518518518518519933e-01	2.120815484689829999e-01	2.120815484689829999e-01	2.781456953642379992e-01	1.936619718309859906e-01	2.192307692307690070e-01	1.672354948805460095e-01	2.857142857142859760e-01	2.120815484689829999e-01	2.619926199261989885e-01	2.763157894736840148e-01	2.120815484689829999e-01	2.666666666666669960e-01	2.120815484689829999e-01	3.025830258302579789e-01	3.914893617021280026e-01	2.120815484689829999e-01	2.801418439716309994e-01	2.834645669291340209e-01	2.120815484689829999e-01	2.120815484689829999e-01	2.120815484689829999e-01	2.120815484689829999e-01	2.120815484689829999e-01	2.967479674796750233e-01	2.297734627831720111e-01	2.120815484689829999e-01	2.120815484689829999e-01	2.120815484689829999e-01	2.120815484689829999e-01	2.120815484689829999e-01	2.120815484689829999e-01	2.120815484689829999e-01	2.673611111111109939e-01	2.466666666666670060e-01	2.120815484689829999e-01	2.648221343873520262e-01	3.515625000000000000e-01
2.120815484689829999e-01	2.120815484689829999e-01	7.075098814229250355e-01	1.000000000000000000e+00	2.028985507246379993e-01	2.120815484689829999e-01	2.120815484689829999e-01	2.120815484689829999e-01	2.409240924092410085e-01	2.769230769230769940e-01	2.120815484689829999e-01	2.668711656441720148e-01	2.668621700879770242e-01	2.120815484689829999e-01	2.120815484689829999e-01	2.120815484689829999e-01	2.914285714285709816e-01	2.120815484689829999e-01	2.120815484689829999e-01	2.120815484689829999e-01	3.005181347150259752e-01	2.120815484689829999e-01	2.120815484689829999e-01	2.781065088757400106e-01	2.120815484689829999e-01	2.120815484689829999e-01	2.120815484689829999e-01	3.670033670033669981e-01	2.243589743589740060e-01	2.120815484689829999e-01	2.120815484689829999e-01	1.153846153846150024e-01	2.120815484689829999e-01	2.352941176470589868e-01	3.044982698961939960e-01	2.120815484689829999e-01	2.120815484689829999e-01	2.120815484689829999e-01	2.120815484689829999e-01	2.388451443569550026e-01	2.120815484689829999e-01	2.120815484689829999e-01	2.120815484689829999e-01	2.120815484689829999e-01	2.120815484689829999e-01	3.048433048433050185e-01	2.500000000000000000e-01	2.120815484689829999e-01	2.120815484689829999e-01	2.120815484689829999e-01	2.120815484689829999e-01	3.002915451895040166e-01	2.120815484689829999e-01	2.730375426621159951e-01	2.120815484689829999e-01	2.120815484689829999e-01	3.091482649842269836e-01	9.594095940959410096e-02	2.120815484689829999e-01	2.120815484689829999e-01	1.011673151750970001e-01	2.120815484689829999e-01	2.120815484689829999e-01	2.120815484689829999e-01	2.845070422535210253e-01	2.120815484689829999e-01	2.120815484689829999e-01	1.716417910447760042e-01	2.120815484689829999e-01	2.120815484689829999e-01	2.861271676300580213e-01	2.120815484689829999e-01	2.180685358255450013e-01	2.120815484689829999e-01	2.120815484689829999e-01	2.120815484689829999e-01	2.120815484689829999e-01	2.120815484689829999e-01	2.120815484689829999e-01	3.455497382198949863e-01	2.120815484689829999e-01	2.120815484689829999e-01	1.687116564417180109e-01	2.287390029325510055e-01	2.120815484689829999e-01	2.120815484689829999e-01	2.120815484689829999e-01	3.859649122807020105e-01	2.120815484689829999e-01	2.120815484689829999e-01	2.120815484689829999e-01	1.877022653721679979e-01	2.120815484689829999e-01	2.120815484689829999e-01	2.120815484689829999e-01	2.604501607717040201e-01	2.819548872180450139e-01	2.120815484689829999e-01	2.120815484689829999e-01	2.120815484689829999e-01	2.120815484689829999e-01	2.120815484689829999e-01	2.654320987654320008e-01	2.120815484689829999e-01	2.120815484689829999e-01	2.120815484689829999e-01	2.120815484689829999e-01	2.120815484689829999e-01	2.034383954154730112e-01	2.120815484689829999e-01	2.120815484689829999e-01	2.427745664739880127e-01	2.446483180428130066e-01	2.412698412698409955e-01	2.120815484689829999e-01	3.204747774480710132e-01	2.120815484689829999e-01	2.120815484689829999e-01	2.558823529411760056e-01	2.120815484689829999e-01	2.656716417910450212e-01	2.120815484689829999e-01	3.028169014084510224e-01	3.026315789473679740e-01
2.120815484689829999e-01	2.120815484689829999e-01	1.898734177215190000e-01	2.028985507246379993e-01	1.000000000000000000e+00	2.120815484689829999e-01	2.120815484689829999e-01	1.649484536082470032e-01	1.472081218274109982e-01	2.120815484689829999e-01	2.120815484689829999e-01	2.120815484689829999e-01	2.103004291845489981e-01	1.733333333333330062e-01	2.120815484689829999e-01	2.120815484689829999e-01	2.120815484689829999e-01	1.666666666666669905e-01	1.308900523560209972e-01	2.120815484689829999e-01	2.120815484689829999e-01	2.120815484689829999e-01	2.120815484689829999e-01	2.589285714285710083e-01	1.924686192468620105e-01	2.385321100917429937e-01	2.120815484689829999e-01	2.018779342722999970e-01	2.120815484689829999e-01	1.735849056603769869e-01	2.120815484689829999e-01	1.575342465753420129e-01	1.564885496183210101e-01	2.120815484689829999e-01	2.120815484689829999e-01	1.777777777777780066e-01	2.120815484689829999e-01	2.120815484689829999e-01	1.814516129032260061e-01	1.258741258741259972e-01	2.120815484689829999e-01	2.120815484689829999e-01	2.120815484689829999e-01	2.120815484689829999e-01	1.652173913043480102e-01	1.240875912408759968e-01	1.827956989247309927e-01	2.050209205020920022e-01	2.120815484689829999e-01	1.576763485477180038e-01	2.120815484689829999e-01	2.120815484689829999e-01	2.285714285714290084e-01	2.742857142857140218e-01	2.120815484689829999e-01	1.834319526627219976e-01	1.936936936936939913e-01	2.120815484689829999e-01	1.294117647058820042e-01	2.120815484689829999e-01	2.120815484689829999e-01	2.120815484689829999e-01	2.120815484689829999e-01	2.120815484689829999e-01	2.120815484689829999e-01	2.120815484689829999e-01	1.502347417840380062e-01	2.120815484689829999e-01	2.120815484689829999e-01	2.120815484689829999e-01	2.120815484689829999e-01	2.120815484689829999e-01	2.120815484689829999e-01	2.120815484689829999e-01	2.120815484689829999e-01	1.557632398753890091e-01	1.493212669683260108e-01	1.317829457364340096e-01	2.120815484689829999e-01	1.666666666666669905e-01	2.120815484689829999e-01	2.173913043478260115e-02	2.031250000000000000e-01	2.120815484689829999e-01	2.429906542056070040e-01	2.120815484689829999e-01	1.666666666666669905e-01	2.120815484689829999e-01	2.711864406779659897e-01	1.259842519685039908e-01	2.120815484689829999e-01	1.793478260869570129e-01	2.410256410256410020e-01	2.120815484689829999e-01	2.048192771084340058e-01	2.120815484689829999e-01	2.120815484689829999e-01	2.120815484689829999e-01	2.120815484689829999e-01	2.524271844660189723e-01	2.120815484689829999e-01	2.120815484689829999e-01	2.440191387559809966e-01	2.120815484689829999e-01	1.649484536082470032e-01	2.120815484689829999e-01	2.120815484689829999e-01	2.120815484689829999e-01	2.120815484689829999e-01	2.120815484689829999e-01	1.967213114754099990e-01	2.120815484689829999e-01	1.843317972350229927e-01	2.120815484689829999e-01	1.528384279475979990e-01	2.120815484689829999e-01	2.120815484689829999e-01	1.722222222222219989e-01	1.991341991341989970e-01	2.120815484689829999e-01	2.120815484689829999e-01	1.474358974358969954e-01	2.120815484689829999e-01	2.120815484689829999e-01
1.607843137254900134e-01	2.120815484689829999e-01	2.120815484689829999e-01	2.120815484689829999e-01	2.120815484689829999e-01	1.000000000000000000e+00	3.794871794871790271e-01	2.419354838709679989e-01	1.984435797665370094e-01	2.120815484689829999e-01	2.120815484689829999e-01	2.120815484689829999e-01	2.013201320132010086e-01	2.120815484689829999e-01	2.120815484689829999e-01	2.120815484689829999e-01	1.815384615384620093e-01	1.901140684410649873e-01	2.120815484689829999e-01	1.954022988505750014e-01	2.120815484689829999e-01	2.120815484689829999e-01	2.120815484689829999e-01	2.120815484689829999e-01	2.482993197278909880e-01	2.120815484689829999e-01	2.120815484689829999e-01	2.114695340501789866e-01	2.120815484689829999e-01	2.120815484689829999e-01	2.597402597402599933e-01	2.120815484689829999e-01	1.737804878048780088e-01	2.120815484689829999e-01	2.120815484689829999e-01	2.120815484689829999e-01	2.120815484689829999e-01	2.120815484689829999e-01	2.120815484689829999e-01	2.132132132132129876e-01	2.120815484689829999e-01	2.120815484689829999e-01	2.120815484689829999e-01	2.120815484689829999e-01	2.120815484689829999e-01	2.120815484689829999e-01	2.120815484689829999e-01	2.120815484689829999e-01	1.593220338983049877e-01	2.120815484689829999e-01	2.334384858044160072e-01	2.120815484689829999e-01	2.120815484689829999e-01	2.120815484689829999e-01	2.120815484689829999e-01	2.120815484689829999e-01	2.392857142857139907e-01	2.120815484689829999e-01	2.120815484689829999e-01	2.663755458515280061e-01	2.120815484689829999e-01	2.120815484689829999e-01	2.120815484689829999e-01	5.139664804469270543e-01	2.120815484689829999e-01	2.120815484689829999e-01	2.120815484689829999e-01	2.120815484689829999e-01	2.863849765258220104e-01	2.120815484689829999e-01	2.866894197952220003e-01	2.120815484689829999e-01	2.120815484689829999e-01	2.120815484689829999e-01	2.120815484689829999e-01	2.120815484689829999e-01	2.120815484689829999e-01	2.120815484689829999e-01	2.120815484689829999e-01	2.120815484689829999e-01	2.120815484689829999e-01	5.714285714285709944e-03	2.120815484689829999e-01	8.473684210526319927e-01	2.654545454545449990e-01	2.120815484689829999e-01	2.120815484689829999e-01	2.120815484689829999e-01	1.897435897435900132e-01	2.120815484689829999e-01	2.120815484689829999e-01	2.120815484689829999e-01	2.120815484689829999e-01	2.500000000000000000e-01	2.120815484689829999e-01	2.120815484689829999e-01	2.120815484689829999e-01	2.120815484689829999e-01	2.120815484689829999e-01	2.120815484689829999e-01	2.120815484689829999e-01	2.070312500000000000e-01	2.258064516129029975e-01	2.120815484689829999e-01	2.120815484689829999e-01	2.120815484689829999e-01	2.120815484689829999e-01	2.500000000000000000e-01	2.013651877133109946e-01	2.120815484689829999e-01	2.489626556016600045e-01	2.613240418118469854e-01	1.894736842105259889e-01	2.666666666666669960e-01	2.120815484689829999e-01	1.968253968253969866e-01	2.120815484689829999e-01	2.120815484689829999e-01	2.120815484689829999e-01	2.120815484689829999e-01	1.827242524916939947e-01	2.120815484689829999e-01	2.177419354838709964e-01	2.120815484689829999e-01
1.288659793814430077e-01	2.120815484689829999e-01	2.120815484689829999e-01	2.120815484689829999e-01	2.120815484689829999e-01	3.794871794871790271e-01	1.000000000000000000e+00	2.120815484689829999e-01	2.120815484689829999e-01	2.120815484689829999e-01	2.120815484689829999e-01	2.120815484689829999e-01	2.120815484689829999e-01	2.120815484689829999e-01	2.120815484689829999e-01	2.352941176470589868e-01	1.370370370370370128e-01	2.120815484689829999e-01	1.450777202072540129e-01	2.120815484689829999e-01	2.120815484689829999e-01	2.120815484689829999e-01	2.120815484689829999e-01	1.810699588477369948e-01	1.934156378600820070e-01	1.554621848739499990e-01	7.027027027027030193e-02	2.120815484689829999e-01	2.120815484689829999e-01	2.120815484689829999e-01	2.120815484689829999e-01	2.120815484689829999e-01	2.120815484689829999e-01	2.120815484689829999e-01	2.120815484689829999e-01	2.120815484689829999e-01	1.531100478468900017e-01	2.120815484689829999e-01	2.120815484689829999e-01	2.120815484689829999e-01	2.120815484689829999e-01	2.120815484689829999e-01	2.120815484689829999e-01	2.120815484689829999e-01	2.120815484689829999e-01	2.120815484689829999e-01	2.120815484689829999e-01	2.120815484689829999e-01	2.120815484689829999e-01	2.120815484689829999e-01	2.120815484689829999e-01	2.120815484689829999e-01	1.754385964912280049e-01	2.127659574468090120e-01	2.120815484689829999e-01	2.120815484689829999e-01	2.120815484689829999e-01	2.561983471074379959e-01	2.120815484689829999e-01	2.120815484689829999e-01	2.120815484689829999e-01	1.538461538461539935e-01	2.120815484689829999e-01	2.120815484689829999e-01	2.120815484689829999e-01	2.120815484689829999e-01	2.120815484689829999e-01	2.120815484689829999e-01	1.745635910224440090e-01	2.120815484689829999e-01	2.120815484689829999e-01	2.120815484689829999e-01	2.120815484689829999e-01	2.120815484689829999e-01	2.120815484689829999e-01	2.120815484689829999e-01	2.120815484689829999e-01	2.120815484689829999e-01	1.269841269841270048e-01	2.120815484689829999e-01	2.120815484689829999e-01	2.120815484689829999e-01	2.120815484689829999e-01	2.120815484689829999e-01	1.782608695652170006e-01	2.432432432432430069e-01	2.120815484689829999e-01	2.415094339622639863e-01	2.120815484689829999e-01	2.120815484689829999e-01	1.401869158878500110e-01	2.120815484689829999e-01	2.120815484689829999e-01	2.120815484689829999e-01	2.120815484689829999e-01	2.120815484689829999e-01	2.098765432098770034e-01	2.120815484689829999e-01	2.120815484689829999e-01	2.120815484689829999e-01	1.025641025641030046e-01	2.120815484689829999e-01	2.120815484689829999e-01	2.120815484689829999e-01	2.120815484689829999e-01	1.004366812227070055e-01	2.120815484689829999e-01	2.237442922374429932e-01	2.120815484689829999e-01	2.120815484689829999e-01	1.914893617021279915e-01	2.120815484689829999e-01	1.696428571428570120e-01	2.300000000000000100e-01	1.255230125523009999e-01	2.120815484689829999e-01	2.120815484689829999e-01	2.120815484689829999e-01	2.120815484689829999e-01	2.120815484689829999e-01	1.341463414634150031e-01	1.499999999999999944e-01	2.120815484689829999e-01	1.461187214611870122e-01
2.120815484689829999e-01	2.120815484689829999e-01	2.120815484689829999e-01	2.120815484689829999e-01	1.649484536082470032e-01	2.419354838709679989e-01	2.120815484689829999e-01	1.000000000000000000e+00	2.120815484689829999e-01	2.120815484689829999e-01	3.317972350230409817e-01	2.120815484689829999e-01	2.120815484689829999e-01	2.120815484689829999e-01	2.120815484689829999e-01	2.120815484689829999e-01	2.120815484689829999e-01	2.120815484689829999e-01	2.120815484689829999e-01	2.568807339449539762e-01	2.120815484689829999e-01	2.120815484689829999e-01	2.120815484689829999e-01	2.586872586872590030e-01	2.120815484689829999e-01	2.030651340996169896e-01	2.120815484689829999e-01	2.120815484689829999e-01	2.120815484689829999e-01	2.120815484689829999e-01	2.120815484689829999e-01	2.120815484689829999e-01	1.762711864406779905e-01	2.120815484689829999e-01	2.120815484689829999e-01	2.120815484689829999e-01	2.280701754385960067e-01	2.120815484689829999e-01	2.120815484689829999e-01	2.120815484689829999e-01	1.794871794871789883e-01	1.752988047808770045e-01	1.354581673306770040e-01	2.120815484689829999e-01	2.120815484689829999e-01	2.120815484689829999e-01	2.815533980582520246e-01	2.120815484689829999e-01	2.120815484689829999e-01	2.120815484689829999e-01	2.120815484689829999e-01	2.120815484689829999e-01	2.120815484689829999e-01	2.120815484689829999e-01	2.120815484689829999e-01	2.120815484689829999e-01	2.409638554216869955e-01	6.703910614525139533e-02	1.741293532338309968e-01	2.120815484689829999e-01	2.120815484689829999e-01	2.120815484689829999e-01	2.120815484689829999e-01	2.120815484689829999e-01	2.120815484689829999e-01	2.120815484689829999e-01	2.120815484689829999e-01	1.885714285714290006e-01	2.120815484689829999e-01	2.120815484689829999e-01	2.120815484689829999e-01	2.120815484689829999e-01	2.120815484689829999e-01	2.385786802030460119e-01	2.120815484689829999e-01	2.120815484689829999e-01	2.120815484689829999e-01	1.872791519434630070e-01	2.120815484689829999e-01	2.120815484689829999e-01	2.120815484689829999e-01	2.120815484689829999e-01	1.410788381742739961e-01	2.470119521912350069e-01	2.704918032786889914e-01	6.626506024096390224e-02	2.120815484689829999e-01	2.120815484689829999e-01	2.120815484689829999e-01	3.095238095238099785e-01	1.841004184100419883e-01	2.731707317073169827e-01	1.626016260162599925e-01	2.120815484689829999e-01	2.120815484689829999e-01	2.274678111587979945e-01	2.120815484689829999e-01	2.120815484689829999e-01	2.120815484689829999e-01	2.120815484689829999e-01	2.120815484689829999e-01	4.188481675392670134e-01	1.603053435114500103e-01	2.120815484689829999e-01	2.980769230769230171e-01	1.975308641975309920e-01	2.479999999999999982e-01	2.120815484689829999e-01	2.411067193675890119e-01	2.120815484689829999e-01	2.583732057416269767e-01	2.607003891050579947e-01	1.944444444444440034e-01	2.120815484689829999e-01	2.120815484689829999e-01	2.120815484689829999e-01	1.849315068493150027e-01	2.120815484689829999e-01	2.120815484689829999e-01	2.120815484689829999e-01	2.120815484689829999e-01	2.120815484689829999e-01	2.120815484689829999e-01	2.500000000000000000e-01
3.298969072164950056e-01	1.244979919678709940e-01	2.120815484689829999e-01	2.409240924092410085e-01	1.472081218274109982e-01	1.984435797665370094e-01	2.120815484689829999e-01	2.120815484689829999e-01	1.000000000000000000e+00	2.120815484689829999e-01	2.120815484689829999e-01	2.280000000000000082e-01	2.120815484689829999e-01	2.120815484689829999e-01	2.120815484689829999e-01	2.120815484689829999e-01	2.120815484689829999e-01	2.120815484689829999e-01	2.120815484689829999e-01	2.120815484689829999e-01	3.156146179401990159e-01	2.120815484689829999e-01	2.024793388429750041e-01	3.198380566801620195e-01	2.368421052631579926e-01	2.120815484689829999e-01	2.153846153846150080e-01	2.120815484689829999e-01	2.120815484689829999e-01	2.456140350877190071e-01	2.120815484689829999e-01	2.120815484689829999e-01	2.120815484689829999e-01	1.754385964912280049e-01	2.120815484689829999e-01	2.120815484689829999e-01	2.227074235807859903e-01	2.120815484689829999e-01	2.813688212927760168e-01	2.120815484689829999e-01	2.120815484689829999e-01	1.895161290322580072e-01	1.680327868852460049e-01	1.338028169014079949e-01	2.120815484689829999e-01	2.120815484689829999e-01	2.571428571428570065e-01	2.120815484689829999e-01	2.120815484689829999e-01	2.120815484689829999e-01	2.120815484689829999e-01	2.639405204460970045e-01	1.019108280254780036e-01	2.120815484689829999e-01	2.164502164502160042e-01	2.120815484689829999e-01	3.318965517241380114e-01	9.142857142857140074e-02	1.979695431472079936e-01	2.115384615384620082e-01	2.120815484689829999e-01	2.120815484689829999e-01	2.991803278688520140e-01	9.389671361502349711e-02	2.120815484689829999e-01	2.120815484689829999e-01	2.142857142857139963e-01	2.120815484689829999e-01	2.120815484689829999e-01	2.120815484689829999e-01	2.120815484689829999e-01	2.120815484689829999e-01	2.179487179487180071e-01	2.120815484689829999e-01	1.434782608695649997e-01	2.120815484689829999e-01	2.120815484689829999e-01	2.120815484689829999e-01	2.120815484689829999e-01	2.120815484689829999e-01	2.120815484689829999e-01	2.120815484689829999e-01	2.120815484689829999e-01	2.120815484689829999e-01	2.120815484689829999e-01	2.120815484689829999e-01	2.120815484689829999e-01	2.266666666666669883e-01	2.120815484689829999e-01	3.253012048192769901e-01	2.042553191489359932e-01	2.608695652173910196e-01	2.120815484689829999e-01	1.991341991341989970e-01	3.048128342245989830e-01	3.302325581395350040e-01	2.120815484689829999e-01	2.120815484689829999e-01	2.448979591836729919e-01	2.120815484689829999e-01	3.378378378378379954e-01	2.120815484689829999e-01	1.737451737451740086e-01	2.120815484689829999e-01	2.120815484689829999e-01	2.120815484689829999e-01	2.682926829268290070e-01	2.120815484689829999e-01	2.120815484689829999e-01	2.120815484689829999e-01	2.120815484689829999e-01	2.120815484689829999e-01	3.144104803493449896e-01	3.768115942028990029e-01	2.120815484689829999e-01	2.120815484689829999e-01	2.226148409893989877e-01	2.120815484689829999e-01	2.120815484689829999e-01	2.120815484689829999e-01	2.045454545454550022e-01	2.120815484689829999e-01	2.120815484689829999e-01	2.120815484689829999e-01
2.120815484689829999e-01	2.120815484689829999e-01	2.120815484689829999e-01	2.769230769230769940e-01	2.120815484689829999e-01	2.120815484689829999e-01	2.120815484689829999e-01	2.120815484689829999e-01	2.120815484689829999e-01	1.000000000000000000e+00	2.120815484689829999e-01	3.675889328063239869e-01	2.120815484689829999e-01	2.120815484689829999e-01	2.120815484689829999e-01	1.762114537444930129e-01	2.120815484689829999e-01	2.120815484689829999e-01	2.120815484689829999e-01	3.911111111111110206e-01	2.120815484689829999e-01	3.438735177865610004e-01	2.120815484689829999e-01	2.120815484689829999e-01	2.120815484689829999e-01	2.120815484689829999e-01	2.212389380530969951e-01	2.120815484689829999e-01	2.120815484689829999e-01	2.085889570552149908e-01	2.120815484689829999e-01	2.120815484689829999e-01	2.120815484689829999e-01	2.120815484689829999e-01	2.109375000000000000e-01	2.120815484689829999e-01	3.020408163265310142e-01	2.120815484689829999e-01	2.120815484689829999e-01	2.120815484689829999e-01	2.120815484689829999e-01	2.120815484689829999e-01	2.120815484689829999e-01	2.120815484689829999e-01	2.120815484689829999e-01	2.067901234567899871e-01	2.120815484689829999e-01	2.284768211920530090e-01	2.120815484689829999e-01	2.120815484689829999e-01	2.120815484689829999e-01	2.120815484689829999e-01	2.120815484689829999e-01	2.120815484689829999e-01	2.120815484689829999e-01	2.120815484689829999e-01	2.794117647058820264e-01	2.120815484689829999e-01	1.458333333333330095e-01	2.120815484689829999e-01	2.120815484689829999e-01	1.950207468879670003e-01	2.579505300353360231e-01	2.120815484689829999e-01	1.896024464831800038e-01	2.120815484689829999e-01	2.120815484689829999e-01	1.126126126126130028e-01	2.477272727272729902e-01	2.120815484689829999e-01	2.120815484689829999e-01	2.120815484689829999e-01	2.120815484689829999e-01	2.120815484689829999e-01	2.120815484689829999e-01	2.120815484689829999e-01	2.254545454545449912e-01	2.120815484689829999e-01	1.947194719471949942e-01	2.120815484689829999e-01	2.120815484689829999e-01	2.120815484689829999e-01	2.120815484689829999e-01	2.120815484689829999e-01	2.120815484689829999e-01	6.930693069306929910e-02	3.102040816326530059e-01	2.120815484689829999e-01	2.526881720430109723e-01	2.120815484689829999e-01	1.582733812949639884e-01	2.145748987854249890e-01	2.120815484689829999e-01	1.879699248120300092e-01	2.198275862068969910e-01	2.120815484689829999e-01	2.120815484689829999e-01	2.120815484689829999e-01	2.120815484689829999e-01	1.481481481481480011e-01	2.262773722627740014e-01	2.120815484689829999e-01	2.120815484689829999e-01	2.120815484689829999e-01	2.874999999999999778e-01	2.120815484689829999e-01	2.120815484689829999e-01	1.495016611295680031e-01	2.120815484689829999e-01	2.120815484689829999e-01	2.120815484689829999e-01	1.940789473684209898e-01	2.781954887218039962e-01	2.120815484689829999e-01	2.120815484689829999e-01	2.120815484689829999e-01	2.120815484689829999e-01	2.120815484689829999e-01	2.120815484689829999e-01	2.120815484689829999e-01	2.120815484689829999e-01	2.120815484689829999e-01	2.120815484689829999e-01	1.920289855072460083e-01
2.120815484689829999e-01	2.120815484689829999e-01	3.269230769230769829e-01	2.120815484689829999e-01	2.120815484689829999e-01	2.120815484689829999e-01	2.120815484689829999e-01	3.317972350230409817e-01	2.120815484689829999e-01	2.120815484689829999e-01	1.000000000000000000e+00	3.145161290322580072e-01	2.120815484689829999e-01	2.120815484689829999e-01	2.120815484689829999e-01	2.120815484689829999e-01	3.468634686346859786e-01	2.120815484689829999e-01	2.120815484689829999e-01	2.120815484689829999e-01	2.120815484689829999e-01	2.120815484689829999e-01	3.362068965517239771e-01	2.120815484689829999e-01	2.120815484689829999e-01	2.613636363636360205e-01	2.120815484689829999e-01	2.120815484689829999e-01	2.120815484689829999e-01	2.120815484689829999e-01	2.120815484689829999e-01	2.120815484689829999e-01	2.120815484689829999e-01	2.120815484689829999e-01	2.663755458515280061e-01	2.120815484689829999e-01	2.120815484689829999e-01	2.120815484689829999e-01	2.120815484689829999e-01	2.120815484689829999e-01	2.120815484689829999e-01	2.120815484689829999e-01	2.120815484689829999e-01	2.120815484689829999e-01	2.120815484689829999e-01	2.120815484689829999e-01	2.120815484689829999e-01	2.120815484689829999e-01	2.120815484689829999e-01	3.846153846153850253e-01	2.120815484689829999e-01	2.120815484689829999e-01	2.120815484689829999e-01	2.120815484689829999e-01	2.120815484689829999e-01	2.120815484689829999e-01	4.199134199134200163e-01	2.120815484689829999e-01	1.751152073732719916e-01	2.120815484689829999e-01	1.011235955056180025e-01	2.120815484689829999e-01	5.000000000000000000e-01	2.120815484689829999e-01	2.120815484689829999e-01	2.683706070287539824e-01	2.120815484689829999e-01	2.120815484689829999e-01	2.120815484689829999e-01	1.969696969696969890e-01	2.120815484689829999e-01	1.000000000000000056e-01	2.120815484689829999e-01	2.120815484689829999e-01	1.557377049180329875e-01	2.120815484689829999e-01	2.886178861788620265e-01	2.120815484689829999e-01	2.120815484689829999e-01	2.120815484689829999e-01	2.120815484689829999e-01	2.120815484689829999e-01	2.120815484689829999e-01	2.120815484689829999e-01	3.708333333333330151e-01	2.120815484689829999e-01	2.120815484689829999e-01	2.605863192182409915e-01	2.120815484689829999e-01	2.120815484689829999e-01	2.120815484689829999e-01	2.017167381974249996e-01	1.466165413533830064e-01	2.120815484689829999e-01	2.120815484689829999e-01	2.551440329218109815e-01	2.763819095477390020e-01	2.120815484689829999e-01	2.120815484689829999e-01	2.120815484689829999e-01	2.120815484689829999e-01	2.120815484689829999e-01	2.120815484689829999e-01	2.806324110671939986e-01	2.120815484689829999e-01	2.120815484689829999e-01	3.734439834024900207e-01	2.120815484689829999e-01	2.120815484689829999e-01	2.120815484689829999e-01	3.177570093457939837e-01	2.250000000000000056e-01	2.120815484689829999e-01	3.881278538812790169e-01	2.120815484689829999e-01	3.161764705882350035e-01	3.468634686346859786e-01	2.120815484689829999e-01	1.971830985915490053e-01	2.567049808429119895e-01	2.527881040892189790e-01	2.941176470588239833e-01	2.120815484689829999e-01	2.120815484689829999e-01
2.120815484689829999e-01	1.402877697841730109e-01	2.120815484689829999e-01	2.668711656441720148e-01	2.120815484689829999e-01	2.120815484689829999e-01	2.120815484689829999e-01	2.120815484689829999e-01	2.280000000000000082e-01	3.675889328063239869e-01	3.145161290322580072e-01	1.000000000000000000e+00	2.120815484689829999e-01	2.120815484689829999e-01	2.120815484689829999e-01	2.120815484689829999e-01	2.120815484689829999e-01	3.805309734513270259e-01	3.318385650224219829e-01	2.120815484689829999e-01	2.120815484689829999e-01	2.120815484689829999e-01	2.120815484689829999e-01	2.120815484689829999e-01	2.079207920792079944e-01	2.120815484689829999e-01	2.120815484689829999e-01	2.120815484689829999e-01	2.120815484689829999e-01	2.120815484689829999e-01	2.120815484689829999e-01	2.120815484689829999e-01	2.120815484689829999e-01	2.236842105263160130e-01	1.846153846153849865e-01	2.120815484689829999e-01	2.120815484689829999e-01	2.120815484689829999e-01	2.120815484689829999e-01	2.120815484689829999e-01	2.120815484689829999e-01	1.369863013698630061e-01	1.624548736462090026e-01	2.120815484689829999e-01	2.352941176470589868e-01	1.859756097560980037e-01	2.120815484689829999e-01	2.120815484689829999e-01	2.120815484689829999e-01	2.120815484689829999e-01	2.120815484689829999e-01	2.120815484689829999e-01	2.120815484689829999e-01	2.258064516129029975e-01	2.120815484689829999e-01	2.120815484689829999e-01	2.120815484689829999e-01	2.120815484689829999e-01	2.120815484689829999e-01	1.468253968253969977e-01	1.505376344086019891e-01	1.769547325102880098e-01	3.208955223880600172e-01	2.120815484689829999e-01	2.120815484689829999e-01	2.120815484689829999e-01	2.120815484689829999e-01	2.120815484689829999e-01	2.120815484689829999e-01	2.120815484689829999e-01	2.120815484689829999e-01	2.120815484689829999e-01	2.120815484689829999e-01	2.120815484689829999e-01	2.120815484689829999e-01	3.573573573573570195e-01	2.120815484689829999e-01	2.120815484689829999e-01	2.120815484689829999e-01	2.120815484689829999e-01	2.120815484689829999e-01	2.120815484689829999e-01	2.120815484689829999e-01	2.120815484689829999e-01	2.804428044280439791e-01	6.467661691542289648e-02	2.120815484689829999e-01	2.120815484689829999e-01	2.120815484689829999e-01	2.120815484689829999e-01	2.120815484689829999e-01	2.120815484689829999e-01	2.120815484689829999e-01	2.120815484689829999e-01	1.957446808510640013e-01	3.347107438016529990e-01	2.120815484689829999e-01	2.120815484689829999e-01	2.120815484689829999e-01	2.120815484689829999e-01	2.120815484689829999e-01	2.120815484689829999e-01	2.120815484689829999e-01	2.120815484689829999e-01	2.120815484689829999e-01	2.103321033210329982e-01	2.120815484689829999e-01	2.120815484689829999e-01	2.120815484689829999e-01	2.120815484689829999e-01	2.120815484689829999e-01	2.120815484689829999e-01	2.120815484689829999e-01	2.120815484689829999e-01	2.120815484689829999e-01	2.120815484689829999e-01	2.120815484689829999e-01	2.120815484689829999e-01	2.120815484689829999e-01	2.120815484689829999e-01	2.120815484689829999e-01	2.120815484689829999e-01	2.120815484689829999e-01	2.120815484689829999e-01
