9.999999999999990008e-01	6.075688702044885758e-01	6.075688702044885758e-01	6.075688702044885758e-01	6.607424284922910340e-01	6.355278446733769737e-01	6.423141624495839475e-01	6.075688702044885758e-01	6.840332244684690366e-01	6.075688702044885758e-01	6.075688702044885758e-01	6.544469317482169979e-01	6.075688702044885758e-01	5.766285798968320275e-01	6.565815042416049963e-01	6.644622778118020046e-01	5.890774964930149959e-01	6.075688702044885758e-01	6.324159895618669536e-01	6.075688702044885758e-01	5.993887725951589918e-01	6.075688702044885758e-01	6.770232910873620336e-01	6.075688702044885758e-01	6.075688702044885758e-01	6.739403912790610240e-01	6.075688702044885758e-01	6.775108280012209772e-01	6.432065423159609718e-01	6.602418511866300355e-01	6.075688702044885758e-01	6.199982003078450266e-01	6.075688702044885758e-01	7.048191506855480126e-01	6.341198256337160499e-01	6.347958634482809837e-01	6.075688702044885758e-01	6.075688702044885758e-01	6.644782342023130006e-01	6.106857655941539953e-01	6.870301262018579935e-01	5.878026602747019602e-01	6.075688702044885758e-01	6.314437813538860134e-01	5.926399054981430492e-01	6.216954336661649760e-01	6.262548373399049462e-01	6.075688702044885758e-01	6.075688702044885758e-01	6.587672098128719567e-01	6.075688702044885758e-01	6.075688702044885758e-01	6.075688702044885758e-01	5.953389770916920343e-01	6.075688702044885758e-01	6.075688702044885758e-01	6.418452372755939495e-01	6.075688702044885758e-01	6.126810139769049979e-01	6.215697737075179807e-01	6.318004651604629540e-01	6.075688702044885758e-01	6.909509238506279516e-01	6.075688702044885758e-01	5.885612687698480450e-01	6.075688702044885758e-01	6.386177519347460141e-01	6.075688702044885758e-01	6.075688702044885758e-01	6.075688702044885758e-01	6.075688702044885758e-01	6.075688702044885758e-01	6.075688702044885758e-01	6.638520913046830341e-01	6.075688702044885758e-01	6.075688702044885758e-01	6.075688702044885758e-01	5.722266477096999981e-01	6.112400682926989459e-01	6.075688702044885758e-01	6.406915966269249862e-01	6.075688702044885758e-01	6.319232977805849805e-01	6.075688702044885758e-01	6.408995760189239999e-01	6.075688702044885758e-01	6.075688702044885758e-01	6.165544955255559678e-01	6.075688702044885758e-01	6.283862647563149828e-01	6.075688702044885758e-01	5.768997516423509664e-01	6.075688702044885758e-01	5.721163496778369772e-01	6.075688702044885758e-01	6.075688702044885758e-01	6.067760505641770497e-01	6.075688702044885758e-01	5.930230037943430288e-01	6.164361288471470468e-01	6.075688702044885758e-01	6.075688702044885758e-01	6.075688702044885758e-01	6.075688702044885758e-01	5.987780029525600067e-01	5.955194292372270048e-01	6.075688702044885758e-01	6.119432905444669446e-01	6.329975272743200154e-01	6.065597559639439584e-01	6.075688702044885758e-01	6.075688702044885758e-01	6.309416088222450369e-01	6.075688702044885758e-01	6.075688702044885758e-01	7.869864924003789897e-01	6.075688702044885758e-01	7.716146555834809684e-01	6.075688702044885758e-01	6.075688702044885758e-01	5.925273208559049820e-01	6.787980909878550406e-01	6.075688702044885758e-01	7.016429651949860347e-01
6.075688702044885758e-01	1.000000000000000000e+00	7.651707510574350390e-01	5.989637868989720060e-01	6.075688702044885758e-01	6.075688702044885758e-01	6.075688702044885758e-01	6.075688702044885758e-01	6.668110813916700019e-01	6.724818550616019630e-01	6.614886628851750494e-01	6.075688702044885758e-01	6.075688702044885758e-01	5.889317396396870352e-01	6.324539883299959975e-01	6.075688702044885758e-01	5.906224337548620085e-01	6.075688702044885758e-01	6.134743355876569604e-01	6.075688702044885758e-01	6.075688702044885758e-01	6.075688702044885758e-01	6.678259552196420534e-01	6.075688702044885758e-01	6.075688702044885758e-01	6.582891101138880208e-01	6.075688702044885758e-01	6.559152555304990084e-01	6.140751467346590164e-01	6.075688702044885758e-01	6.075688702044885758e-01	5.970056174338479460e-01	5.933827224531129652e-01	6.075688702044885758e-01	6.075688702044885758e-01	6.090369612124429954e-01	6.436399014687179676e-01	6.075688702044885758e-01	6.075688702044885758e-01	5.806135647978519776e-01	6.688460163302789585e-01	5.969292298656639906e-01	6.297364282934140300e-01	6.075688702044885758e-01	5.629490920018059841e-01	6.075688702044885758e-01	6.075688702044885758e-01	6.239919623203999954e-01	6.437836668566869758e-01	6.075688702044885758e-01	6.075688702044885758e-01	6.099190335051389855e-01	5.912013737778599731e-01	6.075688702044885758e-01	6.242838970171470381e-01	6.075688702044885758e-01	6.341348887755150487e-01	5.909187769479450347e-01	6.075688702044885758e-01	6.075688702044885758e-01	6.325615174917750272e-01	6.158318544064730338e-01	6.575488315131600148e-01	6.227137089211709498e-01	6.075688702044885758e-01	6.365900511729020161e-01	6.080139647542629477e-01	6.075688702044885758e-01	6.075688702044885758e-01	6.159357304561230428e-01	6.075688702044885758e-01	6.075688702044885758e-01	6.192430705623109821e-01	6.315112048958649860e-01	6.075688702044885758e-01	6.069021231364110092e-01	6.803099353311600206e-01	6.075688702044885758e-01	6.075688702044885758e-01	6.075688702044885758e-01	6.392272692972710280e-01	6.203120388778220473e-01	6.062869356618639793e-01	6.075688702044885758e-01	6.190862709138800213e-01	6.195509563777550355e-01	6.201922896743200520e-01	6.075688702044885758e-01	7.765262468257180251e-01	6.075688702044885758e-01	6.467165562239209908e-01	6.075688702044885758e-01	5.849662273816750302e-01	5.754838665137570475e-01	5.570314933214179920e-01	5.736688313462779965e-01	6.075688702044885758e-01	6.075688702044885758e-01	6.075688702044885758e-01	6.075688702044885758e-01	5.987399383270799458e-01	6.075688702044885758e-01	6.075688702044885758e-01	6.075688702044885758e-01	6.075688702044885758e-01	5.981868702708730279e-01	6.011146303207850483e-01	5.887449772090960209e-01	6.075688702044885758e-01	6.075688702044885758e-01	6.453910977874389721e-01	6.613633900472339899e-01	6.075688702044885758e-01	6.413508930454310253e-01	6.342301514245409777e-01	6.075688702044885758e-01	6.075688702044885758e-01	6.075688702044885758e-01	7.444463138317749529e-01	6.522578172424829956e-01	5.886357203703159735e-01	6.075688702044885758e-01	6.075688702044885758e-01	6.736450431769229752e-01
6.075688702044885758e-01	7.651707510574350390e-01	1.000000000000000000e+00	6.075688702044885758e-01	6.075688702044885758e-01	6.555276766383349996e-01	6.338301515106260497e-01	6.615508430281099583e-01	6.631960964328620367e-01	6.075688702044885758e-01	6.405974287769210518e-01	6.341338838271589617e-01	6.429353701689409784e-01	5.688457648849150061e-01	6.075688702044885758e-01	6.497522557316399716e-01	5.987212172551249489e-01	6.075688702044885758e-01	6.075688702044885758e-01	6.201941550871830078e-01	5.916320764661819886e-01	6.331320254710050000e-01	6.490228494402190407e-01	6.512895305113950428e-01	6.075688702044885758e-01	6.407984458352380397e-01	6.298063540985260333e-01	6.075688702044885758e-01	6.075688702044885758e-01	6.335751749867419846e-01	6.075688702044885758e-01	6.083948758953680036e-01	6.114455428990439589e-01	6.879195675585370040e-01	6.075688702044885758e-01	6.193572131201989794e-01	6.353288578808720111e-01	6.075688702044885758e-01	6.075688702044885758e-01	6.075688702044885758e-01	6.426594792333319983e-01	6.075688702044885758e-01	6.075688702044885758e-01	6.125601966972430423e-01	5.860305750365339961e-01	6.075688702044885758e-01	6.121890852607250189e-01	6.075688702044885758e-01	6.075688702044885758e-01	6.544502676886509995e-01	6.700838930814949634e-01	6.171215883541809610e-01	6.075688702044885758e-01	5.823008413528230065e-01	6.075688702044885758e-01	6.075688702044885758e-01	6.075688702044885758e-01	6.075688702044885758e-01	6.063886929098070144e-01	6.118441696762170201e-01	6.315475320403129977e-01	6.120055862466889929e-01	6.075688702044885758e-01	6.075688702044885758e-01	5.856653528590880509e-01	6.443868124662199826e-01	6.212415501919099636e-01	6.337934692846719509e-01	6.075688702044885758e-01	6.083902856959589878e-01	6.075688702044885758e-01	6.075688702044885758e-01	6.177809584739909488e-01	6.553490503953339763e-01	6.075688702044885758e-01	5.979218519045450542e-01	6.075688702044885758e-01	6.075688702044885758e-01	6.075688702044885758e-01	6.035430863268219648e-01	6.075688702044885758e-01	6.075688702044885758e-01	6.075688702044885758e-01	6.075688702044885758e-01	6.075688702044885758e-01	6.102279479625160041e-01	6.075688702044885758e-01	6.199854871577129556e-01	6.075688702044885758e-01	6.299797581608129748e-01	6.592258260850869522e-01	6.075688702044885758e-01	6.075688702044885758e-01	6.075688702044885758e-01	6.075688702044885758e-01	6.075688702044885758e-01	6.075688702044885758e-01	5.819147381977629596e-01	5.948603177517299834e-01	6.180446967310320172e-01	5.638437451164789449e-01	5.844884647450879767e-01	5.831643465158370399e-01	5.740102916940750255e-01	6.075688702044885758e-01	5.957211650883690313e-01	6.075688702044885758e-01	6.089034660469390126e-01	6.075688702044885758e-01	5.814092163222970289e-01	6.471492142296250139e-01	6.584838108112179844e-01	6.075688702044885758e-01	6.075688702044885758e-01	6.634283438455049753e-01	7.371569717326239557e-01	7.260557713846820249e-01	7.735262861114059474e-01	6.075688702044885758e-01	6.075688702044885758e-01	6.075688702044885758e-01	6.695419816162100357e-01	6.075688702044885758e-01	6.683363633663109704e-01
6.075688702044885758e-01	5.989637868989720060e-01	6.075688702044885758e-01	9.999999999999980016e-01	6.075688702044885758e-01	5.520655684949540287e-01	6.075688702044885758e-01	6.075688702044885758e-01	6.075688702044885758e-01	6.075688702044885758e-01	6.075688702044885758e-01	5.558617071157869738e-01	6.075688702044885758e-01	6.075688702044885758e-01	6.075688702044885758e-01	6.075688702044885758e-01	6.070033043284079888e-01	6.453082323519719887e-01	6.075688702044885758e-01	6.075688702044885758e-01	6.385002646506180435e-01	6.075688702044885758e-01	6.075688702044885758e-01	6.337621319576139944e-01	6.075688702044885758e-01	6.075688702044885758e-01	5.810004523703330426e-01	6.075688702044885758e-01	6.312538778131859818e-01	6.326209156729190042e-01	6.075688702044885758e-01	5.538340015434629615e-01	6.075688702044885758e-01	6.075688702044885758e-01	6.075688702044885758e-01	6.106481807758410429e-01	6.075688702044885758e-01	5.728937247420829992e-01	6.635279295204770111e-01	6.075688702044885758e-01	5.780284477013819533e-01	5.420485424589940315e-01	6.075688702044885758e-01	5.950916896929829836e-01	6.075688702044885758e-01	6.075688702044885758e-01	6.075688702044885758e-01	5.656477450935539775e-01	6.502613720157469634e-01	5.870122209266179780e-01	5.441034163131249768e-01	6.075688702044885758e-01	6.075688702044885758e-01	5.535847639954030175e-01	6.075688702044885758e-01	5.915658224935940179e-01	6.075688702044885758e-01	5.718826615780030487e-01	6.075688702044885758e-01	6.075688702044885758e-01	6.075688702044885758e-01	6.075688702044885758e-01	5.412149639677009683e-01	5.852712199715980335e-01	6.075688702044885758e-01	6.256307405363550345e-01	6.075688702044885758e-01	6.075688702044885758e-01	6.075688702044885758e-01	6.075688702044885758e-01	6.075688702044885758e-01	6.075688702044885758e-01	6.075688702044885758e-01	6.020143594419999911e-01	6.075688702044885758e-01	6.075688702044885758e-01	6.075688702044885758e-01	6.019476576591109573e-01	5.831949008276440249e-01	6.075688702044885758e-01	6.075688702044885758e-01	6.075688702044885758e-01	6.075688702044885758e-01	5.644269915298989471e-01	5.756417574938560433e-01	6.075688702044885758e-01	6.075688702044885758e-01	6.075688702044885758e-01	6.075688702044885758e-01	5.806101704336780189e-01	6.139939636441960058e-01	6.035802636426710333e-01	6.075688702044885758e-01	5.799607341284059858e-01	5.167364827553290185e-01	5.816727443827669486e-01	6.075688702044885758e-01	5.641742121864159465e-01	6.075688702044885758e-01	5.935805424739289959e-01	6.075688702044885758e-01	5.609374842040779630e-01	5.546580989194720424e-01	6.075688702044885758e-01	5.504531650883649485e-01	6.075688702044885758e-01	5.695957138153739940e-01	6.075688702044885758e-01	6.340919983822049799e-01	6.075688702044885758e-01	6.002343857364289548e-01	6.426626496773949482e-01	6.217559917630419708e-01	6.075688702044885758e-01	6.075688702044885758e-01	6.075688702044885758e-01	6.075688702044885758e-01	6.075688702044885758e-01	6.075688702044885758e-01	6.075688702044885758e-01	6.075688702044885758e-01	5.800020538417209881e-01	6.075688702044885758e-01	5.956495938706439786e-01
6.607424284922910340e-01	6.075688702044885758e-01	6.075688702044885758e-01	6.075688702044885758e-01	9.999999999999980016e-01	6.075688702044885758e-01	7.428006747392289499e-01	6.075688702044885758e-01	6.075688702044885758e-01	6.733741749167549973e-01	6.795187484057350069e-01	6.075688702044885758e-01	6.075688702044885758e-01	6.075688702044885758e-01	6.075688702044885758e-01	6.075688702044885758e-01	5.873134666095689571e-01	5.374340904806439445e-01	5.484811515680769745e-01	6.075688702044885758e-01	5.862361844613529493e-01	6.075688702044885758e-01	6.785611240997180271e-01	5.814542029238839449e-01	6.721265939363809672e-01	6.075688702044885758e-01	6.075688702044885758e-01	6.075688702044885758e-01	6.075688702044885758e-01	6.075688702044885758e-01	6.075688702044885758e-01	5.735309851062460051e-01	5.294646527002310199e-01	6.066543538670300384e-01	5.882674914553850387e-01	6.075688702044885758e-01	6.075688702044885758e-01	5.754386714541700476e-01	5.874624846400939848e-01	5.470456658795349592e-01	6.200372792611780204e-01	6.075688702044885758e-01	6.688339973285729601e-01	6.317583278081110310e-01	6.075688702044885758e-01	6.075688702044885758e-01	5.637902319906670234e-01	6.397668848460890123e-01	6.097962638725069606e-01	6.075688702044885758e-01	6.075688702044885758e-01	5.977155346007200221e-01	6.075688702044885758e-01	6.091912331502959965e-01	6.347665500916359616e-01	5.939547422215449846e-01	6.402006446161090381e-01	6.075688702044885758e-01	6.075688702044885758e-01	6.075688702044885758e-01	6.075688702044885758e-01	6.075688702044885758e-01	6.075688702044885758e-01	6.075688702044885758e-01	5.463736103230439900e-01	6.348297540511179671e-01	6.075688702044885758e-01	6.165641377015449454e-01	5.899376624617049814e-01	6.075688702044885758e-01	6.075688702044885758e-01	6.369260726780869852e-01	6.075688702044885758e-01	5.932930531860769463e-01	5.834791541774569934e-01	6.465368431159099760e-01	6.649121474553749689e-01	6.075688702044885758e-01	6.075688702044885758e-01	6.075688702044885758e-01	6.075688702044885758e-01	6.075688702044885758e-01	6.075688702044885758e-01	6.075688702044885758e-01	6.075688702044885758e-01	6.313959620459790312e-01	6.075688702044885758e-01	6.117751372215129990e-01	6.929838021036910378e-01	5.930109643584240420e-01	6.470509813789090403e-01	6.042122850545189605e-01	6.075688702044885758e-01	6.075688702044885758e-01	6.084801470557319458e-01	6.075688702044885758e-01	6.075688702044885758e-01	6.075688702044885758e-01	6.075688702044885758e-01	6.615481556849890366e-01	6.075688702044885758e-01	6.317174724325580470e-01	6.111391968010919662e-01	5.416995122029609755e-01	6.409796514939599676e-01	5.978822477285929970e-01	6.123994283689110363e-01	5.670678767476490245e-01	6.075688702044885758e-01	6.075688702044885758e-01	5.744035573759610491e-01	6.075688702044885758e-01	6.075688702044885758e-01	6.063816967777120315e-01	6.075688702044885758e-01	6.075688702044885758e-01	6.132462463865150371e-01	6.075688702044885758e-01	6.075688702044885758e-01	6.075688702044885758e-01	6.075688702044885758e-01	6.075688702044885758e-01	6.172647836856499648e-01	6.658080254523149888e-01
6.355278446733769737e-01	6.075688702044885758e-01	6.555276766383349996e-01	5.520655684949540287e-01	6.075688702044885758e-01	9.999999999999980016e-01	6.369307263196349878e-01	6.075688702044885758e-01	6.075688702044885758e-01	6.075688702044885758e-01	6.380298626453250188e-01	6.075688702044885758e-01	6.075688702044885758e-01	6.075688702044885758e-01	5.860095452832190244e-01	6.075688702044885758e-01	6.075688702044885758e-01	6.075688702044885758e-01	6.075688702044885758e-01	6.275617628550279603e-01	6.129350907179940133e-01	5.707074913929669480e-01	6.075688702044885758e-01	6.075688702044885758e-01	5.915642139707160130e-01	6.320701340404230040e-01	6.075688702044885758e-01	6.075688702044885758e-01	6.075688702044885758e-01	5.904982485779850521e-01	6.075688702044885758e-01	5.621746275114229974e-01	5.360253407699779871e-01	6.552065471150909648e-01	6.075688702044885758e-01	6.075688702044885758e-01	6.075688702044885758e-01	6.075688702044885758e-01	6.075688702044885758e-01	5.775394376235489791e-01	5.593802108752969904e-01	6.075688702044885758e-01	6.075688702044885758e-01	6.209658236465940284e-01	5.236297816609070122e-01	6.075688702044885758e-01	6.075688702044885758e-01	5.989616880640340479e-01	6.075688702044885758e-01	6.075688702044885758e-01	6.173664243797170048e-01	6.719050639491279675e-01	5.777781468483650373e-01	6.075688702044885758e-01	6.193694136929369654e-01	6.421667343373349546e-01	6.075688702044885758e-01	5.343283872239229515e-01	6.075688702044885758e-01	6.075688702044885758e-01	6.075688702044885758e-01	6.075688702044885758e-01	6.075688702044885758e-01	5.912675306889170201e-01	6.075688702044885758e-01	6.075688702044885758e-01	5.473538052165209944e-01	6.234116602554670150e-01	5.867351550441299857e-01	6.219842321798260132e-01	6.075688702044885758e-01	5.966496996616420523e-01	6.075688702044885758e-01	6.075688702044885758e-01	6.000286355188919618e-01	6.075688702044885758e-01	6.075688702044885758e-01	6.259004606140560201e-01	6.613756903415759503e-01	5.666924091214650128e-01	6.075688702044885758e-01	6.075688702044885758e-01	5.413896482763379536e-01	5.817661472143950130e-01	5.368457538236329762e-01	6.075688702044885758e-01	6.075688702044885758e-01	6.075688702044885758e-01	6.075688702044885758e-01	6.075688702044885758e-01	6.653494048881900547e-01	6.278009139768819802e-01	5.970115555382869976e-01	6.075688702044885758e-01	6.075688702044885758e-01	6.273731996863289861e-01	6.637779876948319835e-01	6.075688702044885758e-01	6.075688702044885758e-01	6.843053206851940073e-01	6.428988155526289550e-01	6.299645006766090294e-01	6.006273013432209540e-01	6.075688702044885758e-01	6.075688702044885758e-01	6.322312952326170077e-01	6.688950567096589861e-01	5.855938539167959700e-01	6.075688702044885758e-01	6.075688702044885758e-01	6.075688702044885758e-01	6.075688702044885758e-01	6.036752671286109706e-01	6.640181861306779787e-01	6.267069768115119954e-01	6.334369440780339700e-01	6.075688702044885758e-01	6.557323979709489548e-01	6.374749288512330248e-01	6.010585321200250242e-01	6.075688702044885758e-01	6.314315662860240375e-01	6.075688702044885758e-01	6.075688702044885758e-01
6.423141624495839475e-01	6.075688702044885758e-01	6.338301515106260497e-01	6.075688702044885758e-01	7.428006747392289499e-01	6.369307263196349878e-01	9.999999999999990008e-01	6.075688702044885758e-01	6.907389186381499568e-01	6.465267613337200014e-01	6.633802376473759699e-01	6.075688702044885758e-01	6.380891554574390501e-01	6.075688702044885758e-01	6.075688702044885758e-01	6.075688702044885758e-01	6.075688702044885758e-01	5.503516817710309983e-01	6.075688702044885758e-01	7.039107333011780376e-01	5.859139881209990408e-01	6.075688702044885758e-01	6.075688702044885758e-01	5.823149667747280489e-01	6.075688702044885758e-01	6.075688702044885758e-01	5.349664585700439901e-01	6.075688702044885758e-01	6.075688702044885758e-01	6.075688702044885758e-01	6.075688702044885758e-01	5.534105444232120252e-01	5.176911170036559984e-01	6.075688702044885758e-01	5.795897783554629923e-01	5.258593856209829998e-01	5.698449547220629796e-01	5.615539569952390231e-01	6.075688702044885758e-01	5.550499310335650360e-01	5.996332919726069521e-01	7.126259211565949547e-01	6.075688702044885758e-01	6.075688702044885758e-01	5.179529414462840098e-01	6.075688702044885758e-01	6.075688702044885758e-01	6.075688702044885758e-01	6.075688702044885758e-01	6.075688702044885758e-01	6.075688702044885758e-01	6.075688702044885758e-01	5.696483606269090449e-01	6.021505049574360502e-01	6.075688702044885758e-01	6.075688702044885758e-01	6.287991688550129687e-01	6.075688702044885758e-01	6.075688702044885758e-01	5.683010656308480346e-01	6.075688702044885758e-01	6.075688702044885758e-01	6.075688702044885758e-01	6.075688702044885758e-01	6.075688702044885758e-01	6.414044313194720015e-01	6.075688702044885758e-01	6.177329641059360332e-01	5.917635090359439909e-01	6.297054878055919902e-01	6.014717454039619771e-01	6.084769640224280129e-01	5.767998339939149899e-01	5.991602024533360105e-01	5.838192222381689556e-01	6.259103291465569763e-01	6.552095505054400526e-01	6.075688702044885758e-01	6.075688702044885758e-01	6.075688702044885758e-01	6.075688702044885758e-01	6.075688702044885758e-01	5.649965816010049657e-01	6.062644541794039998e-01	5.558358394387400425e-01	6.075688702044885758e-01	6.317427541644119460e-01	6.075688702044885758e-01	6.528001517035020296e-01	6.000763693580269953e-01	6.520358083496500257e-01	6.075688702044885758e-01	5.714155844962199859e-01	6.075688702044885758e-01	6.075688702044885758e-01	6.001452233454820373e-01	6.319596717243549655e-01	6.075688702044885758e-01	6.091952683013249770e-01	6.075688702044885758e-01	6.735892368995359814e-01	6.220131763028680094e-01	5.987647773507990268e-01	5.342709133033870517e-01	6.183590397328080357e-01	5.949691308400130163e-01	6.075688702044885758e-01	6.075688702044885758e-01	6.075688702044885758e-01	6.075688702044885758e-01	5.668652927984400014e-01	6.075688702044885758e-01	6.075688702044885758e-01	6.075688702044885758e-01	6.122968850947480002e-01	6.075688702044885758e-01	6.023430303535990404e-01	6.508233718038649585e-01	6.450763313404780375e-01	6.075688702044885758e-01	6.430589575318600426e-01	6.075688702044885758e-01	6.059538022388269995e-01	6.075688702044885758e-01
6.075688702044885758e-01	6.075688702044885758e-01	6.615508430281099583e-01	6.075688702044885758e-01	6.075688702044885758e-01	6.075688702044885758e-01	6.075688702044885758e-01	1.000000000000000000e+00	6.075688702044885758e-01	6.075688702044885758e-01	6.376841640077780538e-01	6.720180253145470184e-01	6.075688702044885758e-01	6.075688702044885758e-01	6.410394660680649448e-01	6.389428456585080074e-01	6.075688702044885758e-01	6.075688702044885758e-01	5.760941733900889483e-01	6.075688702044885758e-01	5.671468306632210243e-01	6.075688702044885758e-01	7.194607458323439841e-01	6.075688702044885758e-01	7.160260927629700234e-01	6.586732409179100189e-01	6.075688702044885758e-01	7.177107005412339813e-01	5.909877217048560283e-01	6.075688702044885758e-01	6.075688702044885758e-01	6.075688702044885758e-01	6.075688702044885758e-01	6.075688702044885758e-01	5.984193117365189662e-01	5.685417601812879917e-01	6.127131014891089578e-01	6.203365742062829646e-01	6.005541325265359998e-01	6.075688702044885758e-01	6.075688702044885758e-01	6.643383616360970523e-01	6.075688702044885758e-01	6.075688702044885758e-01	5.402477741056790350e-01	6.075688702044885758e-01	6.075688702044885758e-01	6.075688702044885758e-01	6.127281964482309551e-01	6.075688702044885758e-01	6.075688702044885758e-01	5.673992882156000395e-01	6.075688702044885758e-01	5.748008579517239758e-01	6.107833513059880426e-01	5.804435374338320353e-01	6.075688702044885758e-01	6.075688702044885758e-01	6.075688702044885758e-01	5.854251108577329665e-01	6.070989433572699934e-01	6.075688702044885758e-01	6.779272084472970361e-01	6.075688702044885758e-01	6.075688702044885758e-01	6.075688702044885758e-01	6.290223683014990463e-01	6.080236101313679642e-01	5.704323664202040067e-01	5.941459690165420415e-01	5.738536084029109974e-01	6.305852299948120354e-01	5.899701633860180428e-01	6.075688702044885758e-01	5.587668345623599819e-01	6.075688702044885758e-01	6.849934326160790343e-01	5.662031832979700363e-01	5.962327681846020244e-01	6.075688702044885758e-01	6.602154584416209948e-01	6.033144096093620012e-01	6.075688702044885758e-01	6.689026735013019476e-01	5.918766419096830322e-01	6.030648630601029847e-01	6.127424848932190304e-01	5.888497150683039694e-01	6.075688702044885758e-01	5.837307128556930014e-01	6.075688702044885758e-01	5.743343890589539535e-01	5.262148149094419969e-01	5.397123386833799774e-01	6.075688702044885758e-01	5.596434881418500540e-01	5.899921800606050537e-01	5.771899139781100363e-01	5.708256537047949886e-01	6.016580505771109699e-01	6.093935112064470250e-01	6.075688702044885758e-01	6.075688702044885758e-01	5.479690022183989484e-01	5.810254815411639573e-01	6.075688702044885758e-01	6.075688702044885758e-01	5.829664498325429767e-01	6.075688702044885758e-01	5.818872846639889795e-01	6.075688702044885758e-01	6.434599819506650054e-01	6.075688702044885758e-01	6.075688702044885758e-01	6.312827101753210046e-01	6.075688702044885758e-01	6.075688702044885758e-01	6.620327244124110111e-01	6.075688702044885758e-01	6.664637637912199652e-01	6.075688702044885758e-01	6.566291145032699950e-01	6.617647922176800312e-01	6.075688702044885758e-01
6.840332244684690366e-01	6.668110813916700019e-01	6.631960964328620367e-01	6.075688702044885758e-01	6.075688702044885758e-01	6.075688702044885758e-01	6.907389186381499568e-01	6.075688702044885758e-01	1.000000000000000000e+00	6.946813989667539602e-01	6.253806680356289727e-01	6.533903113159650333e-01	6.075688702044885758e-01	6.075688702044885758e-01	6.620467572475170481e-01	6.075688702044885758e-01	5.833852705915230086e-01	6.075688702044885758e-01	6.075688702044885758e-01	6.075688702044885758e-01	5.777022692305180396e-01	6.075688702044885758e-01	6.969982106400149924e-01	6.413726384247000478e-01	7.172664767555819720e-01	6.469590620950009807e-01	6.069774703004899852e-01	7.165635721097399768e-01	6.075688702044885758e-01	6.439130423844290352e-01	6.417364130113270004e-01	5.645829367482959604e-01	5.963055663688839880e-01	6.075688702044885758e-01	6.084483128378059824e-01	6.075688702044885758e-01	6.285634129371240331e-01	6.075688702044885758e-01	6.075688702044885758e-01	5.823897586045170272e-01	6.258637650850069623e-01	6.075688702044885758e-01	6.500012310543979988e-01	6.075688702044885758e-01	6.075688702044885758e-01	6.448412282250599592e-01	5.847190596801939977e-01	6.075688702044885758e-01	6.322611380671050441e-01	6.055461880935369967e-01	6.075688702044885758e-01	5.805095717088449847e-01	6.075688702044885758e-01	5.752647142407439906e-01	6.075688702044885758e-01	5.842178482058320022e-01	6.110502963178919833e-01	6.075688702044885758e-01	5.832949317244340293e-01	5.867576227425880253e-01	6.075688702044885758e-01	6.075688702044885758e-01	6.515342081975380450e-01	5.951044763723849496e-01	6.075688702044885758e-01	6.075688702044885758e-01	6.075688702044885758e-01	6.172196501233000454e-01	5.818521566683030333e-01	6.075688702044885758e-01	6.075688702044885758e-01	6.095122247139520555e-01	6.075688702044885758e-01	6.264245648403490296e-01	6.075688702044885758e-01	5.886518161090950052e-01	6.075688702044885758e-01	6.075688702044885758e-01	6.075688702044885758e-01	6.075688702044885758e-01	6.075688702044885758e-01	5.999875082344590105e-01	6.075688702044885758e-01	6.075688702044885758e-01	5.814477853215309633e-01	6.075688702044885758e-01	6.243626173473060259e-01	6.075688702044885758e-01	6.937752640135850246e-01	5.976908649335570534e-01	6.075688702044885758e-01	5.705211180195840504e-01	5.335503152814049521e-01	5.330662180336650513e-01	6.075688702044885758e-01	5.585724774169680273e-01	6.075688702044885758e-01	5.695780054985459806e-01	6.075688702044885758e-01	6.075688702044885758e-01	5.826769248522749578e-01	5.613016939433179697e-01	6.075688702044885758e-01	6.075688702044885758e-01	5.714879112694729590e-01	5.539643340023370222e-01	6.075688702044885758e-01	5.992730423953599450e-01	5.961143125353539629e-01	6.075688702044885758e-01	6.075688702044885758e-01	6.560925927393309598e-01	6.292363202274989797e-01	6.084383189762340161e-01	6.484431206189109620e-01	6.646226568075970231e-01	6.379486353020280553e-01	6.075688702044885758e-01	6.675040236793680082e-01	6.075688702044885758e-01	5.570430955146049579e-01	6.075688702044885758e-01	6.636003250552140464e-01	6.724493199019909717e-01
6.075688702044885758e-01	6.724818550616019630e-01	6.075688702044885758e-01	6.075688702044885758e-01	6.733741749167549973e-01	6.075688702044885758e-01	6.465267613337200014e-01	6.075688702044885758e-01	6.946813989667539602e-01	1.000000000000000000e+00	6.697778697531230341e-01	6.530486697073110136e-01	6.091358149235139852e-01	5.438370291212529795e-01	6.396277695532189833e-01	6.075688702044885758e-01	6.075688702044885758e-01	6.075688702044885758e-01	6.067154196747409634e-01	6.075688702044885758e-01	5.660472045133919661e-01	6.075688702044885758e-01	6.936196909248589781e-01	6.075688702044885758e-01	6.744664437708659532e-01	6.918780948675760101e-01	6.224386708150539960e-01	6.953449770007069652e-01	6.203348864717810329e-01	6.075688702044885758e-01	6.622968160384520298e-01	6.075688702044885758e-01	6.075688702044885758e-01	6.075688702044885758e-01	6.075688702044885758e-01	5.965145176598209975e-01	6.255397968146160226e-01	6.449620685932599962e-01	6.088625595593929463e-01	5.627170803144969646e-01	6.075688702044885758e-01	6.075688702044885758e-01	6.251525010901070045e-01	6.075688702044885758e-01	6.075688702044885758e-01	6.128868773283669968e-01	6.075688702044885758e-01	6.075688702044885758e-01	6.284692825224570401e-01	6.140097300093440014e-01	6.075688702044885758e-01	6.075688702044885758e-01	5.610355559033890493e-01	5.727421587782569601e-01	6.075688702044885758e-01	6.075688702044885758e-01	6.075688702044885758e-01	5.860847216177610397e-01	5.662657016322090175e-01	5.840911881698820363e-01	6.075688702044885758e-01	6.075688702044885758e-01	6.075688702044885758e-01	5.898110571062400442e-01	6.075688702044885758e-01	6.216365085062960372e-01	6.070326795427429811e-01	6.075688702044885758e-01	6.075688702044885758e-01	6.075688702044885758e-01	5.701147244354229926e-01	6.162151269438199686e-01	6.075688702044885758e-01	6.097912331180780354e-01	5.581683257378130536e-01	6.075688702044885758e-01	6.075688702044885758e-01	5.478139890034600112e-01	5.849663977008620064e-01	6.075688702044885758e-01	6.075688702044885758e-01	6.075688702044885758e-01	5.912798231953909633e-01	6.075688702044885758e-01	6.215970415332360277e-01	5.747563761801319782e-01	6.075688702044885758e-01	6.075688702044885758e-01	6.075688702044885758e-01	6.075688702044885758e-01	6.238084765069310533e-01	6.075688702044885758e-01	6.075688702044885758e-01	5.366847037291460065e-01	5.355048050285230454e-01	6.075688702044885758e-01	5.836525511413640510e-01	5.783342633529759969e-01	5.692590824187350185e-01	6.075688702044885758e-01	6.075688702044885758e-01	6.075688702044885758e-01	6.075688702044885758e-01	6.075688702044885758e-01	5.747731621079299469e-01	6.075688702044885758e-01	6.075688702044885758e-01	5.855493625773739996e-01	5.834809687718109927e-01	5.904840166169980087e-01	6.342829393535840410e-01	6.075688702044885758e-01	6.075688702044885758e-01	6.075688702044885758e-01	6.245500319976909909e-01	6.075688702044885758e-01	6.481529432030429527e-01	6.682533508084560481e-01	6.075688702044885758e-01	6.075688702044885758e-01	6.075688702044885758e-01	6.639844001455550426e-01	6.075688702044885758e-01	6.922635586140449826e-01
6.075688702044885758e-01	6.614886628851750494e-01	6.405974287769210518e-01	6.075688702044885758e-01	6.795187484057350069e-01	6.380298626453250188e-01	6.633802376473759699e-01	6.376841640077780538e-01	6.253806680356289727e-01	6.697778697531230341e-01	1.000000000000000000e+00	6.075688702044885758e-01	6.424715796765529952e-01	6.075688702044885758e-01	6.072511832978659818e-01	6.075688702044885758e-01	6.075688702044885758e-01	6.075688702044885758e-01	5.814631812067529992e-01	6.075688702044885758e-01	5.975890662453869906e-01	6.075688702044885758e-01	6.342721547177370134e-01	6.055234115018840457e-01	6.075688702044885758e-01	6.075688702044885758e-01	5.843553893227589890e-01	6.075688702044885758e-01	6.075688702044885758e-01	6.075688702044885758e-01	6.075688702044885758e-01	5.926925936950859786e-01	5.428866564590170141e-01	6.451337446298690548e-01	6.075688702044885758e-01	6.075688702044885758e-01	5.981296591406689567e-01	6.075688702044885758e-01	6.075688702044885758e-01	5.650822460070650255e-01	5.932884673314480217e-01	6.075688702044885758e-01	6.075688702044885758e-01	6.301247108942860109e-01	6.075688702044885758e-01	6.075688702044885758e-01	6.075688702044885758e-01	6.255989058108509804e-01	6.075688702044885758e-01	6.157985824561279520e-01	6.872069526955389973e-01	6.078482194147439843e-01	5.893568427145320365e-01	6.075688702044885758e-01	6.360480995999580056e-01	6.075688702044885758e-01	6.381178329838389507e-01	5.794362863113079465e-01	5.765629277674619857e-01	5.812990467750399626e-01	6.075688702044885758e-01	6.235144124579520275e-01	6.557280287021189924e-01	6.033224385105140364e-01	6.075688702044885758e-01	6.483349912649359892e-01	6.075688702044885758e-01	6.493223533705480000e-01	6.028158249771750077e-01	6.075688702044885758e-01	6.075688702044885758e-01	6.075688702044885758e-01	6.075688702044885758e-01	6.156098083421559508e-01	5.901202887207239733e-01	6.075688702044885758e-01	6.075688702044885758e-01	6.075688702044885758e-01	6.075688702044885758e-01	6.075688702044885758e-01	6.810108393298629492e-01	6.075688702044885758e-01	6.075688702044885758e-01	5.984766792066450458e-01	6.075688702044885758e-01	5.737229698031740543e-01	6.075688702044885758e-01	6.075688702044885758e-01	6.799187613339530145e-01	6.075688702044885758e-01	6.075688702044885758e-01	6.075688702044885758e-01	5.716701366350049884e-01	5.220209690482939813e-01	6.075688702044885758e-01	6.075688702044885758e-01	6.104809405116690124e-01	6.066684330129540337e-01	6.075688702044885758e-01	6.484085742624450255e-01	6.114026874851119508e-01	6.075688702044885758e-01	6.029421038208290229e-01	6.075688702044885758e-01	6.023558943595289650e-01	5.931890014476780548e-01	6.075688702044885758e-01	6.075688702044885758e-01	5.706348813237720474e-01	5.516440855785790243e-01	6.075688702044885758e-01	6.284685250229800069e-01	6.075688702044885758e-01	6.198434231179680287e-01	6.075688702044885758e-01	6.075688702044885758e-01	6.133017829025360079e-01	6.654373701592080081e-01	6.730839449238139593e-01	6.075688702044885758e-01	6.075688702044885758e-01	6.075688702044885758e-01	6.075688702044885758e-01	6.512963234029289783e-01
6.544469317482169979e-01	6.075688702044885758e-01	6.341338838271589617e-01	5.558617071157869738e-01	6.075688702044885758e-01	6.075688702044885758e-01	6.075688702044885758e-01	6.720180253145470184e-01	6.533903113159650333e-01	6.530486697073110136e-01	6.075688702044885758e-01	1.000000000000000000e+00	6.075688702044885758e-01	5.986761072565609521e-01	6.101265024158809558e-01	6.075688702044885758e-01	6.075688702044885758e-01	5.110162890659359913e-01	5.702687788619830167e-01	6.075688702044885758e-01	6.057569863784779685e-01	6.075688702044885758e-01	6.075688702044885758e-01	5.778273570725209751e-01	6.075688702044885758e-01	6.075688702044885758e-01	6.075688702044885758e-01	6.075688702044885758e-01	6.075688702044885758e-01	6.075688702044885758e-01	5.970827306056739614e-01	6.075688702044885758e-01	5.195964637265400032e-01	6.075688702044885758e-01	5.776534541191370442e-01	6.075688702044885758e-01	5.796731948686559832e-01	6.075688702044885758e-01	6.075688702044885758e-01	5.519840888855039873e-01	5.976377851286589493e-01	6.645987493088210130e-01	6.449100125468240075e-01	6.075688702044885758e-01	5.042566245979399620e-01	6.075688702044885758e-01	5.369717792021200253e-01	6.343497458526280441e-01	6.036112403936509940e-01	6.075688702044885758e-01	6.953929544049960443e-01	6.167507892896919586e-01	6.075688702044885758e-01	6.075688702044885758e-01	6.075688702044885758e-01	6.075688702044885758e-01	6.075688702044885758e-01	5.445659202678350130e-01	5.635243371586200478e-01	6.075688702044885758e-01	6.075688702044885758e-01	5.790028647485729874e-01	6.075688702044885758e-01	6.075688702044885758e-01	6.075688702044885758e-01	6.075688702044885758e-01	5.560371793960839915e-01	6.075688702044885758e-01	6.075688702044885758e-01	6.386291617924769737e-01	6.289188986906549816e-01	6.256116247860930013e-01	5.625635155313150060e-01	5.904054885014600185e-01	5.964728758292270339e-01	6.337867492869440067e-01	6.075688702044885758e-01	6.075688702044885758e-01	6.075688702044885758e-01	5.740278689403980339e-01	7.233017763561969682e-01	5.905126659757710117e-01	5.573626821971909839e-01	6.075688702044885758e-01	6.075688702044885758e-01	6.075688702044885758e-01	6.075688702044885758e-01	6.075688702044885758e-01	6.877723384255930439e-01	6.093462811379020128e-01	6.075688702044885758e-01	6.075688702044885758e-01	6.075688702044885758e-01	5.366478640769509756e-01	6.172326893476890453e-01	6.075688702044885758e-01	6.075688702044885758e-01	6.124498561464889468e-01	6.075688702044885758e-01	6.075688702044885758e-01	6.075688702044885758e-01	6.363156957077600318e-01	6.075688702044885758e-01	6.075688702044885758e-01	6.075688702044885758e-01	6.129222656620609833e-01	6.573944352734709673e-01	5.723269139696149921e-01	6.075688702044885758e-01	6.075688702044885758e-01	5.733632790309769467e-01	6.075688702044885758e-01	6.075688702044885758e-01	6.315297472808389934e-01	6.075688702044885758e-01	6.075688702044885758e-01	6.075688702044885758e-01	6.647774978254600287e-01	6.075688702044885758e-01	6.075688702044885758e-01	6.075688702044885758e-01	7.132812962506139831e-01	6.663569507185259644e-01	6.075688702044885758e-01
