1.000000000000000000e+00	4.228086507674799766e-01	5.955747143027111390e-01	6.358514371471749582e-01	5.955747143027111390e-01	5.955747143027111390e-01	6.406906020857040529e-01	5.955747143027111390e-01	5.955747143027111390e-01	5.955747143027111390e-01	5.955747143027111390e-01	5.955747143027111390e-01	7.522240680925850187e-01	1.266015045633659963e-01	5.955747143027111390e-01	5.955747143027111390e-01	5.955747143027111390e-01	5.955747143027111390e-01	8.348143065883190106e-01	5.955747143027111390e-01	3.467315710315240218e-01	8.986191155628390215e-01	5.955747143027111390e-01	5.955747143027111390e-01	7.519875455151190380e-01	5.955747143027111390e-01	8.690980719815749600e-01	5.955747143027111390e-01	5.955747143027111390e-01	5.955747143027111390e-01	6.295277513664380153e-01	8.763292280852029714e-01	5.955747143027111390e-01	6.559905398210710281e-01	5.955747143027111390e-01	5.955747143027111390e-01	7.856578723222830130e-01	7.564373308400680340e-01	8.914538688036719449e-01	5.955747143027111390e-01	5.955747143027111390e-01	5.955747143027111390e-01	5.955747143027111390e-01	5.955747143027111390e-01	5.955747143027111390e-01	5.955747143027111390e-01	4.347264803069920136e-01	5.955747143027111390e-01	7.275919137448040308e-01	5.955747143027111390e-01	8.506111428949679754e-01	5.955747143027111390e-01	5.955747143027111390e-01	8.527888217639190138e-01	8.375926355676700519e-01	5.245839402652530126e-01	5.955747143027111390e-01	5.955747143027111390e-01	5.955747143027111390e-01	5.955747143027111390e-01	5.955747143027111390e-01	3.737965777929549982e-01	5.955747143027111390e-01	1.561467115133770012e-01	5.955747143027111390e-01	5.955747143027111390e-01	6.112991973166650439e-01	5.955747143027111390e-01	5.955747143027111390e-01	8.096002695745919686e-01	8.572019402631000373e-01	5.955747143027111390e-01	5.955747143027111390e-01	5.955747143027111390e-01	2.334118753600269991e-01	5.955747143027111390e-01	5.955747143027111390e-01	8.133727349651590499e-01	5.955747143027111390e-01	5.955747143027111390e-01	8.034688433295590348e-01	5.955747143027111390e-01	7.884019525723530153e-01	5.955747143027111390e-01	5.955747143027111390e-01	8.746832363850010061e-01	5.955747143027111390e-01	5.955747143027111390e-01	5.955747143027111390e-01	5.955747143027111390e-01	5.955747143027111390e-01	5.955747143027111390e-01	8.222848802286579772e-01	5.955747143027111390e-01	5.955747143027111390e-01	5.955747143027111390e-01	5.955747143027111390e-01	5.955747143027111390e-01	5.955747143027111390e-01	5.955747143027111390e-01	5.955747143027111390e-01	5.955747143027111390e-01	8.423934688250559466e-01	5.173681139584399569e-01	5.955747143027111390e-01	5.955747143027111390e-01	5.955747143027111390e-01	5.955747143027111390e-01	5.601600156323790491e-01	7.828858765426149890e-01	5.955747143027111390e-01	5.955747143027111390e-01	5.955747143027111390e-01	5.955747143027111390e-01	5.955747143027111390e-01	5.955747143027111390e-01	5.955747143027111390e-01	5.955747143027111390e-01	8.644404863915670090e-01	8.343749651804710510e-01	4.370598126385479842e-01	5.955747143027111390e-01	5.955747143027111390e-01	5.955747143027111390e-01
4.228086507674799766e-01	1.000000000000000000e+00	6.759444420592229941e-01	5.955747143027111390e-01	5.955747143027111390e-01	5.955747143027111390e-01	5.955747143027111390e-01	5.955747143027111390e-01	4.976936210989639786e-01	6.229261705202769894e-01	5.068859686741240544e-01	5.955747143027111390e-01	5.955747143027111390e-01	5.955747143027111390e-01	5.955747143027111390e-01	5.955747143027111390e-01	5.097285593100150392e-01	5.955747143027111390e-01	5.955747143027111390e-01	5.955747143027111390e-01	5.955747143027111390e-01	5.955747143027111390e-01	5.955747143027111390e-01	5.955747143027111390e-01	5.955747143027111390e-01	5.955747143027111390e-01	5.955747143027111390e-01	4.656771400607179756e-01	2.896504711033500157e-01	5.955747143027111390e-01	3.975806336622810244e-01	2.883169123019019842e-01	5.955747143027111390e-01	5.955747143027111390e-01	3.728344052594759761e-01	5.955747143027111390e-01	5.955747143027111390e-01	5.955747143027111390e-01	5.955747143027111390e-01	5.955747143027111390e-01	3.585630828043980256e-01	4.906631514912719871e-01	4.353778404741430186e-01	5.955747143027111390e-01	5.955747143027111390e-01	5.955747143027111390e-01	5.955747143027111390e-01	3.296964912698959749e-01	5.955747143027111390e-01	6.133336500824539961e-01	3.221962210414299754e-01	5.955747143027111390e-01	5.955747143027111390e-01	5.955747143027111390e-01	5.955747143027111390e-01	5.585577294392880532e-01	5.955747143027111390e-01	3.113794503717939866e-01	5.955747143027111390e-01	5.955747143027111390e-01	5.955747143027111390e-01	5.955747143027111390e-01	5.955747143027111390e-01	5.955747143027111390e-01	5.955747143027111390e-01	5.955747143027111390e-01	5.955747143027111390e-01	5.683572117733920459e-01	5.955747143027111390e-01	5.955747143027111390e-01	5.955747143027111390e-01	5.955747143027111390e-01	5.955747143027111390e-01	5.955747143027111390e-01	4.280320711706330217e-01	5.425696105593079688e-01	5.955747143027111390e-01	5.955747143027111390e-01	5.955747143027111390e-01	3.322101978301880143e-01	3.421749723172700097e-01	5.955747143027111390e-01	5.955747143027111390e-01	6.308029619843209534e-01	3.435461971884329890e-01	5.955747143027111390e-01	5.955747143027111390e-01	5.955747143027111390e-01	5.955747143027111390e-01	5.955747143027111390e-01	5.955747143027111390e-01	5.955747143027111390e-01	4.375501150652519877e-01	3.430181539091219922e-01	2.966546306399610033e-01	5.955747143027111390e-01	5.955747143027111390e-01	5.955747143027111390e-01	3.076910488320350190e-01	5.955747143027111390e-01	5.955747143027111390e-01	5.955747143027111390e-01	5.955747143027111390e-01	5.955747143027111390e-01	3.319082700973819966e-01	5.955747143027111390e-01	6.404935278285459610e-01	5.955747143027111390e-01	5.955747143027111390e-01	5.955747143027111390e-01	5.955747143027111390e-01	4.325386523657719917e-01	5.955747143027111390e-01	5.799440055087380363e-01	5.955747143027111390e-01	4.070666630891640048e-01	5.955747143027111390e-01	4.816530343175470241e-01	5.955747143027111390e-01	2.948752703171820255e-01	6.662729873657999846e-01	3.339042496461619991e-01	5.955747143027111390e-01	5.955747143027111390e-01
5.955747143027111390e-01	6.759444420592229941e-01	1.000000000000000000e+00	5.955747143027111390e-01	5.955747143027111390e-01	5.955747143027111390e-01	5.955747143027111390e-01	5.955747143027111390e-01	5.955747143027111390e-01	5.955747143027111390e-01	5.955747143027111390e-01	5.955747143027111390e-01	5.955747143027111390e-01	5.955747143027111390e-01	5.955747143027111390e-01	5.955747143027111390e-01	5.955747143027111390e-01	5.955747143027111390e-01	5.955747143027111390e-01	5.955747143027111390e-01	5.955747143027111390e-01	5.955747143027111390e-01	5.955747143027111390e-01	5.955747143027111390e-01	5.955747143027111390e-01	5.955747143027111390e-01	5.955747143027111390e-01	5.955747143027111390e-01	5.955747143027111390e-01	5.955747143027111390e-01	4.676104136346950213e-01	5.955747143027111390e-01	5.955747143027111390e-01	5.955747143027111390e-01	5.955747143027111390e-01	5.955747143027111390e-01	5.955747143027111390e-01	5.955747143027111390e-01	5.955747143027111390e-01	5.955747143027111390e-01	5.955747143027111390e-01	6.337076321156419612e-01	5.955747143027111390e-01	3.181077305777860187e-01	3.359650553829949815e-01	7.102674282833100206e-01	5.955747143027111390e-01	5.955747143027111390e-01	5.955747143027111390e-01	5.955747143027111390e-01	5.955747143027111390e-01	4.167932702032969838e-01	5.546725166138190000e-01	3.477999121548029926e-01	5.955747143027111390e-01	5.955747143027111390e-01	5.955747143027111390e-01	5.955747143027111390e-01	3.022784326338039951e-01	5.955747143027111390e-01	5.955747143027111390e-01	7.109524213583400254e-01	5.955747143027111390e-01	5.955747143027111390e-01	5.955747143027111390e-01	6.295105364560570349e-01	5.955747143027111390e-01	6.759952762424179529e-01	3.714935548894809925e-01	5.955747143027111390e-01	5.955747143027111390e-01	5.955747143027111390e-01	5.955747143027111390e-01	4.004941586985880098e-01	5.955747143027111390e-01	6.964576863698289655e-01	5.955747143027111390e-01	5.955747143027111390e-01	5.955747143027111390e-01	3.882492981536049825e-01	5.955747143027111390e-01	3.366709244458970240e-01	5.955747143027111390e-01	7.777060783911720065e-01	3.315408791515290221e-01	3.436871459629329828e-01	5.955747143027111390e-01	5.955747143027111390e-01	5.955747143027111390e-01	6.264537699159220541e-01	6.206264937948400284e-01	5.955747143027111390e-01	5.955747143027111390e-01	5.955747143027111390e-01	5.955747143027111390e-01	5.955747143027111390e-01	5.955747143027111390e-01	5.955747143027111390e-01	3.665889882545840250e-01	5.955747143027111390e-01	5.955747143027111390e-01	5.955747143027111390e-01	5.955747143027111390e-01	5.955747143027111390e-01	3.978715738315730110e-01	4.015194775811600225e-01	5.955747143027111390e-01	5.955747143027111390e-01	5.955747143027111390e-01	5.955747143027111390e-01	5.955747143027111390e-01	5.955747143027111390e-01	5.955747143027111390e-01	5.955747143027111390e-01	6.946174773886309994e-01	5.955747143027111390e-01	5.955747143027111390e-01	5.955747143027111390e-01	5.013236508750910092e-01	5.955747143027111390e-01	5.955747143027111390e-01	3.208334343646629949e-01	3.014508865166889984e-01	5.955747143027111390e-01
6.358514371471749582e-01	5.955747143027111390e-01	5.955747143027111390e-01	1.000000000000000000e+00	5.955747143027111390e-01	5.947317734481499807e-01	5.955747143027111390e-01	6.131785259294599832e-01	5.955747143027111390e-01	5.955747143027111390e-01	5.955747143027111390e-01	5.955747143027111390e-01	5.955747143027111390e-01	5.955747143027111390e-01	5.955747143027111390e-01	6.426383217848390395e-01	5.955747143027111390e-01	3.307801790269899733e-01	6.088426176301350301e-01	5.955747143027111390e-01	5.955747143027111390e-01	6.092048516964170268e-01	5.955747143027111390e-01	5.955747143027111390e-01	5.955747143027111390e-01	6.197657758517269855e-01	5.955747143027111390e-01	5.955747143027111390e-01	6.040251021467689663e-01	5.955747143027111390e-01	5.955747143027111390e-01	5.869240866346839836e-01	5.955747143027111390e-01	5.955747143027111390e-01	5.955747143027111390e-01	5.625278394358810274e-01	6.360949167888410027e-01	6.049632120282769643e-01	5.955747143027111390e-01	5.955747143027111390e-01	5.978748606546050448e-01	5.955747143027111390e-01	5.955747143027111390e-01	5.955747143027111390e-01	5.867676190144049952e-01	5.955747143027111390e-01	5.955747143027111390e-01	5.901227286212320511e-01	5.955747143027111390e-01	5.955747143027111390e-01	6.237827484750040341e-01	5.955747143027111390e-01	5.955747143027111390e-01	5.955747143027111390e-01	5.955747143027111390e-01	5.720214294971309732e-01	5.955747143027111390e-01	5.955747143027111390e-01	5.639525641932270350e-01	5.955747143027111390e-01	5.955747143027111390e-01	5.955747143027111390e-01	5.955747143027111390e-01	5.955747143027111390e-01	5.955747143027111390e-01	4.357292061614609913e-01	5.955747143027111390e-01	5.955747143027111390e-01	6.122318621781609460e-01	5.955747143027111390e-01	5.955747143027111390e-01	5.955747143027111390e-01	5.955747143027111390e-01	5.955747143027111390e-01	5.955747143027111390e-01	5.955747143027111390e-01	5.955747143027111390e-01	5.849172503137619605e-01	5.033429681070720196e-01	5.955747143027111390e-01	5.955747143027111390e-01	5.955747143027111390e-01	5.955747143027111390e-01	5.955747143027111390e-01	5.955747143027111390e-01	6.191686398805360536e-01	5.955747143027111390e-01	5.955747143027111390e-01	5.955747143027111390e-01	5.955747143027111390e-01	5.955747143027111390e-01	5.188912631833639821e-01	6.384606400443210150e-01	5.955747143027111390e-01	5.955747143027111390e-01	5.955747143027111390e-01	5.955747143027111390e-01	6.126966337255209671e-01	6.113953257002010533e-01	5.955747143027111390e-01	5.955747143027111390e-01	4.284770930878740169e-01	5.787993078883699738e-01	5.530632402352509969e-01	6.434384213864300373e-01	6.227473327067479802e-01	5.955747143027111390e-01	4.996607398511460074e-01	5.955747143027111390e-01	5.955747143027111390e-01	5.955747143027111390e-01	5.955747143027111390e-01	5.683455551166100017e-01	4.542938869477720076e-01	4.723495974691109822e-01	6.290975198037239702e-01	5.955747143027111390e-01	5.955747143027111390e-01	5.955747143027111390e-01	6.221856051926349940e-01	5.955747143027111390e-01	5.955747143027111390e-01	5.955747143027111390e-01	5.955747143027111390e-01
5.955747143027111390e-01	5.955747143027111390e-01	5.955747143027111390e-01	5.955747143027111390e-01	1.000000000000000000e+00	5.955747143027111390e-01	7.581665545520800409e-01	5.955747143027111390e-01	5.955747143027111390e-01	6.724644885248729498e-01	5.955747143027111390e-01	4.832989654974639837e-01	5.955747143027111390e-01	2.446862230040099950e-01	6.842530248191099895e-01	7.940546023210469651e-01	5.955747143027111390e-01	5.955747143027111390e-01	5.955747143027111390e-01	5.955747143027111390e-01	4.740804004421479978e-01	5.955747143027111390e-01	5.955747143027111390e-01	6.839490277303530430e-01	7.844824651346270494e-01	7.613245168731499479e-01	5.955747143027111390e-01	6.939482228119370211e-01	5.955747143027111390e-01	5.955747143027111390e-01	5.955747143027111390e-01	5.955747143027111390e-01	5.955747143027111390e-01	5.955747143027111390e-01	5.955747143027111390e-01	5.955747143027111390e-01	5.955747143027111390e-01	5.955747143027111390e-01	6.971674897312130081e-01	7.907446580926309476e-01	6.847958784733340076e-01	5.698200737695270357e-01	5.955747143027111390e-01	6.620185967279049732e-01	5.955747143027111390e-01	5.955747143027111390e-01	5.955747143027111390e-01	5.955747143027111390e-01	7.875669551399220314e-01	5.955747143027111390e-01	5.955747143027111390e-01	5.955747143027111390e-01	6.934929291269540386e-01	6.785650604408419717e-01	5.955747143027111390e-01	5.955747143027111390e-01	5.955747143027111390e-01	5.955747143027111390e-01	6.379370720669470529e-01	5.955747143027111390e-01	5.955747143027111390e-01	5.955747143027111390e-01	6.518196307763980402e-01	2.438995989371300077e-01	5.955747143027111390e-01	4.967622092219209917e-01	6.638450538164759607e-01	5.955747143027111390e-01	7.251982927455260519e-01	6.204949768176559743e-01	5.955747143027111390e-01	5.955747143027111390e-01	6.784398181481009482e-01	5.955747143027111390e-01	5.955747143027111390e-01	5.955747143027111390e-01	5.955747143027111390e-01	5.955747143027111390e-01	5.955747143027111390e-01	5.955747143027111390e-01	5.955747143027111390e-01	5.955747143027111390e-01	5.955747143027111390e-01	5.416023479500530202e-01	5.955747143027111390e-01	5.955747143027111390e-01	5.955747143027111390e-01	5.955747143027111390e-01	1.000000000000000021e-03	5.955747143027111390e-01	5.955747143027111390e-01	5.955747143027111390e-01	5.955747143027111390e-01	5.955747143027111390e-01	5.955747143027111390e-01	5.955747143027111390e-01	5.955747143027111390e-01	5.955747143027111390e-01	5.955747143027111390e-01	5.955747143027111390e-01	5.955747143027111390e-01	5.955747143027111390e-01	7.044498975116739725e-01	5.955747143027111390e-01	5.955747143027111390e-01	7.115991550255990061e-01	5.955747143027111390e-01	5.955747143027111390e-01	6.316530977141440184e-01	5.955747143027111390e-01	6.596196947943380184e-01	6.742045246417139870e-01	5.955747143027111390e-01	5.955747143027111390e-01	5.955747143027111390e-01	5.955747143027111390e-01	6.684446973188630237e-01	8.172465814633259606e-01	5.955747143027111390e-01	5.955747143027111390e-01	5.955747143027111390e-01	6.592184703934730328e-01	6.502796126935259657e-01	5.955747143027111390e-01
5.955747143027111390e-01	5.955747143027111390e-01	5.955747143027111390e-01	5.947317734481499807e-01	5.955747143027111390e-01	1.000000000000000000e+00	5.955747143027111390e-01	5.955747143027111390e-01	5.955747143027111390e-01	6.266765136018089821e-01	6.683487374964719452e-01	5.955747143027111390e-01	6.337206293359090026e-01	2.758155081346400084e-01	5.396840613897789796e-01	5.955747143027111390e-01	5.955747143027111390e-01	5.955747143027111390e-01	5.477613395216760495e-01	5.955747143027111390e-01	5.955747143027111390e-01	5.955747143027111390e-01	5.955747143027111390e-01	5.955747143027111390e-01	6.022767561364410493e-01	5.955747143027111390e-01	5.955747143027111390e-01	5.955747143027111390e-01	5.170216037037560497e-01	5.955747143027111390e-01	5.955747143027111390e-01	5.955747143027111390e-01	5.955747143027111390e-01	5.955747143027111390e-01	5.955747143027111390e-01	5.955747143027111390e-01	6.314760715513549894e-01	5.918560236359799998e-01	5.265961370711850220e-01	5.955747143027111390e-01	5.955747143027111390e-01	5.955747143027111390e-01	5.955747143027111390e-01	5.051458952222499521e-01	5.955747143027111390e-01	5.955747143027111390e-01	5.586684797489720467e-01	5.955747143027111390e-01	7.110253318283830115e-01	5.955747143027111390e-01	5.512249384007019692e-01	5.955747143027111390e-01	6.217688928234359480e-01	5.955747143027111390e-01	4.999135838438439894e-01	5.955747143027111390e-01	5.955747143027111390e-01	5.955747143027111390e-01	4.832295846151299923e-01	5.955747143027111390e-01	5.955747143027111390e-01	5.531123958665720153e-01	5.955747143027111390e-01	2.710025212224220215e-01	5.955747143027111390e-01	5.103910968536370385e-01	5.955747143027111390e-01	5.955747143027111390e-01	5.325480720071840146e-01	5.955747143027111390e-01	5.318894980516020166e-01	5.955747143027111390e-01	5.955747143027111390e-01	5.281500646105730112e-01	3.776185272946390170e-01	5.955747143027111390e-01	5.955747143027111390e-01	5.955747143027111390e-01	5.955747143027111390e-01	5.955747143027111390e-01	5.955747143027111390e-01	5.955747143027111390e-01	5.955747143027111390e-01	5.358385401660390457e-01	5.955747143027111390e-01	5.365460193003389611e-01	5.955747143027111390e-01	5.955747143027111390e-01	5.955747143027111390e-01	5.955747143027111390e-01	5.955747143027111390e-01	5.955747143027111390e-01	5.955747143027111390e-01	5.115019028372500554e-01	5.955747143027111390e-01	5.955747143027111390e-01	5.955747143027111390e-01	5.955747143027111390e-01	5.955747143027111390e-01	5.955747143027111390e-01	6.110192572888669682e-01	5.955747143027111390e-01	5.955747143027111390e-01	5.955747143027111390e-01	5.955747143027111390e-01	5.955747143027111390e-01	5.955747143027111390e-01	5.955747143027111390e-01	5.955747143027111390e-01	5.955747143027111390e-01	5.955747143027111390e-01	5.955747143027111390e-01	5.447662381497979656e-01	5.955747143027111390e-01	5.955747143027111390e-01	5.549949333653450001e-01	5.955747143027111390e-01	5.955747143027111390e-01	5.955747143027111390e-01	5.955747143027111390e-01	5.955747143027111390e-01	5.955747143027111390e-01	4.644022581390129800e-01	5.955747143027111390e-01
6.406906020857040529e-01	5.955747143027111390e-01	5.955747143027111390e-01	5.955747143027111390e-01	7.581665545520800409e-01	5.955747143027111390e-01	1.000000000000000000e+00	5.955747143027111390e-01	5.955747143027111390e-01	5.955747143027111390e-01	5.955747143027111390e-01	5.955747143027111390e-01	6.399157929779949461e-01	5.955747143027111390e-01	5.955747143027111390e-01	6.709444944538850431e-01	5.955747143027111390e-01	5.955747143027111390e-01	5.955747143027111390e-01	5.550176992750579519e-01	5.955747143027111390e-01	5.955747143027111390e-01	5.697460623092910348e-01	5.955747143027111390e-01	5.955747143027111390e-01	6.083932473840759636e-01	5.955747143027111390e-01	5.955747143027111390e-01	5.955747143027111390e-01	5.955747143027111390e-01	5.955747143027111390e-01	5.532258486136889530e-01	5.955747143027111390e-01	5.999671697533519588e-01	6.399070434285779596e-01	5.955747143027111390e-01	5.955747143027111390e-01	5.955747143027111390e-01	5.955747143027111390e-01	5.955747143027111390e-01	5.955747143027111390e-01	5.955747143027111390e-01	5.955747143027111390e-01	5.955747143027111390e-01	5.955747143027111390e-01	5.955747143027111390e-01	5.955747143027111390e-01	5.955747143027111390e-01	5.955747143027111390e-01	5.839263868126669532e-01	5.955747143027111390e-01	5.955747143027111390e-01	5.955747143027111390e-01	5.633591327806279914e-01	5.772068397473859580e-01	5.955747143027111390e-01	5.955747143027111390e-01	5.955747143027111390e-01	5.955747143027111390e-01	5.809042826030399453e-01	5.435794772743069991e-01	5.955747143027111390e-01	5.955747143027111390e-01	5.955747143027111390e-01	6.312818316525500295e-01	5.955747143027111390e-01	5.955747143027111390e-01	6.339199534304870154e-01	6.714859709635510043e-01	5.955747143027111390e-01	5.955747143027111390e-01	5.955747143027111390e-01	5.955747143027111390e-01	6.267750601081959472e-01	5.955747143027111390e-01	5.955747143027111390e-01	5.955747143027111390e-01	5.955747143027111390e-01	5.955747143027111390e-01	5.812816853483869783e-01	5.955747143027111390e-01	5.955747143027111390e-01	5.955747143027111390e-01	5.955747143027111390e-01	5.955747143027111390e-01	5.955747143027111390e-01	5.955747143027111390e-01	5.955747143027111390e-01	5.955747143027111390e-01	5.955747143027111390e-01	5.955747143027111390e-01	5.344336865677550286e-01	5.955747143027111390e-01	6.017952031078079855e-01	5.955747143027111390e-01	5.028545661489319807e-01	5.978012921531929980e-01	5.955747143027111390e-01	5.955747143027111390e-01	5.955747143027111390e-01	5.955747143027111390e-01	5.955747143027111390e-01	6.397758145422950404e-01	6.489517188426400240e-01	5.955747143027111390e-01	5.955747143027111390e-01	5.955747143027111390e-01	5.955747143027111390e-01	6.774016619829940078e-01	5.955747143027111390e-01	5.955747143027111390e-01	5.799559000474819870e-01	5.955747143027111390e-01	5.955747143027111390e-01	5.703033321099549857e-01	6.460213396712169986e-01	5.955747143027111390e-01	5.955747143027111390e-01	6.425504594462909669e-01	5.955747143027111390e-01	5.955747143027111390e-01	5.881089759766710001e-01	5.031537420754690348e-01	5.955747143027111390e-01
5.955747143027111390e-01	5.955747143027111390e-01	5.955747143027111390e-01	6.131785259294599832e-01	5.955747143027111390e-01	5.955747143027111390e-01	5.955747143027111390e-01	1.000000000000000000e+00	5.955747143027111390e-01	7.146462040263269477e-01	5.955747143027111390e-01	5.955747143027111390e-01	5.955747143027111390e-01	5.955747143027111390e-01	6.253497888811410110e-01	6.808559614690470330e-01	6.503729781966509638e-01	3.438305031654450006e-01	6.450592498883650494e-01	5.955747143027111390e-01	5.955747143027111390e-01	5.955747143027111390e-01	5.955747143027111390e-01	5.955747143027111390e-01	5.955747143027111390e-01	6.408088757450569606e-01	6.387706200750530305e-01	5.955747143027111390e-01	5.955747143027111390e-01	5.955747143027111390e-01	6.132875279922209710e-01	5.955747143027111390e-01	6.320764345228819803e-01	5.955747143027111390e-01	6.797025755476010511e-01	5.955747143027111390e-01	5.955747143027111390e-01	5.955747143027111390e-01	6.128935351963550326e-01	6.761385567823799958e-01	6.676682752152559575e-01	6.109691323145759467e-01	5.955747143027111390e-01	6.511604488489529663e-01	5.955747143027111390e-01	5.955747143027111390e-01	5.955747143027111390e-01	5.955747143027111390e-01	6.694553960316530494e-01	5.955747143027111390e-01	5.902921974458380516e-01	5.955747143027111390e-01	5.955747143027111390e-01	5.955747143027111390e-01	6.413742624357070543e-01	5.837866824331809923e-01	5.955747143027111390e-01	5.955747143027111390e-01	5.955747143027111390e-01	5.955747143027111390e-01	5.955747143027111390e-01	5.955747143027111390e-01	6.275382486062119902e-01	5.955747143027111390e-01	5.955747143027111390e-01	5.736309638125739463e-01	5.955747143027111390e-01	5.955747143027111390e-01	5.955747143027111390e-01	5.955747143027111390e-01	5.955747143027111390e-01	5.955747143027111390e-01	5.955747143027111390e-01	5.955747143027111390e-01	3.077478496438110223e-01	5.184622032652249635e-01	6.359209932475899940e-01	6.102594701078839501e-01	6.191093811918000345e-01	5.955747143027111390e-01	6.607525537445859687e-01	6.069682789542459878e-01	6.639993772755029555e-01	5.134253076364350132e-01	5.955747143027111390e-01	6.085846052594060529e-01	5.955747143027111390e-01	5.955747143027111390e-01	1.000000000000000021e-03	5.955747143027111390e-01	5.955747143027111390e-01	5.955747143027111390e-01	5.955747143027111390e-01	5.955747143027111390e-01	5.955747143027111390e-01	5.560963545754029624e-01	6.285859273615459486e-01	6.131911021017519836e-01	6.317481078205430256e-01	6.460787573126159922e-01	7.005453553037479519e-01	5.955747143027111390e-01	6.697941614413910338e-01	6.372265798550179605e-01	5.955747143027111390e-01	5.955747143027111390e-01	5.955747143027111390e-01	4.923297749501139853e-01	7.055873894922509715e-01	5.955747143027111390e-01	5.955747143027111390e-01	5.955747143027111390e-01	5.955747143027111390e-01	5.955747143027111390e-01	5.955747143027111390e-01	5.955747143027111390e-01	5.955747143027111390e-01	5.955747143027111390e-01	5.955747143027111390e-01	5.955747143027111390e-01	5.698824066667319554e-01	5.955747143027111390e-01	5.955747143027111390e-01	5.955747143027111390e-01
5.955747143027111390e-01	4.976936210989639786e-01	5.955747143027111390e-01	5.955747143027111390e-01	5.955747143027111390e-01	5.955747143027111390e-01	5.955747143027111390e-01	5.955747143027111390e-01	1.000000000000000000e+00	5.955747143027111390e-01	8.157227168713669929e-01	5.955747143027111390e-01	5.955747143027111390e-01	2.312169648730159899e-01	5.955747143027111390e-01	7.306325145935189669e-01	7.418769762307629856e-01	5.955747143027111390e-01	5.955747143027111390e-01	5.955747143027111390e-01	5.272697846389180487e-01	5.955747143027111390e-01	6.318949697315739966e-01	5.955747143027111390e-01	7.891838806385319538e-01	5.955747143027111390e-01	5.955747143027111390e-01	5.955747143027111390e-01	6.860845373676770498e-01	5.955747143027111390e-01	5.955747143027111390e-01	5.955747143027111390e-01	6.532561030520770418e-01	5.955747143027111390e-01	5.955747143027111390e-01	6.384780997087160515e-01	5.955747143027111390e-01	7.720695153620580342e-01	5.955747143027111390e-01	7.730624695449890282e-01	5.955747143027111390e-01	5.955747143027111390e-01	5.955747143027111390e-01	5.955747143027111390e-01	5.955747143027111390e-01	4.948065017204130167e-01	6.335603489145630318e-01	5.955747143027111390e-01	5.955747143027111390e-01	5.955747143027111390e-01	5.955747143027111390e-01	5.955747143027111390e-01	7.133038983235050479e-01	5.955747143027111390e-01	5.955747143027111390e-01	5.955747143027111390e-01	5.955747143027111390e-01	5.955747143027111390e-01	5.955747143027111390e-01	7.479882484752039540e-01	6.725794314673839702e-01	5.955747143027111390e-01	5.955747143027111390e-01	5.955747143027111390e-01	5.955747143027111390e-01	5.036011182959110322e-01	7.057321174503790040e-01	6.661135815633389967e-01	5.955747143027111390e-01	5.955747143027111390e-01	6.945652428341350104e-01	5.955747143027111390e-01	6.943088756239820247e-01	5.955747143027111390e-01	5.955747143027111390e-01	5.664835659197640094e-01	5.955747143027111390e-01	5.955747143027111390e-01	6.711647033823600061e-01	5.955747143027111390e-01	5.955747143027111390e-01	5.955747143027111390e-01	5.955747143027111390e-01	5.955747143027111390e-01	6.906729905522870361e-01	7.154968219059699708e-01	5.955747143027111390e-01	6.225047063654950419e-01	5.955747143027111390e-01	5.955747143027111390e-01	5.955747143027111390e-01	5.955747143027111390e-01	5.955747143027111390e-01	6.551166059554900389e-01	7.185114376730260544e-01	5.955747143027111390e-01	7.263096999368450213e-01	5.955747143027111390e-01	7.341875802233339687e-01	5.955747143027111390e-01	5.955747143027111390e-01	5.955747143027111390e-01	7.004830971633300152e-01	6.793123557135569701e-01	5.955747143027111390e-01	7.108503592605239785e-01	5.955747143027111390e-01	5.955747143027111390e-01	5.955747143027111390e-01	5.955747143027111390e-01	6.490981424663510024e-01	5.955747143027111390e-01	5.955747143027111390e-01	5.955747143027111390e-01	5.698044916105490243e-01	5.955747143027111390e-01	7.005118310021219985e-01	7.608458240612839818e-01	7.871847678237160473e-01	5.955747143027111390e-01	5.467138018786810161e-01	5.955747143027111390e-01	5.955747143027111390e-01	7.145973486819310327e-01
5.955747143027111390e-01	6.229261705202769894e-01	5.955747143027111390e-01	5.955747143027111390e-01	6.724644885248729498e-01	6.266765136018089821e-01	5.955747143027111390e-01	7.146462040263269477e-01	5.955747143027111390e-01	1.000000000000000000e+00	5.955747143027111390e-01	5.955747143027111390e-01	6.134510674189760371e-01	5.955747143027111390e-01	5.955747143027111390e-01	5.955747143027111390e-01	5.955747143027111390e-01	4.582616847546540084e-01	5.955747143027111390e-01	5.955747143027111390e-01	5.955747143027111390e-01	5.955747143027111390e-01	6.975727351157889888e-01	5.955747143027111390e-01	5.955747143027111390e-01	5.955747143027111390e-01	5.496444524994760217e-01	5.955747143027111390e-01	5.955747143027111390e-01	6.285171735598209519e-01	6.370784787974680397e-01	5.955747143027111390e-01	5.955747143027111390e-01	6.288868136856280433e-01	5.955747143027111390e-01	4.100076554301270160e-01	5.943009438929549582e-01	5.955747143027111390e-01	5.955747143027111390e-01	5.955747143027111390e-01	5.955747143027111390e-01	5.955747143027111390e-01	5.601791637182179651e-01	4.855509763837669857e-01	5.955747143027111390e-01	5.955747143027111390e-01	5.955747143027111390e-01	5.955747143027111390e-01	6.835002944344980014e-01	5.955747143027111390e-01	5.955747143027111390e-01	5.955747143027111390e-01	6.943658379363150113e-01	5.955747143027111390e-01	4.734585240597989908e-01	5.955747143027111390e-01	5.955747143027111390e-01	5.108099852455330048e-01	5.955747143027111390e-01	5.231549425800939845e-01	4.685512278351799953e-01	5.955747143027111390e-01	5.955747143027111390e-01	3.552495846063309926e-01	5.955747143027111390e-01	6.737207301400910398e-01	5.955747143027111390e-01	6.904747030932919527e-01	5.955747143027111390e-01	4.762178256023690270e-01	4.694843058859269891e-01	5.955747143027111390e-01	5.955747143027111390e-01	5.488108843119380298e-01	3.896373068037299880e-01	5.955747143027111390e-01	5.955747143027111390e-01	5.955747143027111390e-01	5.955747143027111390e-01	5.168731703620059736e-01	5.955747143027111390e-01	5.955747143027111390e-01	5.955747143027111390e-01	5.955747143027111390e-01	5.955747143027111390e-01	5.955747143027111390e-01	5.955747143027111390e-01	5.955747143027111390e-01	5.955747143027111390e-01	5.955747143027111390e-01	5.955747143027111390e-01	5.955747143027111390e-01	5.955747143027111390e-01	5.955747143027111390e-01	4.747323024475609832e-01	4.396971544829609835e-01	5.955747143027111390e-01	5.955747143027111390e-01	5.955747143027111390e-01	5.955747143027111390e-01	5.955747143027111390e-01	5.806541401303709771e-01	5.955747143027111390e-01	6.426471086794529608e-01	5.110160647557200342e-01	5.955747143027111390e-01	5.847413293395089529e-01	5.955747143027111390e-01	6.414619639410960028e-01	4.514455228833860190e-01	5.955747143027111390e-01	5.955747143027111390e-01	5.955747143027111390e-01	6.510135600099620223e-01	5.955747143027111390e-01	5.955747143027111390e-01	5.955747143027111390e-01	5.955747143027111390e-01	5.955747143027111390e-01	4.813468978772780238e-01	6.503463009708230214e-01	5.955747143027111390e-01	4.098086885684150138e-01	5.955747143027111390e-01
5.955747143027111390e-01	5.068859686741240544e-01	5.955747143027111390e-01	5.955747143027111390e-01	5.955747143027111390e-01	6.683487374964719452e-01	5.955747143027111390e-01	5.955747143027111390e-01	8.157227168713669929e-01	5.955747143027111390e-01	1.000000000000000000e+00	5.955747143027111390e-01	8.044416822318090077e-01	5.955747143027111390e-01	5.955747143027111390e-01	5.955747143027111390e-01	7.129041353590740426e-01	2.797331067330969812e-01	7.917075030849319850e-01	5.955747143027111390e-01	4.676711574148180173e-01	5.955747143027111390e-01	5.955747143027111390e-01	5.955747143027111390e-01	5.955747143027111390e-01	5.955747143027111390e-01	5.955747143027111390e-01	7.315621741226250307e-01	5.955747143027111390e-01	7.473135517606059874e-01	6.721519430923980076e-01	5.955747143027111390e-01	5.955747143027111390e-01	5.955747143027111390e-01	5.955747143027111390e-01	5.955747143027111390e-01	5.955747143027111390e-01	5.955747143027111390e-01	5.955747143027111390e-01	7.975474097966830378e-01	5.955747143027111390e-01	5.955747143027111390e-01	5.955747143027111390e-01	5.955747143027111390e-01	5.955747143027111390e-01	5.955747143027111390e-01	5.955747143027111390e-01	5.955747143027111390e-01	5.955747143027111390e-01	6.209108354024940324e-01	5.955747143027111390e-01	5.955747143027111390e-01	5.955747143027111390e-01	7.806038093648040022e-01	7.234502849044299744e-01	5.955747143027111390e-01	5.955747143027111390e-01	8.211837890759999814e-01	5.955747143027111390e-01	5.955747143027111390e-01	5.955747143027111390e-01	4.953954522458000054e-01	5.955747143027111390e-01	5.955747143027111390e-01	5.955747143027111390e-01	5.955747143027111390e-01	5.955747143027111390e-01	6.484417127664019453e-01	7.495187922226750343e-01	5.955747143027111390e-01	5.955747143027111390e-01	5.955747143027111390e-01	5.955747143027111390e-01	5.955747143027111390e-01	5.955747143027111390e-01	5.955747143027111390e-01	5.955747143027111390e-01	5.955747143027111390e-01	5.955747143027111390e-01	8.058673381254589652e-01	5.955747143027111390e-01	5.955747143027111390e-01	5.955747143027111390e-01	5.955747143027111390e-01	5.955747143027111390e-01	5.955747143027111390e-01	7.836516188359370361e-01	5.955747143027111390e-01	1.000000000000000021e-03	6.218666675937329913e-01	5.179662130010870280e-01	5.955747143027111390e-01	5.955747143027111390e-01	5.955747143027111390e-01	5.955747143027111390e-01	5.955747143027111390e-01	5.955747143027111390e-01	5.955747143027111390e-01	5.955747143027111390e-01	5.955747143027111390e-01	5.955747143027111390e-01	5.955747143027111390e-01	7.535777895023040296e-01	5.955747143027111390e-01	5.955747143027111390e-01	5.955747143027111390e-01	5.955747143027111390e-01	5.955747143027111390e-01	5.955747143027111390e-01	5.955747143027111390e-01	5.955747143027111390e-01	5.955747143027111390e-01	6.214416717653240552e-01	5.955747143027111390e-01	5.955747143027111390e-01	5.955747143027111390e-01	5.955747143027111390e-01	5.955747143027111390e-01	5.955747143027111390e-01	7.822652646606199633e-01	5.955747143027111390e-01	5.955747143027111390e-01	7.105782652912390196e-01	7.894590879253200466e-01
5.955747143027111390e-01	5.955747143027111390e-01	5.955747143027111390e-01	5.955747143027111390e-01	4.832989654974639837e-01	5.955747143027111390e-01	5.955747143027111390e-01	5.955747143027111390e-01	5.955747143027111390e-01	5.955747143027111390e-01	5.955747143027111390e-01	1.000000000000000000e+00	5.955747143027111390e-01	5.955747143027111390e-01	5.955747143027111390e-01	5.955747143027111390e-01	5.955747143027111390e-01	5.955747143027111390e-01	5.955747143027111390e-01	5.955747143027111390e-01	5.955747143027111390e-01	2.737846648298349894e-01	5.955747143027111390e-01	6.137614928833760031e-01	5.955747143027111390e-01	5.955747143027111390e-01	5.955747143027111390e-01	4.491336353000690007e-01	5.955747143027111390e-01	5.955747143027111390e-01	5.955747143027111390e-01	2.414359960461290033e-01	5.955747143027111390e-01	5.955747143027111390e-01	5.955747143027111390e-01	5.955747143027111390e-01	3.821765261336910191e-01	5.955747143027111390e-01	5.955747143027111390e-01	4.678374439029650000e-01	2.519274909045010058e-01	5.556175377658609804e-01	5.955747143027111390e-01	5.955747143027111390e-01	5.955747143027111390e-01	6.429371436126589678e-01	5.955747143027111390e-01	5.955747143027111390e-01	5.955747143027111390e-01	5.955747143027111390e-01	2.920943952647510056e-01	5.955747143027111390e-01	4.536762540594280191e-01	5.955747143027111390e-01	5.955747143027111390e-01	6.521895991356819744e-01	2.487476765933850087e-01	5.955747143027111390e-01	5.955747143027111390e-01	5.955747143027111390e-01	5.955747143027111390e-01	6.973009563194929594e-01	5.955747143027111390e-01	5.955747143027111390e-01	5.955747143027111390e-01	6.985701639560180087e-01	4.556375734340579742e-01	5.955747143027111390e-01	5.955747143027111390e-01	2.329925760423459946e-01	5.955747143027111390e-01	5.955747143027111390e-01	5.955747143027111390e-01	5.955747143027111390e-01	5.955747143027111390e-01	6.588039781024289665e-01	5.955747143027111390e-01	5.955747143027111390e-01	5.955747143027111390e-01	2.857951575408370082e-01	3.236112529684280203e-01	5.955747143027111390e-01	2.512395079037160195e-01	8.532495254711099930e-01	5.955747143027111390e-01	5.955747143027111390e-01	5.955747143027111390e-01	5.955747143027111390e-01	5.955747143027111390e-01	5.955747143027111390e-01	6.282680040628719764e-01	6.919254037653429501e-01	5.955747143027111390e-01	5.955747143027111390e-01	5.955747143027111390e-01	5.955747143027111390e-01	5.955747143027111390e-01	2.576510512291569910e-01	5.955747143027111390e-01	3.709884927614189865e-01	5.955747143027111390e-01	5.955747143027111390e-01	5.955747143027111390e-01	5.892841712836589529e-01	5.955747143027111390e-01	5.955747143027111390e-01	5.955747143027111390e-01	5.955747143027111390e-01	5.955747143027111390e-01	5.955747143027111390e-01	5.955747143027111390e-01	3.937773318313150250e-01	5.955747143027111390e-01	5.955747143027111390e-01	5.955747143027111390e-01	5.955747143027111390e-01	2.927621261313340106e-01	5.955747143027111390e-01	5.955747143027111390e-01	5.955747143027111390e-01	5.955747143027111390e-01	5.955747143027111390e-01	5.955747143027111390e-01	5.955747143027111390e-01
