1.000000000000000000e+00	4.228086507674799766e-01	6.017917601228830460e-01	6.017917601228830460e-01	6.017917601228830460e-01	6.017917601228830460e-01	6.017917601228830460e-01	6.017917601228830460e-01	6.017917601228830460e-01	5.562142219463079851e-01	8.252020191593339993e-01	6.017917601228830460e-01	6.017917601228830460e-01	1.266015045633659963e-01	8.224029418133289582e-01	6.017917601228830460e-01	6.017917601228830460e-01	2.169812510792299975e-01	8.348143065883190106e-01	6.017917601228830460e-01	6.017917601228830460e-01	6.017917601228830460e-01	6.017917601228830460e-01	6.017917601228830460e-01	6.017917601228830460e-01	6.017917601228830460e-01	6.017917601228830460e-01	6.017917601228830460e-01	6.017917601228830460e-01	6.677002277271969488e-01	6.017917601228830460e-01	6.017917601228830460e-01	6.017917601228830460e-01	6.559905398210710281e-01	6.017917601228830460e-01	6.017917601228830460e-01	6.017917601228830460e-01	7.564373308400680340e-01	6.017917601228830460e-01	6.017917601228830460e-01	8.760177487205269564e-01	6.017917601228830460e-01	7.594582778831669989e-01	8.622330538682529966e-01	6.017917601228830460e-01	3.336646472196839741e-01	6.017917601228830460e-01	6.017917601228830460e-01	6.017917601228830460e-01	6.017917601228830460e-01	6.017917601228830460e-01	6.017917601228830460e-01	6.017917601228830460e-01	6.017917601228830460e-01	8.375926355676700519e-01	6.017917601228830460e-01	8.522700991017889693e-01	8.812195393890349671e-01	6.017917601228830460e-01	6.017917601228830460e-01	6.017917601228830460e-01	6.017917601228830460e-01	6.017917601228830460e-01	1.561467115133770012e-01	6.017917601228830460e-01	3.712752025224460017e-01	6.112991973166650439e-01	5.323223913688589493e-01	6.017917601228830460e-01	8.096002695745919686e-01	6.017917601228830460e-01	6.017917601228830460e-01	6.017917601228830460e-01	6.017917601228830460e-01	6.017917601228830460e-01	3.810598984647460274e-01	6.017917601228830460e-01	6.017917601228830460e-01	6.017917601228830460e-01	6.017917601228830460e-01	6.017917601228830460e-01	6.017917601228830460e-01	6.017917601228830460e-01	6.017917601228830460e-01	8.617262600739310496e-01	6.017917601228830460e-01	6.017917601228830460e-01	6.017917601228830460e-01	6.017917601228830460e-01	6.017917601228830460e-01	6.017917601228830460e-01	6.017917601228830460e-01	8.222848802286579772e-01	6.017917601228830460e-01	6.017917601228830460e-01	8.515711972369339744e-01	6.017917601228830460e-01	6.017917601228830460e-01	6.017917601228830460e-01	7.980873858667949516e-01	8.879503667234920350e-01	6.017917601228830460e-01	6.017917601228830460e-01	6.017917601228830460e-01	8.884118446640469902e-01	6.017917601228830460e-01	6.017917601228830460e-01	6.017917601228830460e-01	6.017917601228830460e-01	6.017917601228830460e-01	6.017917601228830460e-01	6.388972749224609560e-01	5.712788897562639523e-01	6.017917601228830460e-01	3.895920253823870194e-01	6.017917601228830460e-01	6.017917601228830460e-01	6.017917601228830460e-01	6.017917601228830460e-01	6.017917601228830460e-01	4.370598126385479842e-01	6.017917601228830460e-01	6.017917601228830460e-01	8.431078937610519963e-01
4.228086507674799766e-01	1.000000000000000000e+00	6.017917601228830460e-01	4.138601880222440021e-01	6.017917601228830460e-01	6.017917601228830460e-01	6.017917601228830460e-01	6.017917601228830460e-01	4.976936210989639786e-01	6.017917601228830460e-01	5.068859686741240544e-01	6.017917601228830460e-01	6.017917601228830460e-01	6.017917601228830460e-01	3.342925422302759908e-01	6.017917601228830460e-01	5.097285593100150392e-01	6.017917601228830460e-01	6.017917601228830460e-01	6.017917601228830460e-01	4.594568833841010114e-01	6.017917601228830460e-01	6.017917601228830460e-01	5.430408955066009513e-01	4.322460020547759796e-01	6.017917601228830460e-01	6.017917601228830460e-01	6.017917601228830460e-01	2.896504711033500157e-01	6.017917601228830460e-01	6.017917601228830460e-01	2.883169123019019842e-01	3.173431376637820267e-01	6.017917601228830460e-01	3.728344052594759761e-01	6.017917601228830460e-01	6.017917601228830460e-01	4.263265453000180116e-01	6.017917601228830460e-01	6.017917601228830460e-01	6.017917601228830460e-01	6.017917601228830460e-01	4.353778404741430186e-01	6.017917601228830460e-01	6.017917601228830460e-01	5.760005974860430422e-01	6.017917601228830460e-01	6.017917601228830460e-01	4.840793598156640232e-01	6.133336500824539961e-01	3.221962210414299754e-01	3.407835920115789841e-01	6.017917601228830460e-01	3.172433551388070261e-01	6.017917601228830460e-01	6.017917601228830460e-01	6.017917601228830460e-01	6.017917601228830460e-01	3.099267807421359766e-01	6.017917601228830460e-01	3.062890880451670239e-01	5.468558501265390337e-01	6.017917601228830460e-01	6.017917601228830460e-01	6.017917601228830460e-01	6.827110520833760132e-01	6.017917601228830460e-01	6.017917601228830460e-01	3.818631232733770142e-01	6.017917601228830460e-01	3.029673730640279894e-01	3.429876695554249788e-01	6.017917601228830460e-01	6.017917601228830460e-01	4.280320711706330217e-01	6.017917601228830460e-01	6.017917601228830460e-01	6.017917601228830460e-01	6.017917601228830460e-01	6.017917601228830460e-01	6.017917601228830460e-01	6.017917601228830460e-01	3.434193927146410030e-01	6.017917601228830460e-01	6.017917601228830460e-01	6.017917601228830460e-01	6.017917601228830460e-01	6.017917601228830460e-01	6.017917601228830460e-01	6.412076626083870190e-01	6.017917601228830460e-01	5.144477484215489449e-01	6.017917601228830460e-01	6.017917601228830460e-01	2.966546306399610033e-01	2.658551609473410182e-01	6.017917601228830460e-01	2.980980740403689766e-01	3.076910488320350190e-01	6.017917601228830460e-01	6.017917601228830460e-01	6.017917601228830460e-01	6.017917601228830460e-01	6.017917601228830460e-01	3.319082700973819966e-01	6.017917601228830460e-01	6.017917601228830460e-01	3.167145982752139766e-01	5.638600402737039552e-01	6.017917601228830460e-01	6.017917601228830460e-01	6.017917601228830460e-01	5.772265705489529886e-01	6.017917601228830460e-01	5.922972284347040040e-01	6.017917601228830460e-01	6.017917601228830460e-01	6.017917601228830460e-01	4.304442239962210093e-01	2.948752703171820255e-01	6.017917601228830460e-01	3.339042496461619991e-01	6.017917601228830460e-01	6.017917601228830460e-01
6.017917601228830460e-01	6.017917601228830460e-01	1.000000000000000000e+00	6.017917601228830460e-01	6.017917601228830460e-01	6.017917601228830460e-01	6.017917601228830460e-01	5.643613931457619470e-01	6.017917601228830460e-01	6.017917601228830460e-01	5.720761811143250108e-01	6.017917601228830460e-01	6.017917601228830460e-01	6.017917601228830460e-01	6.017917601228830460e-01	6.017917601228830460e-01	6.017917601228830460e-01	6.017917601228830460e-01	6.017917601228830460e-01	6.017917601228830460e-01	5.471812048446960119e-01	6.017917601228830460e-01	6.017917601228830460e-01	6.017917601228830460e-01	5.504077873931280118e-01	6.017917601228830460e-01	6.017917601228830460e-01	6.017917601228830460e-01	6.017917601228830460e-01	5.143141183227559754e-01	6.017917601228830460e-01	6.017917601228830460e-01	6.017917601228830460e-01	6.017917601228830460e-01	3.613882792681930023e-01	2.738108704095379986e-01	6.017917601228830460e-01	6.017917601228830460e-01	6.017917601228830460e-01	6.017917601228830460e-01	6.017917601228830460e-01	6.017917601228830460e-01	6.017917601228830460e-01	6.017917601228830460e-01	3.359650553829949815e-01	6.017917601228830460e-01	6.017917601228830460e-01	6.017917601228830460e-01	6.017917601228830460e-01	7.284629205836899990e-01	3.569976601125660065e-01	4.167932702032969838e-01	6.017917601228830460e-01	6.017917601228830460e-01	6.017917601228830460e-01	6.017917601228830460e-01	6.017917601228830460e-01	6.017917601228830460e-01	3.022784326338039951e-01	6.017917601228830460e-01	6.017917601228830460e-01	6.017917601228830460e-01	6.017917601228830460e-01	6.017917601228830460e-01	6.269721996134880460e-01	6.295105364560570349e-01	5.609916450745150440e-01	6.017917601228830460e-01	6.017917601228830460e-01	6.017917601228830460e-01	3.370762606691720120e-01	6.017917601228830460e-01	3.203381114372049754e-01	6.017917601228830460e-01	6.017917601228830460e-01	6.964576863698289655e-01	3.249125284958059856e-01	6.017917601228830460e-01	6.771747771676910332e-01	3.882492981536049825e-01	6.017917601228830460e-01	3.366709244458970240e-01	6.017917601228830460e-01	7.777060783911720065e-01	6.017917601228830460e-01	6.017917601228830460e-01	3.607119568857780068e-01	6.017917601228830460e-01	6.017917601228830460e-01	6.017917601228830460e-01	6.206264937948400284e-01	6.883678817442769882e-01	6.017917601228830460e-01	6.017917601228830460e-01	3.565025567053149991e-01	3.049268675911759874e-01	5.268590093183349587e-01	3.393932288752299908e-01	6.017917601228830460e-01	6.017917601228830460e-01	4.916268191959520251e-01	6.017917601228830460e-01	6.017917601228830460e-01	6.017917601228830460e-01	6.017917601228830460e-01	6.017917601228830460e-01	6.017917601228830460e-01	3.761601644764510088e-01	6.017917601228830460e-01	2.852934595601520074e-01	6.017917601228830460e-01	6.017917601228830460e-01	6.017917601228830460e-01	6.017917601228830460e-01	6.017917601228830460e-01	6.017917601228830460e-01	6.017917601228830460e-01	6.017917601228830460e-01	5.013236508750910092e-01	3.284411660595660254e-01	6.017917601228830460e-01	6.017917601228830460e-01	6.017917601228830460e-01	3.606330529174480160e-01
6.017917601228830460e-01	4.138601880222440021e-01	6.017917601228830460e-01	1.000000000000000000e+00	6.762772442847250209e-01	6.017917601228830460e-01	6.017917601228830460e-01	6.131785259294599832e-01	6.017917601228830460e-01	6.256405716754519508e-01	6.017917601228830460e-01	4.291924380864819977e-01	6.017917601228830460e-01	6.017917601228830460e-01	6.432053225986400502e-01	6.017917601228830460e-01	6.017917601228830460e-01	6.017917601228830460e-01	6.017917601228830460e-01	5.847333341888769631e-01	6.017917601228830460e-01	6.017917601228830460e-01	5.543881867946309772e-01	6.100509028456040372e-01	6.847584264675540267e-01	6.197657758517269855e-01	6.717890212474569855e-01	6.017917601228830460e-01	6.017917601228830460e-01	6.017917601228830460e-01	6.017917601228830460e-01	6.017917601228830460e-01	5.599379456632870289e-01	6.253668900096339689e-01	6.017917601228830460e-01	6.017917601228830460e-01	6.360949167888410027e-01	6.017917601228830460e-01	6.017917601228830460e-01	6.361297072048179846e-01	6.017917601228830460e-01	5.003854455558499614e-01	6.017917601228830460e-01	5.715289006869560540e-01	6.017917601228830460e-01	6.017917601228830460e-01	6.017917601228830460e-01	6.017917601228830460e-01	6.017917601228830460e-01	5.801105512528430541e-01	6.017917601228830460e-01	6.017917601228830460e-01	6.017917601228830460e-01	5.830248843619989518e-01	6.017917601228830460e-01	6.017917601228830460e-01	5.827339885838389577e-01	6.073418540808459554e-01	6.017917601228830460e-01	6.156147211004290298e-01	6.017917601228830460e-01	6.017917601228830460e-01	5.774554971428259575e-01	1.954626385832589908e-01	6.017917601228830460e-01	4.357292061614609913e-01	6.017917601228830460e-01	6.017917601228830460e-01	6.122318621781609460e-01	6.017917601228830460e-01	6.174566597867400253e-01	6.075494951599480498e-01	5.679454882104809643e-01	6.017917601228830460e-01	6.017917601228830460e-01	6.017917601228830460e-01	5.859218121050510097e-01	5.849172503137619605e-01	6.017917601228830460e-01	6.160652134936960289e-01	6.153622527101429984e-01	6.017917601228830460e-01	6.017917601228830460e-01	6.017917601228830460e-01	6.017917601228830460e-01	6.017917601228830460e-01	5.979607020158910213e-01	6.017917601228830460e-01	6.017917601228830460e-01	5.251078065391260319e-01	5.350478562374759717e-01	6.017917601228830460e-01	6.384606400443210150e-01	6.017917601228830460e-01	6.017917601228830460e-01	6.017917601228830460e-01	6.017917601228830460e-01	6.017917601228830460e-01	6.017917601228830460e-01	6.017917601228830460e-01	6.017917601228830460e-01	4.284770930878740169e-01	6.017917601228830460e-01	5.530632402352509969e-01	6.017917601228830460e-01	6.017917601228830460e-01	6.017917601228830460e-01	6.017917601228830460e-01	6.017917601228830460e-01	6.017917601228830460e-01	5.488859287026279787e-01	6.017917601228830460e-01	5.683455551166100017e-01	6.017917601228830460e-01	6.017917601228830460e-01	6.017917601228830460e-01	5.879642512627959450e-01	6.233521815779620168e-01	6.017917601228830460e-01	6.017917601228830460e-01	6.017917601228830460e-01	5.613599486903170233e-01	6.017917601228830460e-01	6.017917601228830460e-01
6.017917601228830460e-01	6.017917601228830460e-01	6.017917601228830460e-01	6.762772442847250209e-01	1.000000000000000000e+00	6.664460997147559906e-01	6.017917601228830460e-01	7.272040291682350110e-01	6.017917601228830460e-01	6.017917601228830460e-01	6.017917601228830460e-01	6.017917601228830460e-01	7.524400884600069839e-01	2.446862230040099950e-01	6.017917601228830460e-01	6.017917601228830460e-01	7.313021502481330538e-01	6.017917601228830460e-01	7.051823090880620093e-01	6.490448936901209720e-01	6.017917601228830460e-01	6.017917601228830460e-01	6.017917601228830460e-01	6.017917601228830460e-01	7.844824651346270494e-01	6.017917601228830460e-01	7.749250530268559922e-01	6.017917601228830460e-01	6.017917601228830460e-01	6.017917601228830460e-01	6.017917601228830460e-01	6.017917601228830460e-01	6.398457999322769707e-01	6.017917601228830460e-01	6.017917601228830460e-01	6.285687382060519690e-01	6.017917601228830460e-01	6.017917601228830460e-01	6.017917601228830460e-01	6.017917601228830460e-01	6.847958784733340076e-01	6.017917601228830460e-01	6.017917601228830460e-01	6.017917601228830460e-01	6.017917601228830460e-01	6.017917601228830460e-01	6.017917601228830460e-01	6.017917601228830460e-01	7.875669551399220314e-01	6.017917601228830460e-01	7.077130440028519542e-01	6.855875309704120291e-01	6.934929291269540386e-01	6.785650604408419717e-01	6.438564514026740015e-01	6.017917601228830460e-01	6.017917601228830460e-01	6.017917601228830460e-01	6.017917601228830460e-01	6.017917601228830460e-01	6.017917601228830460e-01	6.017917601228830460e-01	6.017917601228830460e-01	6.017917601228830460e-01	6.017917601228830460e-01	6.017917601228830460e-01	6.638450538164759607e-01	6.017917601228830460e-01	6.017917601228830460e-01	6.017917601228830460e-01	6.017917601228830460e-01	6.983743837152319722e-01	6.017917601228830460e-01	6.017917601228830460e-01	6.017917601228830460e-01	5.757289501634009765e-01	6.763928389335690516e-01	6.017917601228830460e-01	6.017917601228830460e-01	6.017917601228830460e-01	6.017917601228830460e-01	6.017917601228830460e-01	6.713987545604660490e-01	6.017917601228830460e-01	6.017917601228830460e-01	7.059444388229819678e-01	6.916983832575900326e-01	6.017917601228830460e-01	1.000000000000000021e-03	6.017917601228830460e-01	6.017917601228830460e-01	6.017917601228830460e-01	6.017917601228830460e-01	6.017917601228830460e-01	6.017917601228830460e-01	6.689429958853400082e-01	7.069296728486700321e-01	6.017917601228830460e-01	6.017917601228830460e-01	7.389158601727869868e-01	6.017917601228830460e-01	6.017917601228830460e-01	6.017917601228830460e-01	6.927916032016420145e-01	6.017917601228830460e-01	6.017917601228830460e-01	6.017917601228830460e-01	6.017917601228830460e-01	6.017917601228830460e-01	6.017917601228830460e-01	6.017917601228830460e-01	6.742045246417139870e-01	6.017917601228830460e-01	6.017917601228830460e-01	5.571542517153299512e-01	6.017917601228830460e-01	6.017917601228830460e-01	6.017917601228830460e-01	6.017917601228830460e-01	6.017917601228830460e-01	6.017917601228830460e-01	6.017917601228830460e-01	6.017917601228830460e-01	6.017917601228830460e-01
6.017917601228830460e-01	6.017917601228830460e-01	6.017917601228830460e-01	6.017917601228830460e-01	6.664460997147559906e-01	1.000000000000000000e+00	5.503174856744039722e-01	6.017917601228830460e-01	6.017917601228830460e-01	6.017917601228830460e-01	6.017917601228830460e-01	4.881771261632419923e-01	6.017917601228830460e-01	2.758155081346400084e-01	5.396840613897789796e-01	6.017917601228830460e-01	6.338679497972320442e-01	6.017917601228830460e-01	5.477613395216760495e-01	6.017917601228830460e-01	6.017917601228830460e-01	6.017917601228830460e-01	5.647859629701420525e-01	6.017917601228830460e-01	6.017917601228830460e-01	6.017917601228830460e-01	6.017917601228830460e-01	6.165792612599839684e-01	6.017917601228830460e-01	6.017917601228830460e-01	6.017917601228830460e-01	6.017917601228830460e-01	6.017917601228830460e-01	6.017917601228830460e-01	6.017917601228830460e-01	4.546232204870390148e-01	6.314760715513549894e-01	6.017917601228830460e-01	6.017917601228830460e-01	6.017917601228830460e-01	6.017917601228830460e-01	6.017917601228830460e-01	6.017917601228830460e-01	6.017917601228830460e-01	6.017917601228830460e-01	6.017917601228830460e-01	6.017917601228830460e-01	6.017917601228830460e-01	6.017917601228830460e-01	6.017917601228830460e-01	5.512249384007019692e-01	5.735446940822319650e-01	6.017917601228830460e-01	6.017917601228830460e-01	6.017917601228830460e-01	6.017917601228830460e-01	6.017917601228830460e-01	6.017917601228830460e-01	6.017917601228830460e-01	6.017917601228830460e-01	6.017917601228830460e-01	6.017917601228830460e-01	6.017917601228830460e-01	6.017917601228830460e-01	6.017917601228830460e-01	6.017917601228830460e-01	6.017917601228830460e-01	6.017917601228830460e-01	6.017917601228830460e-01	6.017917601228830460e-01	6.017917601228830460e-01	5.304369732332819831e-01	6.017917601228830460e-01	6.017917601228830460e-01	6.017917601228830460e-01	5.363589781015399849e-01	6.017917601228830460e-01	6.017917601228830460e-01	6.017917601228830460e-01	6.017917601228830460e-01	6.017917601228830460e-01	6.017917601228830460e-01	4.899826736471339927e-01	6.017917601228830460e-01	5.291041540157519485e-01	6.017917601228830460e-01	6.017917601228830460e-01	6.017917601228830460e-01	6.017917601228830460e-01	6.017917601228830460e-01	6.017917601228830460e-01	6.017917601228830460e-01	6.195497240509120207e-01	5.115019028372500554e-01	6.017917601228830460e-01	5.041591746407489971e-01	6.017917601228830460e-01	6.017917601228830460e-01	5.479186431906779564e-01	6.017917601228830460e-01	6.017917601228830460e-01	6.017917601228830460e-01	5.254381827132410532e-01	6.017917601228830460e-01	5.759887840681220395e-01	5.771910555917300067e-01	6.017917601228830460e-01	6.017917601228830460e-01	5.486720792364759847e-01	6.017917601228830460e-01	6.017917601228830460e-01	6.034348812427029474e-01	6.017917601228830460e-01	6.017917601228830460e-01	6.017917601228830460e-01	6.017917601228830460e-01	5.233373792160279647e-01	6.017917601228830460e-01	6.017917601228830460e-01	6.017917601228830460e-01	5.688703414263980296e-01	6.017917601228830460e-01	6.017917601228830460e-01	5.488784238018109551e-01
6.017917601228830460e-01	6.017917601228830460e-01	6.017917601228830460e-01	6.017917601228830460e-01	6.017917601228830460e-01	5.503174856744039722e-01	1.000000000000000000e+00	7.944672815611270034e-01	6.017917601228830460e-01	6.017917601228830460e-01	6.017917601228830460e-01	4.839668524793520055e-01	6.017917601228830460e-01	6.017917601228830460e-01	6.017917601228830460e-01	6.017917601228830460e-01	6.017917601228830460e-01	6.017917601228830460e-01	6.017917601228830460e-01	6.017917601228830460e-01	6.017917601228830460e-01	6.017917601228830460e-01	6.017917601228830460e-01	6.017917601228830460e-01	6.017917601228830460e-01	6.017917601228830460e-01	6.017917601228830460e-01	6.017917601228830460e-01	5.382176096106070506e-01	6.017917601228830460e-01	6.017917601228830460e-01	5.532258486136889530e-01	6.017917601228830460e-01	6.017917601228830460e-01	6.399070434285779596e-01	6.017917601228830460e-01	6.017917601228830460e-01	6.017917601228830460e-01	6.017917601228830460e-01	6.017917601228830460e-01	6.017917601228830460e-01	5.966335842806860246e-01	6.017917601228830460e-01	5.944716125988680488e-01	6.017917601228830460e-01	6.017917601228830460e-01	6.017917601228830460e-01	6.017917601228830460e-01	6.017917601228830460e-01	6.017917601228830460e-01	6.017917601228830460e-01	6.017917601228830460e-01	6.330624387954769672e-01	6.017917601228830460e-01	6.017917601228830460e-01	6.017917601228830460e-01	6.005334707001880323e-01	6.017917601228830460e-01	6.017917601228830460e-01	5.809042826030399453e-01	6.017917601228830460e-01	6.017917601228830460e-01	5.743569273617350479e-01	6.017917601228830460e-01	6.017917601228830460e-01	6.017917601228830460e-01	5.807216282796670015e-01	6.339199534304870154e-01	6.714859709635510043e-01	5.918236545813250205e-01	6.017917601228830460e-01	6.017917601228830460e-01	5.495317342068839483e-01	6.017917601228830460e-01	6.017917601228830460e-01	5.432265530514930330e-01	5.756974631106209772e-01	6.017917601228830460e-01	6.017917601228830460e-01	5.812816853483869783e-01	6.024373594276399846e-01	6.017917601228830460e-01	6.127008224598099462e-01	6.017917601228830460e-01	6.017917601228830460e-01	5.633899450038609702e-01	5.514850239472900428e-01	5.438880092636060315e-01	6.017917601228830460e-01	6.017917601228830460e-01	6.017917601228830460e-01	6.017917601228830460e-01	6.017917601228830460e-01	6.017917601228830460e-01	5.706426370288649741e-01	6.017917601228830460e-01	6.017917601228830460e-01	6.017917601228830460e-01	5.786133597122240513e-01	6.017917601228830460e-01	6.017917601228830460e-01	6.017917601228830460e-01	6.017917601228830460e-01	6.017917601228830460e-01	6.017917601228830460e-01	6.645761381287309533e-01	6.017917601228830460e-01	4.534684963137439739e-01	6.017917601228830460e-01	6.017917601228830460e-01	5.462990827408970018e-01	6.017917601228830460e-01	7.085844745547820178e-01	6.017917601228830460e-01	6.017917601228830460e-01	6.017917601228830460e-01	6.017917601228830460e-01	6.961911015199310215e-01	6.425504594462909669e-01	6.017917601228830460e-01	5.909948011881259733e-01	6.017917601228830460e-01	5.031537420754690348e-01	6.017917601228830460e-01
6.017917601228830460e-01	6.017917601228830460e-01	5.643613931457619470e-01	6.131785259294599832e-01	7.272040291682350110e-01	6.017917601228830460e-01	7.944672815611270034e-01	1.000000000000000000e+00	7.678531699198439808e-01	7.146462040263269477e-01	7.179320405117299853e-01	6.017917601228830460e-01	6.869340322520329778e-01	2.213411677306159897e-01	6.017917601228830460e-01	6.017917601228830460e-01	6.017917601228830460e-01	3.438305031654450006e-01	6.450592498883650494e-01	6.017917601228830460e-01	6.017917601228830460e-01	6.333524779629829959e-01	6.017917601228830460e-01	6.017917601228830460e-01	6.017917601228830460e-01	6.017917601228830460e-01	6.017917601228830460e-01	6.017917601228830460e-01	5.938217082652490486e-01	6.017917601228830460e-01	6.017917601228830460e-01	6.017917601228830460e-01	6.017917601228830460e-01	6.017917601228830460e-01	6.017917601228830460e-01	5.418504844441689450e-01	6.017917601228830460e-01	6.017917601228830460e-01	6.128935351963550326e-01	6.017917601228830460e-01	6.017917601228830460e-01	6.017917601228830460e-01	6.017917601228830460e-01	6.017917601228830460e-01	6.017917601228830460e-01	6.017917601228830460e-01	5.596394386446470470e-01	6.017917601228830460e-01	6.017917601228830460e-01	5.772936603194009919e-01	5.902921974458380516e-01	6.017917601228830460e-01	6.017917601228830460e-01	6.007387840950330071e-01	6.017917601228830460e-01	6.017917601228830460e-01	6.017917601228830460e-01	6.017917601228830460e-01	6.154001163670209662e-01	6.017917601228830460e-01	5.921919570624349927e-01	6.017917601228830460e-01	6.017917601228830460e-01	2.349327501357549863e-01	6.017917601228830460e-01	6.017917601228830460e-01	6.017917601228830460e-01	6.017917601228830460e-01	6.017917601228830460e-01	6.017917601228830460e-01	6.190035762107359840e-01	6.017917601228830460e-01	6.017917601228830460e-01	6.017917601228830460e-01	3.077478496438110223e-01	5.184622032652249635e-01	6.017917601228830460e-01	6.017917601228830460e-01	6.191093811918000345e-01	6.017917601228830460e-01	6.017917601228830460e-01	6.069682789542459878e-01	6.017917601228830460e-01	5.134253076364350132e-01	6.017917601228830460e-01	6.085846052594060529e-01	6.017917601228830460e-01	6.017917601228830460e-01	6.017917601228830460e-01	6.017917601228830460e-01	5.416060506443409750e-01	6.017917601228830460e-01	6.017917601228830460e-01	6.369434754796949871e-01	6.217858960269530000e-01	6.017917601228830460e-01	6.017917601228830460e-01	6.017917601228830460e-01	6.017917601228830460e-01	6.017917601228830460e-01	6.017917601228830460e-01	6.017917601228830460e-01	6.017917601228830460e-01	6.017917601228830460e-01	6.017917601228830460e-01	6.017917601228830460e-01	6.017917601228830460e-01	6.017917601228830460e-01	6.017917601228830460e-01	6.237230481844050489e-01	6.017917601228830460e-01	6.017917601228830460e-01	6.017917601228830460e-01	5.816116168528340236e-01	6.017917601228830460e-01	6.017917601228830460e-01	6.806604924114919575e-01	6.017917601228830460e-01	6.017917601228830460e-01	6.017917601228830460e-01	6.017917601228830460e-01	6.017917601228830460e-01	6.017917601228830460e-01	6.035792875784079525e-01
6.017917601228830460e-01	4.976936210989639786e-01	6.017917601228830460e-01	6.017917601228830460e-01	6.017917601228830460e-01	6.017917601228830460e-01	6.017917601228830460e-01	7.678531699198439808e-01	1.000000000000000000e+00	6.017917601228830460e-01	8.157227168713669929e-01	6.017917601228830460e-01	6.017917601228830460e-01	6.017917601228830460e-01	6.017917601228830460e-01	6.017917601228830460e-01	6.017917601228830460e-01	6.017917601228830460e-01	6.017917601228830460e-01	6.017917601228830460e-01	5.272697846389180487e-01	6.017917601228830460e-01	6.017917601228830460e-01	6.017917601228830460e-01	6.017917601228830460e-01	7.359917207904670411e-01	6.017917601228830460e-01	6.017917601228830460e-01	6.017917601228830460e-01	6.017917601228830460e-01	6.017917601228830460e-01	6.017917601228830460e-01	6.017917601228830460e-01	6.017917601228830460e-01	6.017917601228830460e-01	6.017917601228830460e-01	7.436491706257980505e-01	7.720695153620580342e-01	6.017917601228830460e-01	6.017917601228830460e-01	6.857891033559520011e-01	6.292179549945500217e-01	6.017917601228830460e-01	6.017917601228830460e-01	6.017917601228830460e-01	4.948065017204130167e-01	6.017917601228830460e-01	6.017917601228830460e-01	6.017917601228830460e-01	6.017917601228830460e-01	6.017917601228830460e-01	6.017917601228830460e-01	6.017917601228830460e-01	6.926447937141599898e-01	6.537654261924390475e-01	6.017917601228830460e-01	6.017917601228830460e-01	6.017917601228830460e-01	6.525999299322859937e-01	6.017917601228830460e-01	6.725794314673839702e-01	6.017917601228830460e-01	6.655536864869769920e-01	6.017917601228830460e-01	7.794732648240210171e-01	6.017917601228830460e-01	6.017917601228830460e-01	6.017917601228830460e-01	7.028624108711279961e-01	6.434252248602260194e-01	6.017917601228830460e-01	6.017917601228830460e-01	6.017917601228830460e-01	6.778741966700649879e-01	6.017917601228830460e-01	6.017917601228830460e-01	6.017917601228830460e-01	6.017917601228830460e-01	6.711647033823600061e-01	7.120565997929589885e-01	6.017917601228830460e-01	6.017917601228830460e-01	6.017917601228830460e-01	6.017917601228830460e-01	6.906729905522870361e-01	6.017917601228830460e-01	6.017917601228830460e-01	6.017917601228830460e-01	6.017917601228830460e-01	6.017917601228830460e-01	5.875784927842869765e-01	6.017917601228830460e-01	6.017917601228830460e-01	6.017917601228830460e-01	6.017917601228830460e-01	6.017917601228830460e-01	6.017917601228830460e-01	6.017917601228830460e-01	6.017917601228830460e-01	6.017917601228830460e-01	6.017917601228830460e-01	6.017917601228830460e-01	7.004830971633300152e-01	6.793123557135569701e-01	6.017917601228830460e-01	7.108503592605239785e-01	5.042936138697410309e-01	6.017917601228830460e-01	6.464366283619750186e-01	6.017917601228830460e-01	6.490981424663510024e-01	6.017917601228830460e-01	6.017917601228830460e-01	6.017917601228830460e-01	6.017917601228830460e-01	6.945082641636179943e-01	6.017917601228830460e-01	6.017917601228830460e-01	7.871847678237160473e-01	6.017917601228830460e-01	5.467138018786810161e-01	6.877140516623190258e-01	6.017917601228830460e-01	6.017917601228830460e-01
5.562142219463079851e-01	6.017917601228830460e-01	6.017917601228830460e-01	6.256405716754519508e-01	6.017917601228830460e-01	6.017917601228830460e-01	6.017917601228830460e-01	7.146462040263269477e-01	6.017917601228830460e-01	1.000000000000000000e+00	6.593581950065140473e-01	6.017917601228830460e-01	6.017917601228830460e-01	6.017917601228830460e-01	6.017917601228830460e-01	6.017917601228830460e-01	6.017917601228830460e-01	6.017917601228830460e-01	5.416208616746309712e-01	6.017917601228830460e-01	6.017917601228830460e-01	6.017917601228830460e-01	6.017917601228830460e-01	6.989427754672049575e-01	6.890929949104289687e-01	5.453028031000100029e-01	5.496444524994760217e-01	6.484904786157339451e-01	6.017917601228830460e-01	6.285171735598209519e-01	6.017917601228830460e-01	6.017917601228830460e-01	4.629979047727900143e-01	6.017917601228830460e-01	6.017917601228830460e-01	6.017917601228830460e-01	5.943009438929549582e-01	6.017917601228830460e-01	6.017917601228830460e-01	6.559008519500859613e-01	6.017917601228830460e-01	6.017917601228830460e-01	5.601791637182179651e-01	4.855509763837669857e-01	6.017917601228830460e-01	5.646894417899880336e-01	7.291056445775649930e-01	6.017917601228830460e-01	6.017917601228830460e-01	6.017917601228830460e-01	6.017917601228830460e-01	6.017917601228830460e-01	6.017917601228830460e-01	4.836724717748980273e-01	6.017917601228830460e-01	6.017917601228830460e-01	6.017917601228830460e-01	6.017917601228830460e-01	4.543156280299630034e-01	6.017917601228830460e-01	6.017917601228830460e-01	6.436540029649490124e-01	4.685191962768029961e-01	3.552495846063309926e-01	7.207351527262120250e-01	6.017917601228830460e-01	6.017917601228830460e-01	6.904747030932919527e-01	5.258730156909250386e-01	6.017917601228830460e-01	6.017917601228830460e-01	5.036252190677209528e-01	6.017917601228830460e-01	6.017917601228830460e-01	6.017917601228830460e-01	6.548345070063029683e-01	4.839867048149419926e-01	6.017917601228830460e-01	6.017917601228830460e-01	6.017917601228830460e-01	6.017917601228830460e-01	6.017917601228830460e-01	4.745505879772259905e-01	6.017917601228830460e-01	6.017917601228830460e-01	6.017917601228830460e-01	6.017917601228830460e-01	6.017917601228830460e-01	6.017917601228830460e-01	6.017917601228830460e-01	6.017917601228830460e-01	6.017917601228830460e-01	6.017917601228830460e-01	6.017917601228830460e-01	4.747323024475609832e-01	6.017917601228830460e-01	6.017917601228830460e-01	6.017917601228830460e-01	6.017917601228830460e-01	5.525077073744150136e-01	6.017917601228830460e-01	6.017917601228830460e-01	4.909080863021190178e-01	6.426471086794529608e-01	6.017917601228830460e-01	5.515415805200080124e-01	5.847413293395089529e-01	6.017917601228830460e-01	6.414619639410960028e-01	4.514455228833860190e-01	6.017917601228830460e-01	6.017917601228830460e-01	6.017917601228830460e-01	6.017917601228830460e-01	6.547315487729039596e-01	6.017917601228830460e-01	6.017917601228830460e-01	5.522056110762399994e-01	6.089008936250780435e-01	6.017917601228830460e-01	6.503463009708230214e-01	6.017917601228830460e-01	6.017917601228830460e-01	6.017917601228830460e-01
8.252020191593339993e-01	5.068859686741240544e-01	5.720761811143250108e-01	6.017917601228830460e-01	6.017917601228830460e-01	6.017917601228830460e-01	6.017917601228830460e-01	7.179320405117299853e-01	8.157227168713669929e-01	6.593581950065140473e-01	1.000000000000000000e+00	4.471636264342179756e-01	6.017917601228830460e-01	6.017917601228830460e-01	6.017917601228830460e-01	7.347650263062129872e-01	6.017917601228830460e-01	6.017917601228830460e-01	6.017917601228830460e-01	6.017917601228830460e-01	6.017917601228830460e-01	8.190644181739490381e-01	6.017917601228830460e-01	6.962482182533630271e-01	6.017917601228830460e-01	6.017917601228830460e-01	8.027111750413949975e-01	6.017917601228830460e-01	7.380172183979819556e-01	7.473135517606059874e-01	6.017917601228830460e-01	6.017917601228830460e-01	7.232623654639429578e-01	6.017917601228830460e-01	6.017917601228830460e-01	6.017917601228830460e-01	6.017917601228830460e-01	6.017917601228830460e-01	6.017917601228830460e-01	6.017917601228830460e-01	6.017917601228830460e-01	6.017917601228830460e-01	6.017917601228830460e-01	6.017917601228830460e-01	6.017917601228830460e-01	4.512974037490540269e-01	6.017917601228830460e-01	6.017917601228830460e-01	6.017917601228830460e-01	6.209108354024940324e-01	6.017917601228830460e-01	6.017917601228830460e-01	6.017917601228830460e-01	7.806038093648040022e-01	6.017917601228830460e-01	6.017917601228830460e-01	6.017917601228830460e-01	6.017917601228830460e-01	6.017917601228830460e-01	8.151262266444939675e-01	6.017917601228830460e-01	6.017917601228830460e-01	6.017917601228830460e-01	6.017917601228830460e-01	6.017917601228830460e-01	6.017917601228830460e-01	6.988615483317189847e-01	6.017917601228830460e-01	6.017917601228830460e-01	6.017917601228830460e-01	6.017917601228830460e-01	7.777858346646260301e-01	6.017917601228830460e-01	6.017917601228830460e-01	6.017917601228830460e-01	5.101294660644110079e-01	6.017917601228830460e-01	6.017917601228830460e-01	6.017917601228830460e-01	6.017917601228830460e-01	8.081790599785210194e-01	6.017917601228830460e-01	6.017917601228830460e-01	6.017917601228830460e-01	7.563080566925639570e-01	6.017917601228830460e-01	6.017917601228830460e-01	6.017917601228830460e-01	6.017917601228830460e-01	6.218666675937329913e-01	6.017917601228830460e-01	6.017917601228830460e-01	6.017917601228830460e-01	7.271493441369359934e-01	6.017917601228830460e-01	7.603726305276630182e-01	7.245887346089969760e-01	6.017917601228830460e-01	6.017917601228830460e-01	6.017917601228830460e-01	6.017917601228830460e-01	4.371225645817209959e-01	6.017917601228830460e-01	6.017917601228830460e-01	8.238660615619719518e-01	7.662485164745229671e-01	6.017917601228830460e-01	6.017917601228830460e-01	6.017917601228830460e-01	6.791637594733219707e-01	6.017917601228830460e-01	6.017917601228830460e-01	6.214416717653240552e-01	5.258658254449769531e-01	6.017917601228830460e-01	7.680211707775329577e-01	6.017917601228830460e-01	8.319428102788719581e-01	8.201402395846979498e-01	7.822652646606199633e-01	6.017917601228830460e-01	6.017917601228830460e-01	6.017917601228830460e-01	6.017917601228830460e-01
6.017917601228830460e-01	6.017917601228830460e-01	6.017917601228830460e-01	4.291924380864819977e-01	6.017917601228830460e-01	4.881771261632419923e-01	4.839668524793520055e-01	6.017917601228830460e-01	6.017917601228830460e-01	6.017917601228830460e-01	4.471636264342179756e-01	1.000000000000000000e+00	6.017917601228830460e-01	6.017917601228830460e-01	6.017917601228830460e-01	6.017917601228830460e-01	6.017917601228830460e-01	5.405850670686610515e-01	6.017917601228830460e-01	2.794903367989099996e-01	6.017917601228830460e-01	6.017917601228830460e-01	6.017917601228830460e-01	6.137614928833760031e-01	6.017917601228830460e-01	3.082679588546199945e-01	6.017917601228830460e-01	6.017917601228830460e-01	2.386054602714040018e-01	4.495022484428090048e-01	6.017917601228830460e-01	6.017917601228830460e-01	6.017917601228830460e-01	6.017917601228830460e-01	6.017917601228830460e-01	6.017917601228830460e-01	6.017917601228830460e-01	6.017917601228830460e-01	6.017917601228830460e-01	6.017917601228830460e-01	6.017917601228830460e-01	6.017917601228830460e-01	6.017917601228830460e-01	6.017917601228830460e-01	6.017917601228830460e-01	6.017917601228830460e-01	7.222494311867360128e-01	6.017917601228830460e-01	6.017917601228830460e-01	6.017917601228830460e-01	6.017917601228830460e-01	3.269781888533769831e-01	6.017917601228830460e-01	6.017917601228830460e-01	6.017917601228830460e-01	6.017917601228830460e-01	2.487476765933850087e-01	6.017917601228830460e-01	6.017917601228830460e-01	6.017917601228830460e-01	6.017917601228830460e-01	6.017917601228830460e-01	6.017917601228830460e-01	6.017917601228830460e-01	6.017917601228830460e-01	6.985701639560180087e-01	4.556375734340579742e-01	7.196716351564710346e-01	3.000199221733459987e-01	6.017917601228830460e-01	2.758324792499720068e-01	6.017917601228830460e-01	6.017917601228830460e-01	6.017917601228830460e-01	5.843656754077249937e-01	6.017917601228830460e-01	6.017917601228830460e-01	6.017917601228830460e-01	6.117507139498550295e-01	6.017917601228830460e-01	6.017917601228830460e-01	2.562667688785180142e-01	6.017917601228830460e-01	8.532495254711099930e-01	6.017917601228830460e-01	6.017917601228830460e-01	6.017917601228830460e-01	2.457692448830159915e-01	1.000000000000000021e-03	6.017917601228830460e-01	6.017917601228830460e-01	6.017917601228830460e-01	6.017917601228830460e-01	2.560758746403650199e-01	6.017917601228830460e-01	6.017917601228830460e-01	6.017917601228830460e-01	6.017917601228830460e-01	6.017917601228830460e-01	6.017917601228830460e-01	6.017917601228830460e-01	6.017917601228830460e-01	6.017917601228830460e-01	5.892841712836589529e-01	2.993274521917039799e-01	6.017917601228830460e-01	6.017917601228830460e-01	6.017917601228830460e-01	6.017917601228830460e-01	6.017917601228830460e-01	6.017917601228830460e-01	6.017917601228830460e-01	6.017917601228830460e-01	6.017917601228830460e-01	6.017917601228830460e-01	6.017917601228830460e-01	2.927621261313340106e-01	6.017917601228830460e-01	6.017917601228830460e-01	6.017917601228830460e-01	6.017917601228830460e-01	6.017917601228830460e-01	6.017917601228830460e-01	2.778291240915909954e-01
