9.999999999999990008e-01	5.562414332665828187e-01	5.562414332665828187e-01	5.427618921650919637e-01	6.006310991927720222e-01	5.562414332665828187e-01	5.562414332665828187e-01	5.562414332665828187e-01	5.562414332665828187e-01	5.562414332665828187e-01	6.016740228455550454e-01	5.562414332665828187e-01	5.562414332665828187e-01	5.079957188704340432e-01	5.562414332665828187e-01	6.047935520587499614e-01	5.215206399821830097e-01	5.071045642105580509e-01	5.562414332665828187e-01	5.562414332665828187e-01	5.562414332665828187e-01	5.562414332665828187e-01	6.188886554684940311e-01	5.562414332665828187e-01	5.562414332665828187e-01	5.562414332665828187e-01	5.562414332665828187e-01	5.562414332665828187e-01	5.562414332665828187e-01	5.562414332665828187e-01	5.562414332665828187e-01	5.562414332665828187e-01	5.687158938359010429e-01	5.562414332665828187e-01	5.562414332665828187e-01	5.562414332665828187e-01	5.562414332665828187e-01	5.562414332665828187e-01	5.562414332665828187e-01	5.562414332665828187e-01	5.562414332665828187e-01	5.562414332665828187e-01	5.562414332665828187e-01	5.562414332665828187e-01	5.562414332665828187e-01	5.562414332665828187e-01	5.622998248397630405e-01	5.710734372866189679e-01	6.048694493423939500e-01	5.984230501566879523e-01	5.562414332665828187e-01	5.562414332665828187e-01	5.562414332665828187e-01	5.562414332665828187e-01	5.562414332665828187e-01	5.562414332665828187e-01	5.562414332665828187e-01	5.484410635913250509e-01	5.562414332665828187e-01	5.562414332665828187e-01	5.562414332665828187e-01	5.562414332665828187e-01	5.562414332665828187e-01	5.562414332665828187e-01	5.562414332665828187e-01	5.562414332665828187e-01	5.562414332665828187e-01	5.562414332665828187e-01	5.562414332665828187e-01	5.556196066118349597e-01	5.562414332665828187e-01	6.030313951834720410e-01	5.562414332665828187e-01	5.562414332665828187e-01	5.157253494219410372e-01	5.562414332665828187e-01	5.562414332665828187e-01	5.562414332665828187e-01	5.562414332665828187e-01	5.562414332665828187e-01	5.562414332665828187e-01	5.562414332665828187e-01	5.685674146826830144e-01	5.562414332665828187e-01	5.562414332665828187e-01	5.562414332665828187e-01	5.771835269248649647e-01	5.516045150661760266e-01	5.562414332665828187e-01	5.562414332665828187e-01	5.562414332665828187e-01	5.562414332665828187e-01	5.562414332665828187e-01	5.562414332665828187e-01	4.788348377339329831e-01	5.562414332665828187e-01	5.562414332665828187e-01	5.562414332665828187e-01	5.562414332665828187e-01	5.562414332665828187e-01	5.562414332665828187e-01	5.562414332665828187e-01	5.562414332665828187e-01	5.562414332665828187e-01	5.562414332665828187e-01	5.562414332665828187e-01	5.562414332665828187e-01	5.562414332665828187e-01	5.562414332665828187e-01	5.562414332665828187e-01	6.095290855984080158e-01	6.253738559822630272e-01	5.562414332665828187e-01	5.562414332665828187e-01	5.562414332665828187e-01	5.562414332665828187e-01	5.562414332665828187e-01	5.562414332665828187e-01	5.562414332665828187e-01	5.562414332665828187e-01	5.562414332665828187e-01	6.208850974530140121e-01	6.628849920138270013e-01	6.466893627630699859e-01
5.562414332665828187e-01	9.999999999999990008e-01	5.562414332665828187e-01	5.562414332665828187e-01	5.939821430943329483e-01	5.835000794540780023e-01	5.562414332665828187e-01	6.057775040998669702e-01	5.562414332665828187e-01	5.562414332665828187e-01	6.014656922687730001e-01	5.562414332665828187e-01	5.674529926903999488e-01	5.562414332665828187e-01	5.691548612679649954e-01	5.713312915395130087e-01	5.562414332665828187e-01	5.562414332665828187e-01	5.562414332665828187e-01	5.562414332665828187e-01	5.317651968727420408e-01	5.562414332665828187e-01	5.562414332665828187e-01	5.562414332665828187e-01	5.562414332665828187e-01	5.562414332665828187e-01	5.562414332665828187e-01	5.562414332665828187e-01	5.562414332665828187e-01	5.562414332665828187e-01	5.562414332665828187e-01	5.301684604163839909e-01	5.262133848249630486e-01	6.158653951041700436e-01	5.656903991500880080e-01	5.562414332665828187e-01	5.562414332665828187e-01	5.562414332665828187e-01	5.562414332665828187e-01	5.123178974527869967e-01	5.562414332665828187e-01	5.300850117834620123e-01	5.661478637356810450e-01	5.666148496120040345e-01	5.562414332665828187e-01	5.562414332665828187e-01	5.353776399024710031e-01	5.562414332665828187e-01	5.562414332665828187e-01	5.562414332665828187e-01	5.940395055310370154e-01	5.562414332665828187e-01	5.562414332665828187e-01	5.282580585608459556e-01	5.562414332665828187e-01	5.562414332665828187e-01	5.710162783813079734e-01	5.235266936846220132e-01	5.562414332665828187e-01	5.391064165815230291e-01	5.562414332665828187e-01	5.562414332665828187e-01	5.562414332665828187e-01	5.562414332665828187e-01	5.562414332665828187e-01	5.562414332665828187e-01	5.562414332665828187e-01	5.562414332665828187e-01	5.182753714969160486e-01	5.562414332665828187e-01	5.562414332665828187e-01	5.562414332665828187e-01	5.545650052762890470e-01	5.681113278014580104e-01	5.562414332665828187e-01	5.410004712496160328e-01	6.225866932903100226e-01	5.562414332665828187e-01	5.388786851066209582e-01	5.429488601683070126e-01	5.562414332665828187e-01	5.562414332665828187e-01	5.562414332665828187e-01	5.562414332665828187e-01	5.562414332665828187e-01	5.549042189110759971e-01	5.562414332665828187e-01	5.562414332665828187e-01	5.562414332665828187e-01	5.385250399026250134e-01	5.562414332665828187e-01	5.170548808983339573e-01	5.562414332665828187e-01	5.562414332665828187e-01	4.868410730703899847e-01	5.562414332665828187e-01	5.562414332665828187e-01	5.252203206628770493e-01	5.562414332665828187e-01	5.659882507834079757e-01	5.562414332665828187e-01	5.397021316763089827e-01	5.562414332665828187e-01	5.562414332665828187e-01	5.562414332665828187e-01	5.562414332665828187e-01	5.562414332665828187e-01	5.562414332665828187e-01	5.562414332665828187e-01	5.226324496152390253e-01	5.562414332665828187e-01	6.013255712224430116e-01	5.732317117866649880e-01	5.562414332665828187e-01	5.562414332665828187e-01	5.562414332665828187e-01	5.562414332665828187e-01	7.262916560850080083e-01	5.562414332665828187e-01	5.562414332665828187e-01	5.210395444962789835e-01	5.562414332665828187e-01	6.125716055222449885e-01	5.562414332665828187e-01
5.562414332665828187e-01	5.562414332665828187e-01	1.000000000000000000e+00	5.562414332665828187e-01	5.562414332665828187e-01	5.948049543185830457e-01	5.562414332665828187e-01	5.562414332665828187e-01	5.562414332665828187e-01	5.562414332665828187e-01	5.562414332665828187e-01	5.562414332665828187e-01	5.562414332665828187e-01	5.562414332665828187e-01	5.562414332665828187e-01	5.883648475387069920e-01	5.320432927419690428e-01	5.029667500985030015e-01	5.562414332665828187e-01	5.562414332665828187e-01	5.562414332665828187e-01	5.562414332665828187e-01	5.875524291141019928e-01	5.900777635067570026e-01	5.562414332665828187e-01	5.784066099305550379e-01	5.562414332665828187e-01	5.562414332665828187e-01	5.562414332665828187e-01	5.703963290644540329e-01	5.562414332665828187e-01	5.426378802710649651e-01	5.459870492730289904e-01	5.562414332665828187e-01	5.562414332665828187e-01	5.562414332665828187e-01	5.723391614258740434e-01	5.562414332665828187e-01	5.799224211111669858e-01	5.633295408168960128e-01	5.562414332665828187e-01	5.562414332665828187e-01	5.724089610169109665e-01	5.562414332665828187e-01	5.182042251602430039e-01	5.406229778493150118e-01	5.468039297157170076e-01	5.415094858941820188e-01	6.039195299630879532e-01	5.562414332665828187e-01	5.562414332665828187e-01	5.562414332665828187e-01	5.562414332665828187e-01	5.562414332665828187e-01	5.562414332665828187e-01	5.466080141613279819e-01	5.562414332665828187e-01	5.562414332665828187e-01	5.562414332665828187e-01	5.562414332665828187e-01	5.562414332665828187e-01	5.562414332665828187e-01	6.044908329348499532e-01	5.562414332665828187e-01	5.562414332665828187e-01	5.823936947537310393e-01	5.562414332665828187e-01	5.562414332665828187e-01	5.341249968433550155e-01	5.562414332665828187e-01	5.284817384186150102e-01	5.562414332665828187e-01	5.562414332665828187e-01	5.562414332665828187e-01	5.562414332665828187e-01	5.562414332665828187e-01	5.562414332665828187e-01	5.562414332665828187e-01	5.562414332665828187e-01	5.562414332665828187e-01	5.562414332665828187e-01	5.562414332665828187e-01	5.562414332665828187e-01	5.834545703857000332e-01	5.562414332665828187e-01	5.562414332665828187e-01	5.562414332665828187e-01	5.562414332665828187e-01	5.562414332665828187e-01	5.562414332665828187e-01	5.562414332665828187e-01	5.073145253298829704e-01	5.562414332665828187e-01	5.562414332665828187e-01	5.562414332665828187e-01	5.562414332665828187e-01	5.501470173938779462e-01	5.137306526908680393e-01	5.562414332665828187e-01	5.562414332665828187e-01	5.562414332665828187e-01	5.562414332665828187e-01	5.150881055514070495e-01	5.051596189581339935e-01	5.158976032622559771e-01	5.287656036715060459e-01	5.562414332665828187e-01	5.562414332665828187e-01	5.484306294259799763e-01	5.562414332665828187e-01	5.854665231629549993e-01	5.981063701704959490e-01	5.562414332665828187e-01	5.562414332665828187e-01	5.562414332665828187e-01	5.562414332665828187e-01	6.744791407965530228e-01	7.291294620921470182e-01	6.837228743322080193e-01	5.562414332665828187e-01	5.239365320168349882e-01	6.104863250964770449e-01	5.562414332665828187e-01	5.562414332665828187e-01
5.427618921650919637e-01	5.562414332665828187e-01	5.562414332665828187e-01	9.999999999999980016e-01	4.942340029058400197e-01	5.562414332665828187e-01	5.562414332665828187e-01	5.562414332665828187e-01	5.562414332665828187e-01	5.075250048201870312e-01	4.930025479854149850e-01	5.562414332665828187e-01	5.562414332665828187e-01	5.621262099152030123e-01	5.562414332665828187e-01	5.562414332665828187e-01	5.411114282167920342e-01	5.562414332665828187e-01	5.562414332665828187e-01	4.946404260197539982e-01	5.758557649351380148e-01	5.625515770315649977e-01	5.562414332665828187e-01	5.706033920382680424e-01	4.780813543116450015e-01	5.562414332665828187e-01	5.562414332665828187e-01	5.183476329942580119e-01	5.678265638685310313e-01	5.562414332665828187e-01	5.562414332665828187e-01	5.562414332665828187e-01	5.562414332665828187e-01	5.562414332665828187e-01	5.562414332665828187e-01	5.562414332665828187e-01	5.562414332665828187e-01	5.039510709712480274e-01	5.562414332665828187e-01	5.562414332665828187e-01	5.562414332665828187e-01	5.562414332665828187e-01	5.182922556721809570e-01	5.280783555511779914e-01	5.562414332665828187e-01	5.157661410036440408e-01	5.562414332665828187e-01	4.961213879475599997e-01	5.889320296577890135e-01	5.562414332665828187e-01	5.562414332665828187e-01	5.562414332665828187e-01	5.562414332665828187e-01	5.562414332665828187e-01	5.562414332665828187e-01	5.562414332665828187e-01	5.562414332665828187e-01	5.562414332665828187e-01	5.562414332665828187e-01	5.562414332665828187e-01	5.209112755666660544e-01	5.562414332665828187e-01	5.562414332665828187e-01	5.562414332665828187e-01	5.562414332665828187e-01	5.562414332665828187e-01	5.471741071593180239e-01	5.569695105649840050e-01	5.759833815212770380e-01	5.562414332665828187e-01	5.562414332665828187e-01	5.562414332665828187e-01	5.562414332665828187e-01	5.356455499273290455e-01	5.562414332665828187e-01	5.562414332665828187e-01	5.562414332665828187e-01	5.355725419994850078e-01	5.562414332665828187e-01	5.562414332665828187e-01	5.042650013762870476e-01	5.562414332665828187e-01	5.562414332665828187e-01	4.948045588478410250e-01	5.562414332665828187e-01	5.562414332665828187e-01	5.296889375216590201e-01	5.562414332665828187e-01	5.331795465797789513e-01	5.123142129578870385e-01	5.562414332665828187e-01	5.562414332665828187e-01	5.562414332665828187e-01	5.562414332665828187e-01	5.562414332665828187e-01	5.134678516580389873e-01	5.562414332665828187e-01	4.945319671786039817e-01	5.447281745775980344e-01	5.562414332665828187e-01	5.562414332665828187e-01	5.562414332665828187e-01	4.842905362803420211e-01	5.562414332665828187e-01	5.562414332665828187e-01	5.562414332665828187e-01	5.003845432241870173e-01	5.562414332665828187e-01	5.709687677330209654e-01	5.562414332665828187e-01	5.562414332665828187e-01	5.804773135294829522e-01	5.562414332665828187e-01	5.562414332665828187e-01	5.562414332665828187e-01	5.562414332665828187e-01	5.562414332665828187e-01	5.294551463198150509e-01	5.478476321053239451e-01	5.562414332665828187e-01	4.946766645406949769e-01	5.562414332665828187e-01	5.562414332665828187e-01	5.562414332665828187e-01
6.006310991927720222e-01	5.939821430943329483e-01	5.562414332665828187e-01	4.942340029058400197e-01	9.999999999999970024e-01	5.562414332665828187e-01	5.562414332665828187e-01	6.402885262268690481e-01	5.562414332665828187e-01	5.562414332665828187e-01	5.562414332665828187e-01	5.562414332665828187e-01	5.562414332665828187e-01	5.562414332665828187e-01	5.562414332665828187e-01	5.562414332665828187e-01	5.562414332665828187e-01	5.562414332665828187e-01	5.562414332665828187e-01	6.659230880949029707e-01	5.184278956527800242e-01	5.562414332665828187e-01	6.206184678871670135e-01	5.562414332665828187e-01	5.562414332665828187e-01	6.716922127420990041e-01	5.562414332665828187e-01	5.719590882717370262e-01	5.562414332665828187e-01	5.394170810296810004e-01	5.221775557605200513e-01	5.562414332665828187e-01	5.562414332665828187e-01	5.407287813547020372e-01	5.206386056332470424e-01	5.562414332665828187e-01	5.192720448484410278e-01	5.562414332665828187e-01	5.562414332665828187e-01	4.761269193855079962e-01	5.562414332665828187e-01	5.562414332665828187e-01	5.562414332665828187e-01	5.562414332665828187e-01	5.562414332665828187e-01	5.709697464423150182e-01	5.562414332665828187e-01	5.772613774095359807e-01	5.441759125880080150e-01	5.032515517415490081e-01	5.562414332665828187e-01	5.562414332665828187e-01	5.562414332665828187e-01	5.562414332665828187e-01	5.562414332665828187e-01	5.562414332665828187e-01	5.562414332665828187e-01	5.562414332665828187e-01	5.562414332665828187e-01	5.077603739381509884e-01	5.499223928631099545e-01	5.562414332665828187e-01	5.966755358806900000e-01	5.562414332665828187e-01	5.562414332665828187e-01	5.562414332665828187e-01	4.961581040637950135e-01	5.562414332665828187e-01	5.562414332665828187e-01	5.562414332665828187e-01	5.562414332665828187e-01	5.562414332665828187e-01	5.189507151648650174e-01	5.562414332665828187e-01	5.562414332665828187e-01	5.562414332665828187e-01	5.562414332665828187e-01	5.562414332665828187e-01	5.663441298289549897e-01	5.562414332665828187e-01	5.562414332665828187e-01	5.562414332665828187e-01	5.060184817551109937e-01	5.562414332665828187e-01	5.562414332665828187e-01	5.679837941708759663e-01	5.562414332665828187e-01	5.463491243942519837e-01	5.562414332665828187e-01	5.562414332665828187e-01	5.853571994769379838e-01	5.380523132331930247e-01	5.562414332665828187e-01	5.562414332665828187e-01	5.562414332665828187e-01	5.270571262289229786e-01	5.562414332665828187e-01	5.562414332665828187e-01	5.460247999321270473e-01	6.015322387084149902e-01	5.562414332665828187e-01	5.562414332665828187e-01	5.456505537179909826e-01	5.562414332665828187e-01	5.786078271545349594e-01	5.562414332665828187e-01	5.470350611266620033e-01	5.562414332665828187e-01	5.562414332665828187e-01	4.845072726496810200e-01	5.562414332665828187e-01	5.562414332665828187e-01	5.562414332665828187e-01	5.562414332665828187e-01	5.405251739961129953e-01	5.562414332665828187e-01	5.479657553694780026e-01	5.562414332665828187e-01	6.066185266506649576e-01	5.562414332665828187e-01	5.562414332665828187e-01	6.084870100470090026e-01	5.562414332665828187e-01	6.063007457974139980e-01
5.562414332665828187e-01	5.835000794540780023e-01	5.948049543185830457e-01	5.562414332665828187e-01	5.562414332665828187e-01	9.999999999999980016e-01	5.741148839918279734e-01	5.562414332665828187e-01	5.562414332665828187e-01	5.562414332665828187e-01	5.562414332665828187e-01	5.562414332665828187e-01	5.562414332665828187e-01	5.562414332665828187e-01	5.562414332665828187e-01	5.562414332665828187e-01	5.528489635910109889e-01	5.562414332665828187e-01	4.913451310188849952e-01	5.562414332665828187e-01	5.562414332665828187e-01	5.015863096044640423e-01	5.562414332665828187e-01	5.562414332665828187e-01	5.242302307052899568e-01	5.562414332665828187e-01	5.562414332665828187e-01	5.116342868160930202e-01	4.746982189665849838e-01	5.562414332665828187e-01	5.562414332665828187e-01	5.562414332665828187e-01	4.643549887246830044e-01	5.944465223337059845e-01	5.562414332665828187e-01	5.562414332665828187e-01	5.021797944466750430e-01	5.562414332665828187e-01	5.562414332665828187e-01	5.089830454216539568e-01	5.562414332665828187e-01	5.771527970198689905e-01	5.562414332665828187e-01	5.562414332665828187e-01	4.511804913203820155e-01	5.562414332665828187e-01	5.562414332665828187e-01	5.323061816287859571e-01	5.673390360144330291e-01	5.562414332665828187e-01	5.562414332665828187e-01	5.562414332665828187e-01	5.562414332665828187e-01	5.562414332665828187e-01	5.562414332665828187e-01	5.799263299935769611e-01	5.582750574416319722e-01	5.562414332665828187e-01	5.562414332665828187e-01	5.562414332665828187e-01	5.562414332665828187e-01	5.562414332665828187e-01	5.562414332665828187e-01	5.562414332665828187e-01	5.562414332665828187e-01	5.562414332665828187e-01	4.764568646613869807e-01	5.562414332665828187e-01	5.562414332665828187e-01	5.562414332665828187e-01	5.562414332665828187e-01	5.562414332665828187e-01	4.946844653525879765e-01	5.562414332665828187e-01	5.562414332665828187e-01	5.562414332665828187e-01	5.389123686068030272e-01	5.562414332665828187e-01	5.562414332665828187e-01	4.972487885255569839e-01	5.562414332665828187e-01	5.562414332665828187e-01	5.562414332665828187e-01	5.135692825111529691e-01	4.652294514184620033e-01	5.562414332665828187e-01	5.562414332665828187e-01	5.562414332665828187e-01	5.562414332665828187e-01	5.562414332665828187e-01	6.057870267934819530e-01	5.640080245271299475e-01	5.562414332665828187e-01	5.562414332665828187e-01	5.267001206541890301e-01	5.562414332665828187e-01	5.562414332665828187e-01	5.562414332665828187e-01	5.562414332665828187e-01	5.562414332665828187e-01	5.562414332665828187e-01	5.562414332665828187e-01	5.562414332665828187e-01	5.562414332665828187e-01	5.705457518887330215e-01	5.562414332665828187e-01	6.097607687302010193e-01	5.562414332665828187e-01	5.562414332665828187e-01	5.562414332665828187e-01	5.562414332665828187e-01	5.562414332665828187e-01	5.562414332665828187e-01	6.042963378692309817e-01	5.627992757647880540e-01	5.562414332665828187e-01	5.562414332665828187e-01	5.562414332665828187e-01	5.562414332665828187e-01	5.345995343280289802e-01	6.005464885997430224e-01	5.562414332665828187e-01	5.166091258241399808e-01	5.562414332665828187e-01
5.562414332665828187e-01	5.562414332665828187e-01	5.562414332665828187e-01	5.562414332665828187e-01	5.562414332665828187e-01	5.741148839918279734e-01	9.999999999999990008e-01	5.562414332665828187e-01	5.562414332665828187e-01	5.562414332665828187e-01	5.562414332665828187e-01	6.542556409066010437e-01	5.753996806541820108e-01	5.562414332665828187e-01	5.433633323031960005e-01	5.291538103527799741e-01	5.562414332665828187e-01	5.562414332665828187e-01	4.790666539215620023e-01	5.562414332665828187e-01	5.180774050840150080e-01	5.116512080602589885e-01	5.562414332665828187e-01	5.562414332665828187e-01	5.562414332665828187e-01	5.562414332665828187e-01	5.562414332665828187e-01	5.562414332665828187e-01	5.562414332665828187e-01	5.562414332665828187e-01	5.562414332665828187e-01	5.562414332665828187e-01	4.448939272372089970e-01	5.562414332665828187e-01	5.562414332665828187e-01	4.535449607680420159e-01	5.006539111181439461e-01	5.562414332665828187e-01	5.562414332665828187e-01	4.847114406355459981e-01	5.562414332665828187e-01	6.591644851092529622e-01	5.562414332665828187e-01	5.593245667832870138e-01	5.562414332665828187e-01	5.562414332665828187e-01	5.562414332665828187e-01	5.619517799891160514e-01	5.318077852564110364e-01	5.123338136258680509e-01	5.562414332665828187e-01	5.562414332665828187e-01	5.562414332665828187e-01	5.562414332665828187e-01	5.562414332665828187e-01	5.562414332665828187e-01	5.562414332665828187e-01	5.562414332665828187e-01	5.562414332665828187e-01	4.989857847843849892e-01	5.562414332665828187e-01	5.562414332665828187e-01	5.562414332665828187e-01	5.562414332665828187e-01	5.562414332665828187e-01	5.562414332665828187e-01	5.562414332665828187e-01	5.562414332665828187e-01	5.244475013319369605e-01	5.562414332665828187e-01	5.562414332665828187e-01	5.562414332665828187e-01	5.562414332665828187e-01	5.325232209829670049e-01	5.157997663164709534e-01	5.619193233369359497e-01	5.944498744111149646e-01	5.562414332665828187e-01	5.786483980365829671e-01	5.111994788085949537e-01	5.562414332665828187e-01	5.562414332665828187e-01	4.954188952061219786e-01	5.562414332665828187e-01	5.562414332665828187e-01	5.562414332665828187e-01	5.562414332665828187e-01	5.562414332665828187e-01	5.562414332665828187e-01	5.562414332665828187e-01	5.562414332665828187e-01	5.562414332665828187e-01	5.562414332665828187e-01	4.618832650339990131e-01	5.562414332665828187e-01	5.562414332665828187e-01	5.562414332665828187e-01	5.562414332665828187e-01	5.435162163346769493e-01	5.562414332665828187e-01	5.562414332665828187e-01	5.562414332665828187e-01	5.562414332665828187e-01	5.562414332665828187e-01	5.562414332665828187e-01	5.279445678036079892e-01	5.562414332665828187e-01	5.057227434678720490e-01	5.562414332665828187e-01	4.731730930090389808e-01	5.562414332665828187e-01	5.298147675494200293e-01	5.562414332665828187e-01	5.562414332665828187e-01	5.469223811720830275e-01	5.562414332665828187e-01	5.562414332665828187e-01	5.562414332665828187e-01	5.562414332665828187e-01	5.562414332665828187e-01	5.562414332665828187e-01	5.562414332665828187e-01	5.399607339217280533e-01	5.562414332665828187e-01
5.562414332665828187e-01	6.057775040998669702e-01	5.562414332665828187e-01	5.562414332665828187e-01	6.402885262268690481e-01	5.562414332665828187e-01	5.562414332665828187e-01	1.000000000000000000e+00	5.562414332665828187e-01	5.562414332665828187e-01	5.562414332665828187e-01	6.132648130905330452e-01	5.562414332665828187e-01	5.562414332665828187e-01	5.562414332665828187e-01	5.763468395851299997e-01	5.562414332665828187e-01	4.701101203249369864e-01	5.562414332665828187e-01	5.960524740409910427e-01	4.977393492630429739e-01	5.488466715675339724e-01	5.562414332665828187e-01	5.715550599589459546e-01	5.562414332665828187e-01	5.983180425413120451e-01	5.562414332665828187e-01	5.562414332665828187e-01	5.562414332665828187e-01	5.562414332665828187e-01	5.562414332665828187e-01	4.940621850329939835e-01	5.562414332665828187e-01	5.562414332665828187e-01	5.562414332665828187e-01	5.562414332665828187e-01	5.562414332665828187e-01	5.562414332665828187e-01	5.340476957611489661e-01	5.562414332665828187e-01	5.562414332665828187e-01	6.046548052609359569e-01	5.562414332665828187e-01	5.562414332665828187e-01	4.688588791588980120e-01	5.767089383977449524e-01	5.064749141928609477e-01	5.562414332665828187e-01	5.562414332665828187e-01	5.562414332665828187e-01	5.771157644444969703e-01	5.562414332665828187e-01	5.562414332665828187e-01	5.060156381431919481e-01	5.452597359572369795e-01	5.562414332665828187e-01	5.562414332665828187e-01	5.562414332665828187e-01	5.107691547219209705e-01	5.562414332665828187e-01	5.562414332665828187e-01	5.562414332665828187e-01	6.199053062796729963e-01	5.562414332665828187e-01	5.562414332665828187e-01	5.562414332665828187e-01	5.562414332665828187e-01	5.422305502469360050e-01	5.562414332665828187e-01	5.562414332665828187e-01	5.562414332665828187e-01	5.562414332665828187e-01	5.562414332665828187e-01	5.562414332665828187e-01	5.562414332665828187e-01	5.562414332665828187e-01	6.278635355754510483e-01	5.562414332665828187e-01	5.562414332665828187e-01	5.562414332665828187e-01	5.562414332665828187e-01	5.562414332665828187e-01	5.117137654645169675e-01	5.562414332665828187e-01	5.562414332665828187e-01	5.562414332665828187e-01	5.474120612830459809e-01	5.562414332665828187e-01	5.562414332665828187e-01	5.562414332665828187e-01	5.562414332665828187e-01	5.562414332665828187e-01	5.562414332665828187e-01	4.682873029120879771e-01	5.562414332665828187e-01	4.896509109841780116e-01	5.225169969997950359e-01	5.562414332665828187e-01	5.562414332665828187e-01	5.562414332665828187e-01	5.562414332665828187e-01	5.562414332665828187e-01	5.562414332665828187e-01	4.771157248734450018e-01	5.562414332665828187e-01	5.562414332665828187e-01	5.562414332665828187e-01	5.562414332665828187e-01	5.562414332665828187e-01	5.562414332665828187e-01	5.562414332665828187e-01	5.562414332665828187e-01	5.562414332665828187e-01	5.562414332665828187e-01	5.678584690794949985e-01	5.562414332665828187e-01	5.758310264038819515e-01	5.562414332665828187e-01	5.562414332665828187e-01	6.070354056900160167e-01	4.964687579558390018e-01	5.960346423655570325e-01	6.017745719401249582e-01	5.562414332665828187e-01
5.562414332665828187e-01	5.562414332665828187e-01	5.562414332665828187e-01	5.562414332665828187e-01	5.562414332665828187e-01	5.562414332665828187e-01	5.562414332665828187e-01	5.562414332665828187e-01	1.000000000000000000e+00	5.562414332665828187e-01	5.562414332665828187e-01	5.562414332665828187e-01	5.562414332665828187e-01	4.655330844802699763e-01	6.020900100665950161e-01	5.562414332665828187e-01	5.562414332665828187e-01	5.562414332665828187e-01	5.207668835089119819e-01	5.834304401253059824e-01	5.562414332665828187e-01	5.489033839758109545e-01	5.562414332665828187e-01	5.562414332665828187e-01	5.562414332665828187e-01	5.562414332665828187e-01	5.562414332665828187e-01	5.562414332665828187e-01	5.309541627592030411e-01	5.818669886360330334e-01	5.562414332665828187e-01	5.562414332665828187e-01	5.562414332665828187e-01	5.955044027134920315e-01	5.426965127177769688e-01	5.562414332665828187e-01	5.562414332665828187e-01	5.562414332665828187e-01	5.562414332665828187e-01	5.562414332665828187e-01	5.618678980822250368e-01	6.003942538536870543e-01	5.562414332665828187e-01	5.562414332665828187e-01	4.759723696054750097e-01	5.828989677759139898e-01	5.562414332665828187e-01	5.562414332665828187e-01	5.689413730195890251e-01	5.562414332665828187e-01	5.673154204912620457e-01	5.122050178837119772e-01	5.562414332665828187e-01	5.065180244248550512e-01	5.379177626442920301e-01	5.562414332665828187e-01	5.562414332665828187e-01	5.562414332665828187e-01	5.562414332665828187e-01	5.189952188800840416e-01	5.562414332665828187e-01	5.562414332665828187e-01	5.903504827348899919e-01	5.280923141170089652e-01	4.945944734418120103e-01	5.562414332665828187e-01	5.562414332665828187e-01	5.562414332665828187e-01	5.562414332665828187e-01	5.562414332665828187e-01	5.562414332665828187e-01	5.562414332665828187e-01	5.562414332665828187e-01	5.624873027406279702e-01	5.562414332665828187e-01	5.562414332665828187e-01	6.160648290054919762e-01	5.085187132263879750e-01	5.562414332665828187e-01	5.562414332665828187e-01	5.562414332665828187e-01	5.562414332665828187e-01	5.562414332665828187e-01	5.562414332665828187e-01	5.562414332665828187e-01	5.562414332665828187e-01	5.562414332665828187e-01	5.562414332665828187e-01	5.562414332665828187e-01	5.562414332665828187e-01	5.562414332665828187e-01	5.562414332665828187e-01	5.562414332665828187e-01	5.562414332665828187e-01	5.562414332665828187e-01	5.562414332665828187e-01	5.280688062551950335e-01	5.562414332665828187e-01	5.562414332665828187e-01	5.314326813028740215e-01	5.562414332665828187e-01	5.562414332665828187e-01	5.562414332665828187e-01	5.562414332665828187e-01	5.562414332665828187e-01	5.562414332665828187e-01	5.562414332665828187e-01	5.326465983009760485e-01	5.291949186807090033e-01	5.209210670614510263e-01	5.562414332665828187e-01	5.562414332665828187e-01	5.562414332665828187e-01	5.562414332665828187e-01	5.562414332665828187e-01	5.562414332665828187e-01	5.752438031895299453e-01	5.562414332665828187e-01	5.562414332665828187e-01	6.280470751808330254e-01	5.562414332665828187e-01	5.562414332665828187e-01	5.562414332665828187e-01	5.562414332665828187e-01
5.562414332665828187e-01	5.562414332665828187e-01	5.562414332665828187e-01	5.075250048201870312e-01	5.562414332665828187e-01	5.562414332665828187e-01	5.562414332665828187e-01	5.562414332665828187e-01	5.562414332665828187e-01	1.000000000000000000e+00	5.562414332665828187e-01	5.562414332665828187e-01	5.562414332665828187e-01	5.562414332665828187e-01	5.562414332665828187e-01	5.685727537482140326e-01	5.562414332665828187e-01	4.705383010100990249e-01	5.562414332665828187e-01	5.562414332665828187e-01	4.965524276887099964e-01	5.562414332665828187e-01	5.562414332665828187e-01	5.801585237612509882e-01	6.160146195816169623e-01	5.562414332665828187e-01	5.580876491105399850e-01	5.562414332665828187e-01	5.562414332665828187e-01	5.562414332665828187e-01	6.023697801220919690e-01	5.562414332665828187e-01	5.562414332665828187e-01	5.562414332665828187e-01	5.562414332665828187e-01	5.562414332665828187e-01	5.562414332665828187e-01	5.830333461439619613e-01	5.562414332665828187e-01	4.929611766777259874e-01	5.562414332665828187e-01	5.562414332665828187e-01	5.610824890700339962e-01	5.562414332665828187e-01	5.562414332665828187e-01	5.562414332665828187e-01	5.562414332665828187e-01	5.562414332665828187e-01	5.647467787964950414e-01	5.562414332665828187e-01	5.562414332665828187e-01	5.562414332665828187e-01	5.562414332665828187e-01	5.562414332665828187e-01	5.562414332665828187e-01	5.562414332665828187e-01	5.562414332665828187e-01	5.562414332665828187e-01	5.562414332665828187e-01	5.160953687486480312e-01	5.562414332665828187e-01	5.278660371583310251e-01	5.562414332665828187e-01	5.562414332665828187e-01	5.562414332665828187e-01	5.572029998407069806e-01	5.411436423596970302e-01	5.562414332665828187e-01	5.562414332665828187e-01	5.562414332665828187e-01	5.562414332665828187e-01	5.512310345694320102e-01	5.562414332665828187e-01	5.562414332665828187e-01	5.562414332665828187e-01	5.248329688365970247e-01	6.295734295882039477e-01	5.562414332665828187e-01	5.170468575292730407e-01	5.165819074101809516e-01	5.562414332665828187e-01	5.562414332665828187e-01	5.562414332665828187e-01	5.562414332665828187e-01	5.562414332665828187e-01	5.562414332665828187e-01	5.432942520279080423e-01	5.562414332665828187e-01	6.428733915572859559e-01	5.562414332665828187e-01	5.595989195878530165e-01	4.923045179547890227e-01	5.562414332665828187e-01	5.562414332665828187e-01	4.638003192534699837e-01	5.562414332665828187e-01	5.562414332665828187e-01	5.098448917022959659e-01	5.562414332665828187e-01	5.562414332665828187e-01	5.562414332665828187e-01	4.836431855302140148e-01	5.562414332665828187e-01	5.562414332665828187e-01	5.562414332665828187e-01	5.562414332665828187e-01	5.098512567990669542e-01	5.562414332665828187e-01	5.562414332665828187e-01	5.562414332665828187e-01	5.562414332665828187e-01	5.562414332665828187e-01	5.562414332665828187e-01	5.490441864501010016e-01	5.562414332665828187e-01	5.562414332665828187e-01	5.562414332665828187e-01	6.090412252744580313e-01	5.562414332665828187e-01	5.562414332665828187e-01	5.562414332665828187e-01	5.562414332665828187e-01	5.562414332665828187e-01	5.562414332665828187e-01
6.016740228455550454e-01	6.014656922687730001e-01	5.562414332665828187e-01	4.930025479854149850e-01	5.562414332665828187e-01	5.562414332665828187e-01	5.562414332665828187e-01	5.562414332665828187e-01	5.562414332665828187e-01	5.562414332665828187e-01	1.000000000000000000e+00	5.562414332665828187e-01	5.562414332665828187e-01	5.562414332665828187e-01	5.562414332665828187e-01	5.562414332665828187e-01	5.184680994497840034e-01	5.562414332665828187e-01	5.562414332665828187e-01	6.100169292337319638e-01	5.562414332665828187e-01	5.562414332665828187e-01	5.562414332665828187e-01	5.562414332665828187e-01	5.562414332665828187e-01	5.562414332665828187e-01	5.562414332665828187e-01	5.562414332665828187e-01	5.155405644815590493e-01	5.562414332665828187e-01	5.562414332665828187e-01	5.562414332665828187e-01	4.716777840486749973e-01	5.832242653718939795e-01	4.939430278231090043e-01	5.562414332665828187e-01	5.562414332665828187e-01	5.562414332665828187e-01	5.562414332665828187e-01	5.562414332665828187e-01	5.562414332665828187e-01	5.433628083621320215e-01	5.772467067299570376e-01	5.562414332665828187e-01	5.562414332665828187e-01	5.562414332665828187e-01	5.562414332665828187e-01	5.615754047919010450e-01	5.562414332665828187e-01	5.562414332665828187e-01	6.303603780156410430e-01	5.420381422184740172e-01	5.562414332665828187e-01	5.562414332665828187e-01	5.562414332665828187e-01	5.562414332665828187e-01	5.562414332665828187e-01	5.562414332665828187e-01	5.079245689397889896e-01	5.562414332665828187e-01	5.562414332665828187e-01	5.592744220319210147e-01	5.562414332665828187e-01	5.370776739947189515e-01	5.562414332665828187e-01	5.562414332665828187e-01	5.064451523057440507e-01	5.562414332665828187e-01	5.562414332665828187e-01	5.499947155422729717e-01	5.562414332665828187e-01	5.576609530933960279e-01	5.453536012911559538e-01	5.562414332665828187e-01	5.562414332665828187e-01	5.562414332665828187e-01	5.943405710248900187e-01	5.562414332665828187e-01	5.562414332665828187e-01	5.562414332665828187e-01	5.562414332665828187e-01	5.550406014756880113e-01	5.562414332665828187e-01	5.562414332665828187e-01	5.562414332665828187e-01	5.562414332665828187e-01	5.562414332665828187e-01	5.562414332665828187e-01	5.562414332665828187e-01	5.519543113901500542e-01	5.562414332665828187e-01	5.058188357127649804e-01	5.562414332665828187e-01	4.494758022059390234e-01	5.562414332665828187e-01	5.562414332665828187e-01	5.449276456169359628e-01	5.562414332665828187e-01	5.485276406302369567e-01	5.562414332665828187e-01	5.459399738516880207e-01	5.352038755014190130e-01	5.562414332665828187e-01	5.562414332665828187e-01	5.562414332665828187e-01	5.260020578891400067e-01	5.562414332665828187e-01	5.562414332665828187e-01	5.015078059165900548e-01	5.562414332665828187e-01	5.562414332665828187e-01	5.562414332665828187e-01	5.562414332665828187e-01	5.562414332665828187e-01	5.319827769191549649e-01	5.562414332665828187e-01	5.562414332665828187e-01	5.562414332665828187e-01	6.144616591203599931e-01	5.562414332665828187e-01	5.562414332665828187e-01	5.562414332665828187e-01	5.562414332665828187e-01	5.562414332665828187e-01
5.562414332665828187e-01	5.562414332665828187e-01	5.562414332665828187e-01	5.562414332665828187e-01	5.562414332665828187e-01	5.562414332665828187e-01	6.542556409066010437e-01	6.132648130905330452e-01	5.562414332665828187e-01	5.562414332665828187e-01	5.562414332665828187e-01	1.000000000000000000e+00	6.168467618805090202e-01	5.319939800355919512e-01	5.562414332665828187e-01	5.562414332665828187e-01	5.562414332665828187e-01	5.562414332665828187e-01	5.562414332665828187e-01	6.423816953710429489e-01	5.562414332665828187e-01	5.562414332665828187e-01	5.562414332665828187e-01	5.092952110291010248e-01	5.562414332665828187e-01	5.562414332665828187e-01	4.672177282732080106e-01	5.606005638977920036e-01	5.562414332665828187e-01	5.562414332665828187e-01	5.302527042186699902e-01	5.562414332665828187e-01	5.562414332665828187e-01	5.501825964247729628e-01	5.562414332665828187e-01	5.562414332665828187e-01	5.112973397692850419e-01	5.562414332665828187e-01	5.562414332665828187e-01	4.814199553673079723e-01	5.562414332665828187e-01	5.562414332665828187e-01	5.829754574389020005e-01	5.562414332665828187e-01	4.307338145103800087e-01	5.562414332665828187e-01	5.562414332665828187e-01	5.562414332665828187e-01	5.373939593121189739e-01	5.401645372537690060e-01	5.562414332665828187e-01	5.562414332665828187e-01	5.562414332665828187e-01	5.562414332665828187e-01	5.663435709020619990e-01	5.562414332665828187e-01	5.562414332665828187e-01	4.734732497160700215e-01	4.938312853423310056e-01	5.562414332665828187e-01	5.562414332665828187e-01	5.105700814535719667e-01	6.301847897271459775e-01	5.562414332665828187e-01	5.562414332665828187e-01	5.562414332665828187e-01	5.562414332665828187e-01	5.562414332665828187e-01	5.562414332665828187e-01	5.562414332665828187e-01	5.652438456961109692e-01	5.562414332665828187e-01	4.927956880797469963e-01	5.229673270364719739e-01	5.562414332665828187e-01	5.706306578484630077e-01	5.562414332665828187e-01	5.290958718817869721e-01	5.727043400911040472e-01	5.051786485197790055e-01	5.562414332665828187e-01	5.562414332665828187e-01	5.562414332665828187e-01	5.541492133139089837e-01	5.562414332665828187e-01	5.562414332665828187e-01	5.562414332665828187e-01	5.562414332665828187e-01	5.562414332665828187e-01	5.562414332665828187e-01	6.149874782508849558e-01	5.562414332665828187e-01	5.562414332665828187e-01	5.562414332665828187e-01	5.562414332665828187e-01	5.605576922802569806e-01	5.562414332665828187e-01	5.470904754197120079e-01	5.562414332665828187e-01	5.562414332665828187e-01	5.562414332665828187e-01	5.734329811082310435e-01	5.562414332665828187e-01	5.562414332665828187e-01	5.562414332665828187e-01	5.476096498141329594e-01	5.562414332665828187e-01	5.033377745888080179e-01	5.562414332665828187e-01	4.683635584021200171e-01	5.562414332665828187e-01	5.353827891028439812e-01	5.562414332665828187e-01	5.562414332665828187e-01	5.562414332665828187e-01	6.070768133475730188e-01	5.562414332665828187e-01	5.562414332665828187e-01	6.163006840487510463e-01	5.562414332665828187e-01	5.562414332665828187e-01	5.562414332665828187e-01	5.562414332665828187e-01	5.562414332665828187e-01
