1.000000000000220046e+00	8.120597651707509579e-01	8.842748988718379666e-01	6.065149782113736787e-01	6.065149782113736787e-01	6.065149782113736787e-01	6.065149782113736787e-01	6.764951410492759942e-01	6.065149782113736787e-01	6.065149782113736787e-01	6.065149782113736787e-01	6.065149782113736787e-01	7.037790912904869911e-01	6.065149782113736787e-01	6.065149782113736787e-01	6.663240803855280392e-01	6.065149782113736787e-01	6.065149782113736787e-01	6.065149782113736787e-01	6.065149782113736787e-01	6.065149782113736787e-01	6.065149782113736787e-01	6.065149782113736787e-01	6.411379691863090535e-01	6.065149782113736787e-01	6.065149782113736787e-01	6.919870481385580474e-01	6.065149782113736787e-01	6.065149782113736787e-01	6.065149782113736787e-01	6.065149782113736787e-01	6.065149782113736787e-01	6.065149782113736787e-01	6.065149782113736787e-01	6.065149782113736787e-01	6.065149782113736787e-01	6.065149782113736787e-01	7.242924103278920445e-01	5.931420920953069942e-01	6.065149782113736787e-01	5.689776384703779666e-01	6.065149782113736787e-01	6.065149782113736787e-01	6.065149782113736787e-01	6.065149782113736787e-01	6.065149782113736787e-01	6.065149782113736787e-01	6.273265809159960238e-01	6.552884755618310075e-01	6.065149782113736787e-01	6.065149782113736787e-01	6.065149782113736787e-01	6.065149782113736787e-01	6.065149782113736787e-01	6.065149782113736787e-01	6.065149782113736787e-01	6.065149782113736787e-01	6.065149782113736787e-01	6.065149782113736787e-01	5.061420680520279936e-01	6.065149782113736787e-01	6.065149782113736787e-01	6.065149782113736787e-01	6.065149782113736787e-01	6.065149782113736787e-01	6.065149782113736787e-01	6.065149782113736787e-01	6.065149782113736787e-01	6.065149782113736787e-01	6.065149782113736787e-01	6.065149782113736787e-01	6.065149782113736787e-01	6.065149782113736787e-01	6.065149782113736787e-01	6.065149782113736787e-01	6.065149782113736787e-01	6.065149782113736787e-01	6.065149782113736787e-01	6.065149782113736787e-01	6.065149782113736787e-01	6.065149782113736787e-01	6.065149782113736787e-01	5.570145071457760499e-01	6.065149782113736787e-01	6.065149782113736787e-01	6.065149782113736787e-01	6.645924142714649818e-01	7.446147305737179645e-01	6.065149782113736787e-01	6.490346155905899472e-01	6.065149782113736787e-01	6.065149782113736787e-01	6.065149782113736787e-01	5.442739870248309852e-01	6.065149782113736787e-01	6.065149782113736787e-01	6.065149782113736787e-01	5.157620818102479632e-01	6.199658631560369670e-01	6.065149782113736787e-01	6.065149782113736787e-01	5.617401270812150127e-01	5.351758501228229825e-01	6.065149782113736787e-01	6.065149782113736787e-01	6.065149782113736787e-01	6.065149782113736787e-01	6.065149782113736787e-01	6.065149782113736787e-01	6.065149782113736787e-01	6.065149782113736787e-01	6.065149782113736787e-01	6.065149782113736787e-01	6.065149782113736787e-01	6.065149782113736787e-01	6.065149782113736787e-01	8.586562932296589734e-01	6.065149782113736787e-01	8.401793909769900148e-01	6.065149782113736787e-01	6.065149782113736787e-01	6.065149782113736787e-01	6.065149782113736787e-01	6.065149782113736787e-01
8.120597651707509579e-01	1.000000000000049960e+00	6.065149782113736787e-01	6.065149782113736787e-01	6.065149782113736787e-01	6.065149782113736787e-01	6.065149782113736787e-01	6.246553562558589956e-01	6.065149782113736787e-01	6.180610342979929728e-01	6.065149782113736787e-01	6.045841637771549593e-01	6.065149782113736787e-01	6.065149782113736787e-01	6.065149782113736787e-01	6.065149782113736787e-01	6.065149782113736787e-01	6.071477759761320092e-01	6.065149782113736787e-01	6.065149782113736787e-01	6.065149782113736787e-01	6.065149782113736787e-01	6.123856435469440251e-01	6.065149782113736787e-01	6.076442583739880554e-01	6.669409087193189922e-01	6.566907812074850304e-01	6.065149782113736787e-01	4.440125884785010024e-01	5.376619550797979707e-01	6.065149782113736787e-01	6.065149782113736787e-01	6.065149782113736787e-01	6.065149782113736787e-01	6.065149782113736787e-01	6.065149782113736787e-01	5.665390339684329701e-01	6.065149782113736787e-01	6.065149782113736787e-01	6.065149782113736787e-01	6.065149782113736787e-01	6.065149782113736787e-01	6.065149782113736787e-01	5.152271611861080070e-01	6.065149782113736787e-01	6.065149782113736787e-01	6.065149782113736787e-01	6.065149782113736787e-01	6.333497017628240133e-01	6.065149782113736787e-01	6.065149782113736787e-01	6.065149782113736787e-01	6.065149782113736787e-01	4.785095071331920136e-01	5.490122507787880135e-01	6.065149782113736787e-01	4.858898176803709834e-01	6.065149782113736787e-01	6.065149782113736787e-01	6.065149782113736787e-01	6.065149782113736787e-01	6.065149782113736787e-01	6.967765741856120076e-01	6.065149782113736787e-01	6.065149782113736787e-01	6.306625231495169848e-01	6.065149782113736787e-01	6.065149782113736787e-01	6.065149782113736787e-01	4.490116494833549798e-01	6.065149782113736787e-01	4.992826009354510153e-01	6.065149782113736787e-01	6.065149782113736787e-01	6.065149782113736787e-01	6.065149782113736787e-01	6.065149782113736787e-01	6.591299837084090285e-01	6.120688089680039745e-01	6.065149782113736787e-01	6.585783308820519766e-01	6.065149782113736787e-01	6.065149782113736787e-01	6.065149782113736787e-01	4.913795031535400093e-01	6.065149782113736787e-01	6.065149782113736787e-01	6.065149782113736787e-01	8.254388379814360244e-01	6.065149782113736787e-01	6.567922528952889749e-01	6.065149782113736787e-01	6.065149782113736787e-01	4.916565379410109959e-01	6.065149782113736787e-01	6.065149782113736787e-01	6.797731302650410479e-01	6.065149782113736787e-01	5.648035158543970313e-01	6.331463055879720248e-01	6.065149782113736787e-01	4.885054646568349757e-01	6.065149782113736787e-01	6.065149782113736787e-01	6.065149782113736787e-01	6.065149782113736787e-01	6.065149782113736787e-01	6.065149782113736787e-01	6.065149782113736787e-01	5.197737268889579543e-01	6.065149782113736787e-01	6.065149782113736787e-01	6.065149782113736787e-01	6.543161197722839884e-01	6.065149782113736787e-01	6.065149782113736787e-01	6.065149782113736787e-01	6.065149782113736787e-01	6.065149782113736787e-01	6.065149782113736787e-01	6.065149782113736787e-01	6.743007653354670117e-01	6.065149782113736787e-01	6.065149782113736787e-01
8.842748988718379666e-01	6.065149782113736787e-01	1.000000000000069944e+00	6.065149782113736787e-01	6.065149782113736787e-01	6.065149782113736787e-01	6.065149782113736787e-01	6.065149782113736787e-01	6.065149782113736787e-01	6.088598477317560542e-01	6.065149782113736787e-01	6.065149782113736787e-01	6.065149782113736787e-01	6.065149782113736787e-01	1.000000000000000021e-03	6.065149782113736787e-01	6.065149782113736787e-01	6.065149782113736787e-01	6.065149782113736787e-01	6.065149782113736787e-01	6.065149782113736787e-01	6.065149782113736787e-01	6.065149782113736787e-01	6.036878439057510315e-01	6.065149782113736787e-01	7.114084894041560192e-01	6.065149782113736787e-01	6.222332251724229657e-01	6.065149782113736787e-01	6.065149782113736787e-01	6.065149782113736787e-01	6.065149782113736787e-01	6.065149782113736787e-01	6.065149782113736787e-01	6.065149782113736787e-01	6.065149782113736787e-01	6.065149782113736787e-01	6.065149782113736787e-01	6.065149782113736787e-01	5.985891619064339642e-01	6.065149782113736787e-01	6.065149782113736787e-01	6.065149782113736787e-01	6.065149782113736787e-01	7.092755137354770367e-01	6.132897649577200294e-01	6.065149782113736787e-01	6.065149782113736787e-01	6.065149782113736787e-01	6.065149782113736787e-01	6.065149782113736787e-01	6.065149782113736787e-01	6.065149782113736787e-01	6.065149782113736787e-01	6.035867124587309673e-01	7.526150294157010201e-01	4.578519850150549741e-01	6.065149782113736787e-01	6.065149782113736787e-01	4.719046215393359889e-01	6.065149782113736787e-01	6.065149782113736787e-01	7.303411915072529625e-01	6.065149782113736787e-01	5.631414610658660447e-01	6.065149782113736787e-01	6.065149782113736787e-01	6.065149782113736787e-01	5.445785188906839824e-01	6.065149782113736787e-01	6.065149782113736787e-01	6.065149782113736787e-01	6.586408210574510314e-01	7.080028880634690047e-01	6.796824313553530006e-01	4.468808510007309942e-01	7.268440451501340105e-01	6.065149782113736787e-01	6.065149782113736787e-01	6.750962963068000144e-01	6.065149782113736787e-01	6.065149782113736787e-01	6.065149782113736787e-01	6.065149782113736787e-01	6.065149782113736787e-01	5.881985945863199561e-01	6.065149782113736787e-01	7.098010587673180272e-01	8.263710881985849577e-01	6.065149782113736787e-01	6.065149782113736787e-01	6.710825992573510312e-01	5.549333482346460178e-01	6.065149782113736787e-01	6.065149782113736787e-01	6.065149782113736787e-01	6.065149782113736787e-01	6.065149782113736787e-01	6.065149782113736787e-01	6.190410029820260229e-01	6.065149782113736787e-01	6.065149782113736787e-01	6.065149782113736787e-01	4.312609409434079999e-01	6.065149782113736787e-01	6.065149782113736787e-01	6.463644386327099811e-01	6.065149782113736787e-01	6.065149782113736787e-01	6.065149782113736787e-01	6.065149782113736787e-01	6.065149782113736787e-01	6.541992048619400535e-01	6.065149782113736787e-01	6.978751633686800515e-01	6.065149782113736787e-01	6.065149782113736787e-01	8.459315528572970422e-01	8.208719011379229658e-01	6.065149782113736787e-01	6.065149782113736787e-01	6.065149782113736787e-01	6.065149782113736787e-01	6.065149782113736787e-01
6.065149782113736787e-01	6.065149782113736787e-01	6.065149782113736787e-01	9.999999999998909761e-01	6.065149782113736787e-01	6.234730538663539878e-01	6.608871909047500104e-01	6.065149782113736787e-01	6.065149782113736787e-01	6.065149782113736787e-01	6.065149782113736787e-01	6.065149782113736787e-01	6.065149782113736787e-01	6.275179800734159707e-01	1.000000000000000021e-03	6.869445041337329805e-01	5.506668889511939780e-01	6.065149782113736787e-01	6.065149782113736787e-01	6.065149782113736787e-01	6.065149782113736787e-01	6.065149782113736787e-01	6.065149782113736787e-01	7.060036673226229853e-01	6.065149782113736787e-01	6.065149782113736787e-01	6.065149782113736787e-01	6.625960506718250320e-01	6.065149782113736787e-01	5.919262078449509801e-01	6.065149782113736787e-01	6.065149782113736787e-01	6.725923050297899497e-01	7.408333388985209877e-01	6.065149782113736787e-01	7.111749365659210120e-01	6.065149782113736787e-01	6.065149782113736787e-01	6.065149782113736787e-01	6.065149782113736787e-01	6.065149782113736787e-01	6.610017447811840086e-01	6.065149782113736787e-01	6.065149782113736787e-01	6.065149782113736787e-01	6.065149782113736787e-01	5.300949690017020544e-01	6.065149782113736787e-01	6.065149782113736787e-01	6.065149782113736787e-01	6.065149782113736787e-01	6.065149782113736787e-01	6.320273246724480432e-01	6.065149782113736787e-01	6.065149782113736787e-01	6.576046828651149756e-01	6.065149782113736787e-01	6.065149782113736787e-01	6.065149782113736787e-01	6.065149782113736787e-01	7.018351192896129520e-01	6.065149782113736787e-01	6.065149782113736787e-01	6.065149782113736787e-01	4.808529083545630134e-01	6.065149782113736787e-01	6.065149782113736787e-01	6.065149782113736787e-01	6.065149782113736787e-01	6.065149782113736787e-01	6.065149782113736787e-01	6.065149782113736787e-01	6.586389836541199916e-01	7.214970471922129702e-01	6.065149782113736787e-01	6.065149782113736787e-01	6.065149782113736787e-01	6.065149782113736787e-01	6.369525191045599666e-01	6.711770452148170252e-01	6.478052726918990256e-01	6.065149782113736787e-01	6.065149782113736787e-01	6.065149782113736787e-01	4.979333145469749811e-01	6.065149782113736787e-01	6.065149782113736787e-01	7.016388427585159571e-01	6.978368450177410143e-01	6.065149782113736787e-01	6.065149782113736787e-01	6.065149782113736787e-01	6.065149782113736787e-01	6.065149782113736787e-01	6.065149782113736787e-01	6.781089201613079709e-01	6.065149782113736787e-01	6.065149782113736787e-01	6.065149782113736787e-01	6.065149782113736787e-01	6.065149782113736787e-01	6.065149782113736787e-01	6.065149782113736787e-01	6.065149782113736787e-01	6.065149782113736787e-01	6.065149782113736787e-01	6.065149782113736787e-01	6.065149782113736787e-01	6.065149782113736787e-01	6.065149782113736787e-01	6.065149782113736787e-01	6.065149782113736787e-01	6.065149782113736787e-01	6.065149782113736787e-01	6.726839746334579706e-01	6.065149782113736787e-01	6.898256001070880439e-01	6.749024366978689793e-01	6.799265527505700124e-01	6.065149782113736787e-01	6.065149782113736787e-01	6.065149782113736787e-01	6.418782015262169960e-01	6.395594725379120105e-01
6.065149782113736787e-01	6.065149782113736787e-01	6.065149782113736787e-01	6.065149782113736787e-01	9.999999999998619993e-01	6.065149782113736787e-01	7.250902678183199779e-01	6.065149782113736787e-01	6.065149782113736787e-01	6.971560632035790350e-01	6.065149782113736787e-01	6.065149782113736787e-01	6.065149782113736787e-01	6.065149782113736787e-01	6.065149782113736787e-01	6.065149782113736787e-01	6.065149782113736787e-01	6.065149782113736787e-01	5.964313368776690272e-01	7.509951651462709599e-01	6.065149782113736787e-01	6.065149782113736787e-01	6.065149782113736787e-01	6.065149782113736787e-01	6.819346747066989955e-01	7.462832419253659921e-01	6.065149782113736787e-01	6.800663656482830444e-01	6.065149782113736787e-01	6.065149782113736787e-01	6.065149782113736787e-01	6.065149782113736787e-01	6.065149782113736787e-01	6.065149782113736787e-01	6.065149782113736787e-01	6.490321299236280206e-01	6.065149782113736787e-01	6.615926613037970139e-01	6.065149782113736787e-01	6.334807291916410010e-01	6.065149782113736787e-01	6.065149782113736787e-01	5.941374890984669754e-01	5.255547535270710391e-01	6.358611116473199543e-01	5.460595799897870473e-01	4.899046473192190110e-01	5.226449067300049656e-01	6.065149782113736787e-01	6.107360567137130047e-01	6.065149782113736787e-01	6.065149782113736787e-01	6.065149782113736787e-01	4.633928741745509949e-01	5.480560539271970288e-01	6.015800757108269448e-01	5.075919202458869517e-01	5.664500605744839934e-01	6.065149782113736787e-01	6.065149782113736787e-01	6.065149782113736787e-01	6.065149782113736787e-01	6.065149782113736787e-01	4.898477043036020273e-01	4.325569929641169820e-01	6.065149782113736787e-01	5.672217042086710181e-01	5.604424822889909619e-01	6.065149782113736787e-01	6.065149782113736787e-01	5.297588590556040478e-01	6.065149782113736787e-01	6.065149782113736787e-01	6.065149782113736787e-01	6.065149782113736787e-01	6.065149782113736787e-01	6.065149782113736787e-01	6.065149782113736787e-01	5.823987051472639953e-01	6.065149782113736787e-01	7.098458088071040173e-01	5.184044311950160022e-01	6.065149782113736787e-01	5.429910178991920189e-01	6.065149782113736787e-01	6.065149782113736787e-01	5.703923662444370102e-01	6.065149782113736787e-01	6.065149782113736787e-01	5.990151082913770519e-01	6.065149782113736787e-01	6.065149782113736787e-01	6.065149782113736787e-01	6.065149782113736787e-01	6.065149782113736787e-01	6.065149782113736787e-01	6.672563441113229521e-01	5.042613214355879947e-01	6.065149782113736787e-01	6.271626215897899703e-01	6.065149782113736787e-01	6.065149782113736787e-01	6.065149782113736787e-01	6.065149782113736787e-01	6.065149782113736787e-01	6.065149782113736787e-01	6.065149782113736787e-01	6.065149782113736787e-01	6.065149782113736787e-01	5.114812367178509511e-01	6.065149782113736787e-01	6.065149782113736787e-01	6.065149782113736787e-01	6.065149782113736787e-01	6.065149782113736787e-01	6.065149782113736787e-01	6.065149782113736787e-01	6.880473552224030120e-01	6.887228014905409923e-01	6.777915836038550523e-01	6.065149782113736787e-01	7.019132433483209477e-01	6.540526284814079938e-01	6.065149782113736787e-01
6.065149782113736787e-01	6.065149782113736787e-01	6.065149782113736787e-01	6.234730538663539878e-01	6.065149782113736787e-01	1.000000000000029976e+00	6.858354896413679791e-01	6.065149782113736787e-01	7.011788490896979642e-01	6.065149782113736787e-01	6.065149782113736787e-01	6.065149782113736787e-01	6.065149782113736787e-01	6.065149782113736787e-01	6.065149782113736787e-01	5.928441976526750423e-01	6.065149782113736787e-01	6.065149782113736787e-01	5.779662903074870295e-01	5.565517443168660483e-01	6.065149782113736787e-01	6.065149782113736787e-01	6.065149782113736787e-01	6.065149782113736787e-01	6.065149782113736787e-01	6.065149782113736787e-01	6.065149782113736787e-01	6.065149782113736787e-01	6.065149782113736787e-01	6.065149782113736787e-01	6.065149782113736787e-01	6.660445410841779879e-01	6.065149782113736787e-01	7.727350764902860547e-01	6.065149782113736787e-01	6.065149782113736787e-01	6.065149782113736787e-01	6.065149782113736787e-01	6.065149782113736787e-01	6.065149782113736787e-01	5.546246421247349456e-01	6.065149782113736787e-01	6.618108956265780218e-01	6.065149782113736787e-01	6.065149782113736787e-01	6.065149782113736787e-01	6.065149782113736787e-01	6.065149782113736787e-01	6.065149782113736787e-01	6.065149782113736787e-01	6.065149782113736787e-01	6.065149782113736787e-01	6.065149782113736787e-01	6.065149782113736787e-01	6.065149782113736787e-01	6.065149782113736787e-01	4.269054730775440065e-01	6.065149782113736787e-01	5.757233540716349962e-01	6.065149782113736787e-01	5.678564096904179515e-01	5.676971410178159871e-01	6.065149782113736787e-01	6.065149782113736787e-01	6.065149782113736787e-01	6.065149782113736787e-01	6.065149782113736787e-01	6.065149782113736787e-01	6.065149782113736787e-01	6.065149782113736787e-01	6.065149782113736787e-01	6.065149782113736787e-01	6.065149782113736787e-01	6.670543700427989942e-01	6.787953349074929976e-01	6.065149782113736787e-01	6.065149782113736787e-01	6.065149782113736787e-01	6.065149782113736787e-01	6.508038472644610550e-01	6.065149782113736787e-01	6.065149782113736787e-01	6.065149782113736787e-01	6.065149782113736787e-01	5.442153537338200175e-01	5.562025606898349794e-01	5.741005178006409748e-01	6.590984232218629613e-01	7.026895759709299583e-01	6.065149782113736787e-01	6.065149782113736787e-01	6.065149782113736787e-01	6.065149782113736787e-01	6.065149782113736787e-01	6.065149782113736787e-01	6.065149782113736787e-01	6.065149782113736787e-01	6.065149782113736787e-01	5.647980986951499638e-01	6.065149782113736787e-01	6.065149782113736787e-01	6.065149782113736787e-01	6.065149782113736787e-01	6.065149782113736787e-01	5.034515741088719798e-01	6.065149782113736787e-01	6.065149782113736787e-01	6.448980266001940187e-01	5.266083881302030534e-01	6.065149782113736787e-01	6.065149782113736787e-01	6.065149782113736787e-01	6.065149782113736787e-01	6.217135938606509482e-01	6.065149782113736787e-01	7.027315018127570090e-01	7.081600313920729528e-01	6.065149782113736787e-01	6.065149782113736787e-01	6.065149782113736787e-01	6.703837716408590497e-01	6.065149782113736787e-01	6.732020430643920195e-01	6.065149782113736787e-01
6.065149782113736787e-01	6.065149782113736787e-01	6.065149782113736787e-01	6.608871909047500104e-01	7.250902678183199779e-01	6.858354896413679791e-01	1.000000000000039968e+00	6.065149782113736787e-01	6.065149782113736787e-01	6.065149782113736787e-01	6.065149782113736787e-01	6.065149782113736787e-01	6.065149782113736787e-01	5.929734751522329761e-01	6.065149782113736787e-01	6.065149782113736787e-01	6.065149782113736787e-01	6.468997200890740373e-01	6.065149782113736787e-01	6.065149782113736787e-01	6.065149782113736787e-01	5.157829847506839593e-01	7.165426702159719552e-01	6.065149782113736787e-01	6.863409365529630213e-01	6.065149782113736787e-01	6.468675233191549800e-01	6.065149782113736787e-01	6.065149782113736787e-01	6.065149782113736787e-01	6.065149782113736787e-01	6.065149782113736787e-01	6.065149782113736787e-01	6.065149782113736787e-01	6.065149782113736787e-01	6.065149782113736787e-01	5.902067449980969993e-01	6.065149782113736787e-01	6.065149782113736787e-01	6.065149782113736787e-01	6.065149782113736787e-01	6.065149782113736787e-01	6.065149782113736787e-01	6.065149782113736787e-01	6.065149782113736787e-01	6.065149782113736787e-01	5.277997147991240201e-01	6.065149782113736787e-01	6.065149782113736787e-01	6.065149782113736787e-01	6.065149782113736787e-01	5.984374261844309650e-01	6.065149782113736787e-01	5.024481156895550527e-01	6.065149782113736787e-01	6.639905235205959544e-01	6.065149782113736787e-01	6.065149782113736787e-01	5.676364000295139878e-01	6.065149782113736787e-01	6.065149782113736787e-01	5.835930937814820529e-01	7.236540486849839526e-01	5.290958331927130276e-01	6.065149782113736787e-01	6.065149782113736787e-01	6.065149782113736787e-01	6.065149782113736787e-01	6.065149782113736787e-01	6.065149782113736787e-01	6.065149782113736787e-01	6.065149782113736787e-01	6.065149782113736787e-01	6.682198625205529874e-01	6.065149782113736787e-01	6.065149782113736787e-01	6.065149782113736787e-01	6.738462752742899742e-01	6.262002025435690067e-01	6.438879680405199535e-01	6.065149782113736787e-01	5.331578336933520124e-01	5.062057297513969933e-01	6.065149782113736787e-01	6.065149782113736787e-01	6.065149782113736787e-01	6.065149782113736787e-01	6.065149782113736787e-01	6.065149782113736787e-01	6.065149782113736787e-01	6.065149782113736787e-01	6.405694621676359946e-01	6.065149782113736787e-01	6.065149782113736787e-01	5.084590660272939600e-01	6.065149782113736787e-01	6.065149782113736787e-01	4.923623319150409738e-01	6.105293947842840296e-01	6.065149782113736787e-01	6.936597373309809633e-01	6.065149782113736787e-01	6.065149782113736787e-01	6.065149782113736787e-01	4.814700267793809996e-01	6.065149782113736787e-01	6.790278657710959731e-01	6.030855177876509599e-01	6.065149782113736787e-01	6.065149782113736787e-01	6.616422575899879588e-01	6.065149782113736787e-01	6.174323439895500476e-01	6.065149782113736787e-01	6.065149782113736787e-01	6.065149782113736787e-01	6.065149782113736787e-01	6.065149782113736787e-01	7.224973777241370243e-01	6.065149782113736787e-01	7.213391123880119604e-01	7.049344031769579910e-01	6.065149782113736787e-01	6.919787026800430230e-01
6.764951410492759942e-01	6.246553562558589956e-01	6.065149782113736787e-01	6.065149782113736787e-01	6.065149782113736787e-01	6.065149782113736787e-01	6.065149782113736787e-01	9.999999999999440448e-01	6.065149782113736787e-01	6.065149782113736787e-01	6.065149782113736787e-01	6.065149782113736787e-01	6.409817742196419754e-01	6.065149782113736787e-01	6.065149782113736787e-01	6.065149782113736787e-01	6.065149782113736787e-01	6.251081798187330119e-01	6.065149782113736787e-01	6.221267442047000440e-01	6.092643478798640544e-01	6.065149782113736787e-01	6.065149782113736787e-01	5.699593406768840298e-01	6.946323776145070239e-01	6.065149782113736787e-01	6.065149782113736787e-01	6.065149782113736787e-01	6.065149782113736787e-01	6.065149782113736787e-01	6.065149782113736787e-01	6.065149782113736787e-01	6.065149782113736787e-01	6.065149782113736787e-01	6.065149782113736787e-01	6.065149782113736787e-01	5.608806265903270027e-01	6.065149782113736787e-01	5.311828762408340454e-01	6.065149782113736787e-01	6.065149782113736787e-01	6.978532339347309765e-01	6.453155016575340408e-01	4.982894667142589995e-01	6.065149782113736787e-01	5.787198431937380372e-01	4.879962844987040249e-01	6.065149782113736787e-01	6.065149782113736787e-01	6.065149782113736787e-01	6.773353057702660163e-01	6.065149782113736787e-01	5.390334973191209800e-01	6.065149782113736787e-01	6.065149782113736787e-01	6.358153098244240242e-01	6.065149782113736787e-01	6.065149782113736787e-01	6.065149782113736787e-01	4.250084744347559784e-01	6.065149782113736787e-01	6.065149782113736787e-01	6.065149782113736787e-01	4.978703500617390199e-01	6.065149782113736787e-01	5.689212204955440555e-01	6.065149782113736787e-01	5.548464068831610030e-01	6.065149782113736787e-01	4.561818832235159937e-01	6.065149782113736787e-01	6.065149782113736787e-01	6.065149782113736787e-01	6.065149782113736787e-01	6.065149782113736787e-01	4.388906314711850110e-01	6.893932862501940262e-01	6.065149782113736787e-01	6.065149782113736787e-01	6.065149782113736787e-01	7.379792692116899921e-01	4.875577261177819755e-01	6.065149782113736787e-01	6.076092727266759752e-01	4.873707065867159960e-01	6.065149782113736787e-01	5.525403816623170039e-01	6.065149782113736787e-01	6.673936616865610016e-01	5.515151926167829455e-01	6.065149782113736787e-01	6.065149782113736787e-01	6.065149782113736787e-01	6.065149782113736787e-01	4.473827262405180027e-01	6.065149782113736787e-01	6.065149782113736787e-01	6.065149782113736787e-01	5.458691665662219750e-01	6.065149782113736787e-01	6.065149782113736787e-01	6.065149782113736787e-01	6.065149782113736787e-01	6.065149782113736787e-01	4.575165364457279837e-01	4.916848010868939967e-01	6.065149782113736787e-01	6.065149782113736787e-01	6.065149782113736787e-01	6.065149782113736787e-01	6.065149782113736787e-01	6.265396623124740438e-01	5.903871938133959940e-01	6.013463637229640169e-01	6.325292931069790292e-01	6.065149782113736787e-01	6.065149782113736787e-01	6.686677168563449625e-01	6.065149782113736787e-01	6.292658777420370164e-01	6.065149782113736787e-01	6.802342190555500379e-01	6.485316002800739499e-01	6.459285131021600401e-01
6.065149782113736787e-01	6.065149782113736787e-01	6.065149782113736787e-01	6.065149782113736787e-01	6.065149782113736787e-01	7.011788490896979642e-01	6.065149782113736787e-01	6.065149782113736787e-01	1.000000000000190070e+00	6.065149782113736787e-01	6.065149782113736787e-01	5.372163587217889669e-01	6.065149782113736787e-01	6.098400546068090122e-01	6.065149782113736787e-01	6.065149782113736787e-01	6.065149782113736787e-01	6.065149782113736787e-01	6.065149782113736787e-01	5.912452208198469839e-01	6.949407295801930395e-01	4.545215598561500037e-01	6.065149782113736787e-01	5.770811054162360287e-01	6.065149782113736787e-01	6.990064168649939846e-01	6.074577208976169596e-01	6.065149782113736787e-01	6.065149782113736787e-01	6.065149782113736787e-01	6.600400053846670057e-01	6.065149782113736787e-01	6.065149782113736787e-01	6.800943131078579507e-01	6.065149782113736787e-01	6.321128422109949518e-01	6.065149782113736787e-01	6.065149782113736787e-01	6.065149782113736787e-01	6.065149782113736787e-01	5.745139275925430500e-01	6.065149782113736787e-01	6.065149782113736787e-01	5.315385001835279954e-01	6.933941940898940004e-01	6.065149782113736787e-01	5.454031831006630471e-01	6.088142589599819798e-01	5.923929084664929512e-01	5.970035704912329821e-01	6.065149782113736787e-01	6.065149782113736787e-01	5.732871524969249677e-01	6.065149782113736787e-01	5.769997250116030152e-01	6.988711771097180225e-01	4.341186173712029972e-01	6.065149782113736787e-01	6.065149782113736787e-01	6.065149782113736787e-01	6.065149782113736787e-01	6.065149782113736787e-01	6.065149782113736787e-01	6.065149782113736787e-01	6.065149782113736787e-01	5.844334144907820106e-01	6.065149782113736787e-01	6.065149782113736787e-01	6.065149782113736787e-01	6.065149782113736787e-01	6.065149782113736787e-01	6.065149782113736787e-01	6.192064892310219504e-01	6.065149782113736787e-01	6.065149782113736787e-01	6.065149782113736787e-01	6.065149782113736787e-01	6.065149782113736787e-01	6.293108430392180264e-01	6.065149782113736787e-01	6.065149782113736787e-01	6.065149782113736787e-01	6.065149782113736787e-01	6.065149782113736787e-01	6.065149782113736787e-01	6.065149782113736787e-01	5.958173789306809853e-01	6.065149782113736787e-01	6.065149782113736787e-01	6.065149782113736787e-01	6.065149782113736787e-01	6.065149782113736787e-01	6.065149782113736787e-01	6.065149782113736787e-01	6.065149782113736787e-01	6.867969683525849689e-01	6.065149782113736787e-01	4.501711164778929852e-01	6.065149782113736787e-01	6.065149782113736787e-01	6.065149782113736787e-01	6.065149782113736787e-01	6.065149782113736787e-01	4.201495853884770204e-01	6.065149782113736787e-01	6.065149782113736787e-01	6.065149782113736787e-01	6.065149782113736787e-01	6.065149782113736787e-01	6.065149782113736787e-01	6.065149782113736787e-01	7.026268513261150206e-01	6.065149782113736787e-01	6.065149782113736787e-01	6.521513625669860259e-01	6.065149782113736787e-01	6.867010116752400029e-01	6.065149782113736787e-01	6.065149782113736787e-01	6.065149782113736787e-01	6.065149782113736787e-01	6.664507660764129593e-01	6.065149782113736787e-01	6.065149782113736787e-01
6.065149782113736787e-01	6.180610342979929728e-01	6.088598477317560542e-01	6.065149782113736787e-01	6.971560632035790350e-01	6.065149782113736787e-01	6.065149782113736787e-01	6.065149782113736787e-01	6.065149782113736787e-01	1.000000000000099920e+00	6.065149782113736787e-01	6.312712354370779710e-01	6.065149782113736787e-01	6.065149782113736787e-01	1.000000000000000021e-03	6.031205735984790373e-01	4.710456829492989939e-01	6.065149782113736787e-01	6.065149782113736787e-01	6.065149782113736787e-01	6.065149782113736787e-01	6.065149782113736787e-01	6.065149782113736787e-01	6.264669528929760478e-01	6.383013578805849519e-01	6.065149782113736787e-01	6.065149782113736787e-01	6.300386748169709561e-01	6.065149782113736787e-01	4.886474303025929999e-01	6.174425799511199520e-01	5.348582299691050368e-01	6.065149782113736787e-01	6.223703261489259564e-01	5.141892703694369571e-01	6.065149782113736787e-01	6.065149782113736787e-01	6.065149782113736787e-01	6.065149782113736787e-01	6.065149782113736787e-01	6.065149782113736787e-01	6.065149782113736787e-01	5.886582316990589536e-01	5.145957642873609794e-01	6.022822305591649661e-01	6.065149782113736787e-01	6.065149782113736787e-01	6.065149782113736787e-01	6.065149782113736787e-01	6.594551899725099586e-01	6.065149782113736787e-01	6.065149782113736787e-01	6.167468218825400417e-01	6.065149782113736787e-01	5.402695822865180020e-01	6.065149782113736787e-01	5.504921805556239889e-01	5.671195511885209761e-01	5.433713997388800454e-01	6.065149782113736787e-01	6.649661342762159810e-01	6.065149782113736787e-01	6.502563699384950047e-01	5.111219252067390473e-01	6.065149782113736787e-01	6.065149782113736787e-01	6.065149782113736787e-01	6.065149782113736787e-01	6.065149782113736787e-01	4.301900261178889795e-01	5.609037116237060028e-01	6.065149782113736787e-01	5.754423156986809840e-01	6.352214839705170313e-01	6.065149782113736787e-01	6.065149782113736787e-01	6.065149782113736787e-01	6.065149782113736787e-01	6.146138450102069939e-01	6.065149782113736787e-01	6.065149782113736787e-01	6.065149782113736787e-01	6.065149782113736787e-01	6.065149782113736787e-01	6.065149782113736787e-01	6.065149782113736787e-01	6.065149782113736787e-01	6.065149782113736787e-01	6.065149782113736787e-01	6.065149782113736787e-01	6.065149782113736787e-01	6.065149782113736787e-01	6.065149782113736787e-01	6.065149782113736787e-01	6.065149782113736787e-01	6.065149782113736787e-01	6.065149782113736787e-01	6.065149782113736787e-01	6.065149782113736787e-01	6.575595442280409708e-01	6.473219803269359973e-01	6.065149782113736787e-01	6.065149782113736787e-01	6.065149782113736787e-01	6.065149782113736787e-01	6.065149782113736787e-01	6.584348081467680247e-01	5.672974128647599867e-01	6.065149782113736787e-01	6.065149782113736787e-01	6.065149782113736787e-01	6.065149782113736787e-01	5.749662933865610226e-01	6.065149782113736787e-01	6.065149782113736787e-01	6.065149782113736787e-01	6.065149782113736787e-01	6.065149782113736787e-01	6.405065297110179579e-01	6.249647395393700400e-01	6.541819974282090389e-01	6.065149782113736787e-01	6.065149782113736787e-01	6.065149782113736787e-01
6.065149782113736787e-01	6.065149782113736787e-01	6.065149782113736787e-01	6.065149782113736787e-01	6.065149782113736787e-01	6.065149782113736787e-01	6.065149782113736787e-01	6.065149782113736787e-01	6.065149782113736787e-01	6.065149782113736787e-01	9.999999999999870104e-01	6.065149782113736787e-01	6.065149782113736787e-01	6.065149782113736787e-01	6.065149782113736787e-01	6.065149782113736787e-01	6.065149782113736787e-01	5.786232197990149873e-01	6.065149782113736787e-01	6.065149782113736787e-01	6.065149782113736787e-01	6.065149782113736787e-01	6.065149782113736787e-01	6.321817713006190331e-01	6.534329496293560524e-01	6.065149782113736787e-01	6.522428662374619712e-01	6.764723934624979895e-01	6.065149782113736787e-01	4.803248756019760091e-01	6.324055847947880338e-01	6.065149782113736787e-01	5.790070372362999818e-01	6.065149782113736787e-01	6.065149782113736787e-01	6.582593416215719584e-01	6.065149782113736787e-01	6.729636653927989487e-01	6.065149782113736787e-01	6.065149782113736787e-01	6.065149782113736787e-01	6.065149782113736787e-01	6.065149782113736787e-01	6.065149782113736787e-01	6.113486682103650427e-01	6.065149782113736787e-01	6.065149782113736787e-01	6.065149782113736787e-01	6.065149782113736787e-01	6.065149782113736787e-01	6.065149782113736787e-01	6.065149782113736787e-01	6.065149782113736787e-01	4.637509734861839927e-01	6.065149782113736787e-01	6.065149782113736787e-01	6.065149782113736787e-01	6.065149782113736787e-01	6.065149782113736787e-01	6.065149782113736787e-01	6.804774251556859888e-01	5.773896512143570359e-01	6.065149782113736787e-01	6.065149782113736787e-01	6.065149782113736787e-01	6.065149782113736787e-01	5.457100568249370065e-01	6.065149782113736787e-01	5.696905025024849856e-01	6.065149782113736787e-01	6.065149782113736787e-01	6.065149782113736787e-01	6.045965463883149482e-01	6.065149782113736787e-01	6.065149782113736787e-01	6.065149782113736787e-01	6.065149782113736787e-01	6.377046843991639458e-01	6.065149782113736787e-01	6.089717107539239782e-01	6.065149782113736787e-01	6.065149782113736787e-01	6.065149782113736787e-01	5.234034264434009875e-01	6.065149782113736787e-01	6.065149782113736787e-01	5.744832968939850293e-01	6.065149782113736787e-01	6.065149782113736787e-01	6.065149782113736787e-01	6.065149782113736787e-01	5.594190564868130044e-01	6.065149782113736787e-01	6.065149782113736787e-01	5.174519748736570168e-01	6.065149782113736787e-01	6.065149782113736787e-01	6.065149782113736787e-01	6.065149782113736787e-01	6.065149782113736787e-01	6.065149782113736787e-01	6.065149782113736787e-01	6.065149782113736787e-01	6.065149782113736787e-01	6.065149782113736787e-01	5.568051227735479891e-01	6.065149782113736787e-01	5.405807080067259740e-01	6.065149782113736787e-01	6.065149782113736787e-01	6.065149782113736787e-01	5.697422016568060021e-01	6.065149782113736787e-01	6.528649290154520113e-01	6.268223322061049485e-01	6.577084161367769966e-01	6.065149782113736787e-01	6.065149782113736787e-01	6.065149782113736787e-01	6.065149782113736787e-01	6.065149782113736787e-01	6.065149782113736787e-01	6.065149782113736787e-01	6.065149782113736787e-01
6.065149782113736787e-01	6.045841637771549593e-01	6.065149782113736787e-01	6.065149782113736787e-01	6.065149782113736787e-01	6.065149782113736787e-01	6.065149782113736787e-01	6.065149782113736787e-01	5.372163587217889669e-01	6.312712354370779710e-01	6.065149782113736787e-01	1.000000000000059952e+00	6.065149782113736787e-01	6.065149782113736787e-01	6.065149782113736787e-01	5.616186416333339704e-01	6.065149782113736787e-01	6.065149782113736787e-01	6.065149782113736787e-01	6.065149782113736787e-01	4.755413550198649975e-01	6.065149782113736787e-01	6.065149782113736787e-01	6.065149782113736787e-01	6.065149782113736787e-01	6.065149782113736787e-01	6.065149782113736787e-01	6.065149782113736787e-01	6.065149782113736787e-01	6.065149782113736787e-01	6.065149782113736787e-01	6.065149782113736787e-01	6.065149782113736787e-01	6.152124003940829811e-01	6.065149782113736787e-01	5.880583430234630482e-01	6.065149782113736787e-01	6.065149782113736787e-01	6.065149782113736787e-01	6.278227390438809730e-01	6.065149782113736787e-01	5.996967524000229588e-01	6.065149782113736787e-01	6.065149782113736787e-01	6.065149782113736787e-01	6.065149782113736787e-01	6.065149782113736787e-01	6.065149782113736787e-01	5.886456793744540006e-01	6.065149782113736787e-01	6.065149782113736787e-01	6.065149782113736787e-01	6.065149782113736787e-01	6.065149782113736787e-01	5.206998082666020045e-01	5.212196365041029678e-01	6.065149782113736787e-01	6.065149782113736787e-01	6.065149782113736787e-01	4.793527313243879928e-01	6.065149782113736787e-01	5.465324081161350156e-01	7.230385643509930071e-01	4.547756257446459727e-01	3.833067678491219876e-01	5.894488587201159868e-01	4.977161318303919835e-01	6.065149782113736787e-01	5.389756142204079614e-01	6.065149782113736787e-01	5.135421407734760413e-01	6.065149782113736787e-01	5.783344928834579513e-01	6.011868806355610273e-01	5.594067875670699630e-01	5.771783427655360343e-01	6.065149782113736787e-01	6.065149782113736787e-01	6.065149782113736787e-01	6.065149782113736787e-01	6.065149782113736787e-01	6.065149782113736787e-01	4.494140369892509757e-01	4.723613800060060264e-01	6.065149782113736787e-01	6.065149782113736787e-01	6.065149782113736787e-01	6.065149782113736787e-01	6.065149782113736787e-01	6.065149782113736787e-01	6.065149782113736787e-01	6.065149782113736787e-01	6.065149782113736787e-01	6.065149782113736787e-01	6.065149782113736787e-01	6.065149782113736787e-01	6.065149782113736787e-01	6.065149782113736787e-01	6.065149782113736787e-01	6.065149782113736787e-01	6.044204892349059888e-01	6.065149782113736787e-01	6.065149782113736787e-01	6.065149782113736787e-01	6.065149782113736787e-01	6.065149782113736787e-01	6.065149782113736787e-01	6.065149782113736787e-01	6.065149782113736787e-01	6.065149782113736787e-01	6.128545587330550548e-01	6.065149782113736787e-01	5.142847347187270435e-01	6.404233499220020054e-01	6.065149782113736787e-01	6.065149782113736787e-01	6.065149782113736787e-01	6.065149782113736787e-01	6.065149782113736787e-01	6.065149782113736787e-01	6.065149782113736787e-01	7.361537863981010288e-01	6.065149782113736787e-01	6.065149782113736787e-01
