1.000000000000000000e+00	4.795918367346940214e-01	3.978494623655909890e-01	3.660015393641537496e-01	3.173076923076920131e-01	5.157894736842110195e-01	5.487804878048779811e-01	3.660015393641537496e-01	3.660015393641537496e-01	3.660015393641537496e-01	3.660015393641537496e-01	4.375000000000000000e-01	3.660015393641537496e-01	3.660015393641537496e-01	3.660015393641537496e-01	3.660015393641537496e-01	3.660015393641537496e-01	6.875000000000000000e-01	3.660015393641537496e-01	3.660015393641537496e-01	3.660015393641537496e-01	4.745762711864410233e-01	3.660015393641537496e-01	5.555555555555560243e-01	3.660015393641537496e-01	3.357142857142860204e-01	3.660015393641537496e-01	3.660015393641537496e-01	3.660015393641537496e-01	3.660015393641537496e-01	3.660015393641537496e-01	3.614457831325300075e-01	3.660015393641537496e-01	5.106382978723400523e-01	3.660015393641537496e-01	3.660015393641537496e-01	3.660015393641537496e-01	3.660015393641537496e-01	5.000000000000000000e-01	3.660015393641537496e-01	3.660015393641537496e-01	3.660015393641537496e-01	3.660015393641537496e-01	3.660015393641537496e-01	3.660015393641537496e-01	3.660015393641537496e-01	2.436974789915969941e-01	3.660015393641537496e-01	3.660015393641537496e-01	3.050847457627119952e-01	5.531914893617020379e-01	4.260869565217390020e-01	1.686746987951809884e-01	3.207547169811320042e-01	3.660015393641537496e-01	3.660015393641537496e-01	4.382022471910109740e-01	3.660015393641537496e-01	3.660015393641537496e-01	3.660015393641537496e-01	3.660015393641537496e-01	3.660015393641537496e-01	3.660015393641537496e-01	3.660015393641537496e-01	5.113636363636360205e-01	3.660015393641537496e-01	5.060240963855420215e-01	3.660015393641537496e-01	3.660015393641537496e-01	3.660015393641537496e-01	3.660015393641537496e-01	3.660015393641537496e-01	3.660015393641537496e-01	3.660015393641537496e-01	3.660015393641537496e-01	3.660015393641537496e-01	3.660015393641537496e-01	3.660015393641537496e-01	3.660015393641537496e-01	5.520833333333330373e-01	3.660015393641537496e-01	3.660015393641537496e-01	3.660015393641537496e-01	3.660015393641537496e-01	3.660015393641537496e-01	3.660015393641537496e-01	7.070707070707069608e-01	3.660015393641537496e-01	3.703703703703700167e-01	3.660015393641537496e-01	3.660015393641537496e-01	2.635658914728680191e-01	4.899999999999999911e-01	3.660015393641537496e-01	3.660015393641537496e-01	3.660015393641537496e-01	3.888888888888890061e-01	3.660015393641537496e-01	3.660015393641537496e-01	3.660015393641537496e-01	3.660015393641537496e-01	3.660015393641537496e-01	3.660015393641537496e-01	3.660015393641537496e-01	2.702702702702700077e-01	3.495934959349589755e-01	4.339622641509430223e-01	3.660015393641537496e-01	3.660015393641537496e-01	3.660015393641537496e-01	3.660015393641537496e-01	3.660015393641537496e-01	3.660015393641537496e-01	7.954545454545449701e-01	3.660015393641537496e-01	3.660015393641537496e-01	3.660015393641537496e-01	2.892561983471069742e-01	5.168539325842700372e-01	3.660015393641537496e-01	3.660015393641537496e-01	3.660015393641537496e-01	3.564356435643559751e-01	3.660015393641537496e-01
4.795918367346940214e-01	1.000000000000000000e+00	4.000000000000000222e-01	3.015873015873020146e-01	3.660015393641537496e-01	3.660015393641537496e-01	3.660015393641537496e-01	3.660015393641537496e-01	3.660015393641537496e-01	2.200000000000000011e-01	3.660015393641537496e-01	3.660015393641537496e-01	3.660015393641537496e-01	5.158730158730160387e-01	3.660015393641537496e-01	3.660015393641537496e-01	2.550335570469799973e-01	3.660015393641537496e-01	3.660015393641537496e-01	3.660015393641537496e-01	3.660015393641537496e-01	3.660015393641537496e-01	3.660015393641537496e-01	3.660015393641537496e-01	3.660015393641537496e-01	3.660015393641537496e-01	3.660015393641537496e-01	3.660015393641537496e-01	3.660015393641537496e-01	3.311258278145700062e-01	3.660015393641537496e-01	3.660015393641537496e-01	3.660015393641537496e-01	4.356435643564359750e-01	3.660015393641537496e-01	3.660015393641537496e-01	2.745098039215689845e-01	3.660015393641537496e-01	3.660015393641537496e-01	4.477611940298509841e-01	5.365853658536590132e-01	3.660015393641537496e-01	3.660015393641537496e-01	5.728155339805820478e-01	3.660015393641537496e-01	2.920353982300890050e-01	3.017241379310339755e-01	3.660015393641537496e-01	2.201834862385320113e-01	3.660015393641537496e-01	3.660015393641537496e-01	2.748091603053440246e-01	3.660015393641537496e-01	4.895833333333329818e-01	3.660015393641537496e-01	2.133333333333329862e-01	3.232323232323229822e-01	3.660015393641537496e-01	1.278195488721799999e-01	3.137254901960779829e-01	3.660015393641537496e-01	3.660015393641537496e-01	3.831775700934579865e-01	3.660015393641537496e-01	3.660015393641537496e-01	3.660015393641537496e-01	2.673267326732670091e-01	3.660015393641537496e-01	3.660015393641537496e-01	3.763440860215049866e-01	3.893805309734509890e-01	3.660015393641537496e-01	1.796875000000000000e-01	3.975903614457830249e-01	3.660015393641537496e-01	3.660015393641537496e-01	3.660015393641537496e-01	3.660015393641537496e-01	3.660015393641537496e-01	6.888888888888889950e-01	3.660015393641537496e-01	1.315789473684209933e-02	3.660015393641537496e-01	3.660015393641537496e-01	3.660015393641537496e-01	3.660015393641537496e-01	3.660015393641537496e-01	3.660015393641537496e-01	4.249999999999999889e-01	3.269230769230769829e-01	3.660015393641537496e-01	3.660015393641537496e-01	3.660015393641537496e-01	3.660015393641537496e-01	3.660015393641537496e-01	4.622641509433960127e-01	3.660015393641537496e-01	3.660015393641537496e-01	3.660015393641537496e-01	6.091954022988510520e-01	3.660015393641537496e-01	4.111111111111109828e-01	3.660015393641537496e-01	3.660015393641537496e-01	3.090909090909090273e-01	3.660015393641537496e-01	3.660015393641537496e-01	5.436893203883490511e-01	4.180327868852459772e-01	3.660015393641537496e-01	3.660015393641537496e-01	4.954954954954949864e-01	3.660015393641537496e-01	3.660015393641537496e-01	3.660015393641537496e-01	3.302752293577980169e-01	3.660015393641537496e-01	3.660015393641537496e-01	3.660015393641537496e-01	3.660015393641537496e-01	3.660015393641537496e-01	2.839506172839509901e-01	3.660015393641537496e-01	3.660015393641537496e-01
3.978494623655909890e-01	4.000000000000000222e-01	1.000000000000000000e+00	5.684210526315790490e-01	3.660015393641537496e-01	3.660015393641537496e-01	4.197530864197530076e-01	3.660015393641537496e-01	5.157894736842110195e-01	3.660015393641537496e-01	3.660015393641537496e-01	3.660015393641537496e-01	3.839285714285710083e-01	3.660015393641537496e-01	3.660015393641537496e-01	3.660015393641537496e-01	3.660015393641537496e-01	3.660015393641537496e-01	4.124999999999999778e-01	3.660015393641537496e-01	3.660015393641537496e-01	3.660015393641537496e-01	5.584415584415579614e-01	4.947368421052629750e-01	3.660015393641537496e-01	3.660015393641537496e-01	3.660015393641537496e-01	3.660015393641537496e-01	3.660015393641537496e-01	3.660015393641537496e-01	5.060240963855420215e-01	3.660015393641537496e-01	3.660015393641537496e-01	3.660015393641537496e-01	5.999999999999999778e-01	5.333333333333329929e-01	3.660015393641537496e-01	3.877551020408159799e-01	3.660015393641537496e-01	3.660015393641537496e-01	3.660015393641537496e-01	3.660015393641537496e-01	3.660015393641537496e-01	5.473684210526319482e-01	3.660015393641537496e-01	3.660015393641537496e-01	3.660015393641537496e-01	3.660015393641537496e-01	3.660015393641537496e-01	3.660015393641537496e-01	4.565217391304349781e-01	3.660015393641537496e-01	3.660015393641537496e-01	3.660015393641537496e-01	6.081081081081080031e-01	2.459016393442620130e-01	6.571428571428570287e-01	3.660015393641537496e-01	3.660015393641537496e-01	3.660015393641537496e-01	3.660015393641537496e-01	3.660015393641537496e-01	3.660015393641537496e-01	3.660015393641537496e-01	3.660015393641537496e-01	3.660015393641537496e-01	5.694444444444439757e-01	3.660015393641537496e-01	2.921348314606739827e-01	4.868421052631580204e-01	3.653846153846149747e-01	3.660015393641537496e-01	2.710280373831779888e-01	3.660015393641537496e-01	3.660015393641537496e-01	5.000000000000000000e-01	3.660015393641537496e-01	3.660015393641537496e-01	3.660015393641537496e-01	5.930232558139539867e-01	3.660015393641537496e-01	3.660015393641537496e-01	3.628318584070799879e-01	3.660015393641537496e-01	3.660015393641537496e-01	2.542372881355929870e-01	3.893805309734509890e-01	2.756410256410259940e-01	3.660015393641537496e-01	7.571428571428570065e-01	3.660015393641537496e-01	3.981481481481479734e-01	3.660015393641537496e-01	6.103896103896100378e-01	3.660015393641537496e-01	4.583333333333329818e-01	3.660015393641537496e-01	3.660015393641537496e-01	3.660015393641537496e-01	3.660015393641537496e-01	3.660015393641537496e-01	3.660015393641537496e-01	3.193277310924370060e-01	3.660015393641537496e-01	3.660015393641537496e-01	3.660015393641537496e-01	3.660015393641537496e-01	3.660015393641537496e-01	3.660015393641537496e-01	3.660015393641537496e-01	3.660015393641537496e-01	3.660015393641537496e-01	4.941176470588239944e-01	4.455445544554459958e-01	3.097345132743359875e-01	3.660015393641537496e-01	2.777777777777780122e-01	4.257425742574260097e-01	4.137931034482760229e-01	3.660015393641537496e-01	3.407407407407410105e-01	3.660015393641537496e-01	3.660015393641537496e-01	3.660015393641537496e-01
3.660015393641537496e-01	3.015873015873020146e-01	5.684210526315790490e-01	1.000000000000000000e+00	3.660015393641537496e-01	3.660015393641537496e-01	3.660015393641537496e-01	3.660015393641537496e-01	4.344262295081969816e-01	4.113475177304959929e-01	4.545454545454549744e-01	4.817518248175179929e-01	3.660015393641537496e-01	3.660015393641537496e-01	3.092783505154639845e-01	3.660015393641537496e-01	3.660015393641537496e-01	3.660015393641537496e-01	3.660015393641537496e-01	3.786407766990290136e-01	3.913043478260869734e-01	3.591549295774649764e-01	3.660015393641537496e-01	3.951612903225810158e-01	3.660015393641537496e-01	3.660015393641537496e-01	2.871287128712869952e-01	3.660015393641537496e-01	3.660015393641537496e-01	3.660015393641537496e-01	3.660015393641537496e-01	3.660015393641537496e-01	3.660015393641537496e-01	3.660015393641537496e-01	3.660015393641537496e-01	3.660015393641537496e-01	3.518518518518520266e-01	3.660015393641537496e-01	3.517241379310340199e-01	3.548387096774189842e-01	3.660015393641537496e-01	3.660015393641537496e-01	3.660015393641537496e-01	4.239999999999999880e-01	3.660015393641537496e-01	4.086956521739130155e-01	3.660015393641537496e-01	3.970588235294120194e-01	3.660015393641537496e-01	3.660015393641537496e-01	3.660015393641537496e-01	3.660015393641537496e-01	1.372549019607839926e-01	3.660015393641537496e-01	3.660015393641537496e-01	1.630434782608700117e-01	3.660015393641537496e-01	3.660015393641537496e-01	3.660015393641537496e-01	3.660015393641537496e-01	1.981132075471699894e-01	3.660015393641537496e-01	4.137931034482760229e-01	3.660015393641537496e-01	3.660015393641537496e-01	3.422818791946309891e-01	3.660015393641537496e-01	3.660015393641537496e-01	3.660015393641537496e-01	3.660015393641537496e-01	3.660015393641537496e-01	1.355932203389829949e-01	3.253968253968250179e-01	3.469387755102040227e-01	3.660015393641537496e-01	3.660015393641537496e-01	3.660015393641537496e-01	3.660015393641537496e-01	3.660015393641537496e-01	3.660015393641537496e-01	3.660015393641537496e-01	3.660015393641537496e-01	3.660015393641537496e-01	3.660015393641537496e-01	3.660015393641537496e-01	1.666666666666669905e-01	3.428571428571430268e-01	3.660015393641537496e-01	3.660015393641537496e-01	3.660015393641537496e-01	3.660015393641537496e-01	3.660015393641537496e-01	3.660015393641537496e-01	3.660015393641537496e-01	4.699999999999999734e-01	3.660015393641537496e-01	3.660015393641537496e-01	4.594594594594589854e-01	4.000000000000000222e-01	3.660015393641537496e-01	3.706896551724139788e-01	3.660015393641537496e-01	3.660015393641537496e-01	3.660015393641537496e-01	3.660015393641537496e-01	4.015151515151509920e-01	3.660015393641537496e-01	3.660015393641537496e-01	3.660015393641537496e-01	3.660015393641537496e-01	4.893617021276600032e-01	4.108527131782950259e-01	3.660015393641537496e-01	3.660015393641537496e-01	3.660015393641537496e-01	3.660015393641537496e-01	3.660015393641537496e-01	3.660015393641537496e-01	3.660015393641537496e-01	3.660015393641537496e-01	3.660015393641537496e-01	3.333333333333329818e-01	3.660015393641537496e-01	4.099999999999999756e-01
3.173076923076920131e-01	3.660015393641537496e-01	3.660015393641537496e-01	3.660015393641537496e-01	1.000000000000000000e+00	5.108695652173910196e-01	4.186046511627909972e-01	3.626373626373630144e-01	3.660015393641537496e-01	2.773722627737230106e-01	3.660015393641537496e-01	3.660015393641537496e-01	3.660015393641537496e-01	3.357664233576639901e-01	1.839080459770109921e-01	1.000000000000000000e+00	3.660015393641537496e-01	3.660015393641537496e-01	3.660015393641537496e-01	3.660015393641537496e-01	3.660015393641537496e-01	5.794392523364489955e-01	3.660015393641537496e-01	3.660015393641537496e-01	4.077669902912620103e-01	3.284671532846720199e-01	3.660015393641537496e-01	3.660015393641537496e-01	3.711340206185569923e-01	3.660015393641537496e-01	3.660015393641537496e-01	2.857142857142859760e-01	3.660015393641537496e-01	3.660015393641537496e-01	3.660015393641537496e-01	3.660015393641537496e-01	3.660015393641537496e-01	3.660015393641537496e-01	3.660015393641537496e-01	3.660015393641537496e-01	3.409090909090909949e-01	2.747252747252750260e-01	3.660015393641537496e-01	6.739130434782609758e-01	4.375000000000000000e-01	2.897196261682239982e-01	3.660015393641537496e-01	3.660015393641537496e-01	2.886597938144330189e-01	3.660015393641537496e-01	3.689320388349510149e-01	3.660015393641537496e-01	3.660015393641537496e-01	5.168539325842700372e-01	3.846153846153850253e-01	3.660015393641537496e-01	4.302325581395349818e-01	3.660015393641537496e-01	3.660015393641537496e-01	3.660015393641537496e-01	3.660015393641537496e-01	3.660015393641537496e-01	3.660015393641537496e-01	3.660015393641537496e-01	4.883720930232560153e-01	3.660015393641537496e-01	3.636363636363639795e-01	3.660015393641537496e-01	3.660015393641537496e-01	3.660015393641537496e-01	3.660015393641537496e-01	3.660015393641537496e-01	3.660015393641537496e-01	3.660015393641537496e-01	3.660015393641537496e-01	3.660015393641537496e-01	3.660015393641537496e-01	3.660015393641537496e-01	3.660015393641537496e-01	3.660015393641537496e-01	3.660015393641537496e-01	3.660015393641537496e-01	3.660015393641537496e-01	3.660015393641537496e-01	3.660015393641537496e-01	2.272727272727269876e-01	3.660015393641537496e-01	3.660015393641537496e-01	3.660015393641537496e-01	3.660015393641537496e-01	3.660015393641537496e-01	3.660015393641537496e-01	3.660015393641537496e-01	4.239130434782609758e-01	3.977272727272729846e-01	3.660015393641537496e-01	3.660015393641537496e-01	3.660015393641537496e-01	3.660015393641537496e-01	3.660015393641537496e-01	3.660015393641537496e-01	3.660015393641537496e-01	3.660015393641537496e-01	3.157894736842110084e-01	3.660015393641537496e-01	3.660015393641537496e-01	2.782608695652170061e-01	4.803921568627450012e-01	3.660015393641537496e-01	3.660015393641537496e-01	3.660015393641537496e-01	3.660015393641537496e-01	3.660015393641537496e-01	3.660714285714289917e-01	3.660015393641537496e-01	3.699999999999999956e-01	3.660015393641537496e-01	3.660015393641537496e-01	3.660015393641537496e-01	3.660015393641537496e-01	3.660015393641537496e-01	3.660015393641537496e-01	3.660015393641537496e-01	3.928571428571430157e-01
5.157894736842110195e-01	3.660015393641537496e-01	3.660015393641537496e-01	3.660015393641537496e-01	5.108695652173910196e-01	1.000000000000000000e+00	5.731707317073170271e-01	3.936170212765959797e-01	3.660015393641537496e-01	2.214765100671139963e-01	3.804347826086960094e-01	3.660015393641537496e-01	3.660015393641537496e-01	3.660015393641537496e-01	3.660015393641537496e-01	3.660015393641537496e-01	3.660015393641537496e-01	3.660015393641537496e-01	2.828282828282829842e-01	3.020833333333329818e-01	3.660015393641537496e-01	3.660015393641537496e-01	3.660015393641537496e-01	3.660015393641537496e-01	3.660015393641537496e-01	3.660015393641537496e-01	3.660015393641537496e-01	3.660015393641537496e-01	4.285714285714289917e-01	3.660015393641537496e-01	5.977011494252869594e-01	3.660015393641537496e-01	3.267973856209149819e-01	3.846153846153850253e-01	3.660015393641537496e-01	3.660015393641537496e-01	3.660015393641537496e-01	3.660015393641537496e-01	3.161764705882350035e-01	3.660015393641537496e-01	6.025641025641029769e-01	3.660015393641537496e-01	3.660015393641537496e-01	3.660015393641537496e-01	3.660015393641537496e-01	2.831858407079649864e-01	3.043478260869569851e-01	3.660015393641537496e-01	3.660015393641537496e-01	3.660015393641537496e-01	3.660015393641537496e-01	2.769230769230769940e-01	3.660015393641537496e-01	4.343434343434339762e-01	3.168316831683170021e-01	3.660015393641537496e-01	3.660015393641537496e-01	3.660015393641537496e-01	3.660015393641537496e-01	3.168316831683170021e-01	1.458333333333330095e-01	3.571428571428569843e-01	3.660015393641537496e-01	3.660015393641537496e-01	3.660015393641537496e-01	2.534246575342469776e-01	3.660015393641537496e-01	3.660015393641537496e-01	3.660015393641537496e-01	3.660015393641537496e-01	3.448275862068970188e-01	3.660015393641537496e-01	3.660015393641537496e-01	3.660015393641537496e-01	3.660015393641537496e-01	3.730158730158730229e-01	3.660015393641537496e-01	1.937984496124030009e-01	3.660015393641537496e-01	3.660015393641537496e-01	3.660015393641537496e-01	3.660015393641537496e-01	3.660015393641537496e-01	3.660015393641537496e-01	3.660015393641537496e-01	3.660015393641537496e-01	4.741379310344829845e-01	3.660015393641537496e-01	3.660015393641537496e-01	3.660015393641537496e-01	3.660015393641537496e-01	3.660015393641537496e-01	3.660015393641537496e-01	3.269230769230769829e-01	3.660015393641537496e-01	3.660015393641537496e-01	4.597701149425290068e-01	3.660015393641537496e-01	5.643564356435639695e-01	3.660015393641537496e-01	3.660015393641537496e-01	4.318181818181819898e-01	3.660015393641537496e-01	3.660015393641537496e-01	3.119266055045870067e-01	2.537313432835819893e-01	3.660015393641537496e-01	3.660015393641537496e-01	3.660015393641537496e-01	3.660015393641537496e-01	3.660015393641537496e-01	3.660015393641537496e-01	4.387755102040820088e-01	3.660015393641537496e-01	2.755905511811019837e-01	3.660015393641537496e-01	2.147239263803679965e-01	3.660015393641537496e-01	3.979591836734689969e-01	3.660015393641537496e-01	3.660015393641537496e-01	3.660015393641537496e-01	4.040404040404039776e-01	3.660015393641537496e-01
5.487804878048779811e-01	3.660015393641537496e-01	4.197530864197530076e-01	3.660015393641537496e-01	4.186046511627909972e-01	5.731707317073170271e-01	1.000000000000000000e+00	4.074074074074069962e-01	5.494505494505490528e-01	2.043795620437960092e-01	3.580246913580250046e-01	3.660015393641537496e-01	3.660015393641537496e-01	3.660015393641537496e-01	3.660015393641537496e-01	3.660015393641537496e-01	2.335766423357659993e-01	3.660015393641537496e-01	3.660015393641537496e-01	3.660015393641537496e-01	3.660015393641537496e-01	3.826086956521739801e-01	2.717391304347829828e-01	3.660015393641537496e-01	3.660015393641537496e-01	3.660015393641537496e-01	3.660015393641537496e-01	3.660015393641537496e-01	3.660015393641537496e-01	3.660015393641537496e-01	3.660015393641537496e-01	3.660015393641537496e-01	3.381294964028779826e-01	3.660015393641537496e-01	3.660015393641537496e-01	3.660015393641537496e-01	3.333333333333329818e-01	2.788461538461540212e-01	3.660015393641537496e-01	3.660015393641537496e-01	4.025974025974030091e-01	3.660015393641537496e-01	3.660015393641537496e-01	3.660015393641537496e-01	3.660015393641537496e-01	3.473684210526319927e-01	3.660015393641537496e-01	3.660015393641537496e-01	3.660015393641537496e-01	3.660015393641537496e-01	3.660015393641537496e-01	3.660015393641537496e-01	2.615384615384619971e-01	3.660015393641537496e-01	3.660015393641537496e-01	2.586206896551719869e-01	2.988505747126439793e-01	2.542372881355929870e-01	3.660015393641537496e-01	3.660015393641537496e-01	1.772151898734179998e-01	3.660015393641537496e-01	3.660015393641537496e-01	3.660015393641537496e-01	3.660015393641537496e-01	3.660015393641537496e-01	3.660015393641537496e-01	3.660015393641537496e-01	3.045977011494250264e-01	3.750000000000000000e-01	3.660015393641537496e-01	3.157894736842110084e-01	3.660015393641537496e-01	3.660015393641537496e-01	3.660015393641537496e-01	3.684210526315789824e-01	3.411764705882350257e-01	3.660015393641537496e-01	3.660015393641537496e-01	5.227272727272730402e-01	6.202531645569620000e-01	1.724137931034479959e-02	3.660015393641537496e-01	4.444444444444439757e-01	3.820224719101120159e-01	2.456140350877190071e-01	3.660015393641537496e-01	3.660015393641537496e-01	3.660015393641537496e-01	3.660015393641537496e-01	3.088235294117649965e-01	2.758620689655170155e-01	6.543209876543210068e-01	3.660015393641537496e-01	4.303797468354430000e-01	3.660015393641537496e-01	4.473684210526320260e-01	2.929292929292929837e-01	3.660015393641537496e-01	3.660015393641537496e-01	3.660015393641537496e-01	3.660015393641537496e-01	3.660015393641537496e-01	3.660015393641537496e-01	3.660015393641537496e-01	3.660015393641537496e-01	2.568807339449539762e-01	3.660015393641537496e-01	3.660015393641537496e-01	3.660015393641537496e-01	3.660015393641537496e-01	3.660015393641537496e-01	3.932584269662919851e-01	3.660015393641537496e-01	3.660015393641537496e-01	3.660015393641537496e-01	3.660015393641537496e-01	2.935779816513759966e-01	5.584415584415579614e-01	3.660015393641537496e-01	3.660015393641537496e-01	3.660015393641537496e-01	3.660015393641537496e-01	3.660015393641537496e-01
3.660015393641537496e-01	3.660015393641537496e-01	3.660015393641537496e-01	3.660015393641537496e-01	3.626373626373630144e-01	3.936170212765959797e-01	4.074074074074069962e-01	1.000000000000000000e+00	4.742268041237109877e-01	3.688524590163930195e-01	3.660015393641537496e-01	3.660015393641537496e-01	3.660015393641537496e-01	3.565891472868220058e-01	1.875000000000000000e-01	3.626373626373630144e-01	3.660015393641537496e-01	3.660015393641537496e-01	3.660015393641537496e-01	7.187500000000000000e-01	3.660015393641537496e-01	5.046728971962619603e-01	3.660015393641537496e-01	5.326086956521739468e-01	6.117647058823529882e-01	3.593750000000000000e-01	4.202898550724640248e-01	3.660015393641537496e-01	3.660015393641537496e-01	3.660015393641537496e-01	3.660015393641537496e-01	3.660015393641537496e-01	3.660015393641537496e-01	6.329113924050630002e-01	3.660015393641537496e-01	3.660015393641537496e-01	3.660015393641537496e-01	3.660015393641537496e-01	3.781512605042020025e-01	3.660015393641537496e-01	2.222222222222219878e-01	3.660015393641537496e-01	5.145631067961160543e-01	4.455445544554459958e-01	3.660015393641537496e-01	3.541666666666670182e-01	3.366336633663369882e-01	4.107142857142859760e-01	4.625000000000000222e-01	4.536082474226800221e-01	6.835443037974680003e-01	3.660015393641537496e-01	3.660015393641537496e-01	3.655913978494619854e-01	3.660015393641537496e-01	3.660015393641537496e-01	3.660015393641537496e-01	2.459016393442620130e-01	3.660015393641537496e-01	3.660015393641537496e-01	3.660015393641537496e-01	3.660015393641537496e-01	3.660015393641537496e-01	1.839080459770109921e-01	3.660015393641537496e-01	3.660015393641537496e-01	3.660015393641537496e-01	2.586206896551719869e-01	3.660015393641537496e-01	3.660015393641537496e-01	3.177570093457939837e-01	3.660015393641537496e-01	3.660015393641537496e-01	5.151515151515150270e-01	3.660015393641537496e-01	3.660015393641537496e-01	6.111111111111110494e-01	3.900000000000000133e-01	3.968253968253970254e-01	3.660015393641537496e-01	3.660015393641537496e-01	3.660015393641537496e-01	3.660015393641537496e-01	3.660015393641537496e-01	3.660015393641537496e-01	3.660015393641537496e-01	3.660015393641537496e-01	3.660015393641537496e-01	5.555555555555560243e-01	3.660015393641537496e-01	3.660015393641537496e-01	3.660015393641537496e-01	3.660015393641537496e-01	4.137931034482760229e-01	3.660015393641537496e-01	3.900000000000000133e-01	3.660015393641537496e-01	3.660015393641537496e-01	3.660015393641537496e-01	4.588235294117650187e-01	3.660015393641537496e-01	3.660015393641537496e-01	2.892561983471069742e-01	4.649122807017539993e-01	3.660015393641537496e-01	3.660015393641537496e-01	3.660015393641537496e-01	3.660015393641537496e-01	3.660015393641537496e-01	6.309523809523810423e-01	3.660015393641537496e-01	4.851485148514850243e-01	3.660015393641537496e-01	3.660015393641537496e-01	4.271844660194170085e-01	3.660015393641537496e-01	3.660015393641537496e-01	3.660015393641537496e-01	3.660015393641537496e-01	3.660015393641537496e-01	2.857142857142859760e-01	5.172413793103449731e-01	3.660015393641537496e-01	3.660015393641537496e-01
3.660015393641537496e-01	3.660015393641537496e-01	5.157894736842110195e-01	4.344262295081969816e-01	3.660015393641537496e-01	3.660015393641537496e-01	5.494505494505490528e-01	4.742268041237109877e-01	1.000000000000000000e+00	3.108108108108110224e-01	5.108695652173910196e-01	3.660015393641537496e-01	3.660015393641537496e-01	3.660015393641537496e-01	3.660015393641537496e-01	3.660015393641537496e-01	3.660015393641537496e-01	3.660015393641537496e-01	3.660015393641537496e-01	3.660015393641537496e-01	4.384615384615380140e-01	3.660015393641537496e-01	3.660015393641537496e-01	3.660015393641537496e-01	3.660015393641537496e-01	3.660015393641537496e-01	3.660015393641537496e-01	3.660015393641537496e-01	3.660015393641537496e-01	4.421768707482989780e-01	3.660015393641537496e-01	3.660015393641537496e-01	3.961038961038960138e-01	3.660015393641537496e-01	3.660015393641537496e-01	5.185185185185180456e-01	4.099999999999999756e-01	4.210526315789470120e-01	4.921875000000000000e-01	3.660015393641537496e-01	3.660015393641537496e-01	2.500000000000000000e-01	4.076923076923080203e-01	5.043478260869560525e-01	3.660015393641537496e-01	3.660015393641537496e-01	3.660015393641537496e-01	3.660015393641537496e-01	3.660015393641537496e-01	4.482758620689660245e-01	4.678899082568809820e-01	3.660015393641537496e-01	3.660015393641537496e-01	4.128440366972480069e-01	4.077669902912620103e-01	3.660015393641537496e-01	3.660015393641537496e-01	1.839080459770109921e-01	1.925925925925930093e-01	3.660015393641537496e-01	3.660015393641537496e-01	4.318181818181819898e-01	3.660015393641537496e-01	3.660015393641537496e-01	3.660015393641537496e-01	3.660015393641537496e-01	3.660015393641537496e-01	3.660015393641537496e-01	3.660015393641537496e-01	3.660015393641537496e-01	3.658536585365850247e-01	3.660015393641537496e-01	2.461538461538460010e-01	3.660015393641537496e-01	3.660015393641537496e-01	3.660015393641537496e-01	3.660015393641537496e-01	3.660015393641537496e-01	3.660015393641537496e-01	3.660015393641537496e-01	3.660015393641537496e-01	3.660015393641537496e-01	3.660015393641537496e-01	3.660015393641537496e-01	3.660015393641537496e-01	1.764705882352939903e-01	6.339285714285709528e-01	3.660015393641537496e-01	3.736263736263740198e-01	3.660015393641537496e-01	3.660015393641537496e-01	3.511450381679390165e-01	4.684684684684680134e-01	3.660015393641537496e-01	3.660015393641537496e-01	5.809523809523809978e-01	3.660015393641537496e-01	3.660015393641537496e-01	3.660015393641537496e-01	3.660015393641537496e-01	4.666666666666670071e-01	4.680851063829790104e-01	3.660015393641537496e-01	6.033057851239670422e-01	3.660015393641537496e-01	3.660015393641537496e-01	3.387096774193549820e-01	4.049586776859500081e-01	4.263565891472870240e-01	3.660015393641537496e-01	4.835164835164840191e-01	6.542056074766350315e-01	3.660015393641537496e-01	3.660015393641537496e-01	3.082706766917289731e-01	4.444444444444439757e-01	3.660015393641537496e-01	2.977099236641220226e-01	5.050505050505049720e-01	4.402985074626870055e-01	3.708609271523179984e-01	3.660015393641537496e-01	3.660015393641537496e-01	3.660015393641537496e-01
3.660015393641537496e-01	2.200000000000000011e-01	3.660015393641537496e-01	4.113475177304959929e-01	2.773722627737230106e-01	2.214765100671139963e-01	2.043795620437960092e-01	3.688524590163930195e-01	3.108108108108110224e-01	1.000000000000000000e+00	4.424778761061949894e-01	3.788819875776400226e-01	3.660015393641537496e-01	3.660015393641537496e-01	2.166666666666670071e-01	3.660015393641537496e-01	3.660015393641537496e-01	3.515625000000000000e-01	3.660015393641537496e-01	3.660015393641537496e-01	5.401459854014599715e-01	3.589743589743589758e-01	4.782608695652170172e-01	3.660015393641537496e-01	3.660015393641537496e-01	3.660015393641537496e-01	3.660015393641537496e-01	3.660015393641537496e-01	3.660015393641537496e-01	4.478527607361960095e-01	3.660015393641537496e-01	9.420289855072459806e-02	3.660015393641537496e-01	3.740458015267180136e-01	3.088235294117649965e-01	3.660015393641537496e-01	3.660015393641537496e-01	3.660015393641537496e-01	3.660015393641537496e-01	3.660015393641537496e-01	3.660015393641537496e-01	3.660015393641537496e-01	3.660015393641537496e-01	3.660015393641537496e-01	3.660015393641537496e-01	3.660015393641537496e-01	3.660015393641537496e-01	3.660015393641537496e-01	3.660015393641537496e-01	3.660015393641537496e-01	3.660015393641537496e-01	3.660015393641537496e-01	3.660015393641537496e-01	3.484848484848490080e-01	3.660015393641537496e-01	3.660015393641537496e-01	3.660015393641537496e-01	3.660015393641537496e-01	3.660015393641537496e-01	3.660015393641537496e-01	3.660015393641537496e-01	3.660015393641537496e-01	3.660015393641537496e-01	9.219858156028369611e-02	3.660015393641537496e-01	5.755395683453240485e-01	3.660015393641537496e-01	3.660015393641537496e-01	3.397129186602870221e-01	3.660015393641537496e-01	3.660015393641537496e-01	9.285714285714290195e-02	3.660015393641537496e-01	3.660015393641537496e-01	3.402777777777780122e-01	3.660130718954249796e-01	3.660015393641537496e-01	4.615384615384620082e-01	3.660015393641537496e-01	3.660015393641537496e-01	3.660015393641537496e-01	9.009009009009010666e-03	3.161290322580639911e-01	3.660015393641537496e-01	3.660015393641537496e-01	3.660015393641537496e-01	3.660015393641537496e-01	3.660015393641537496e-01	2.844827586206900016e-01	4.180327868852459772e-01	3.660015393641537496e-01	3.660015393641537496e-01	2.142857142857139963e-01	3.488372093023259790e-01	3.660015393641537496e-01	2.582781456953640031e-01	3.660015393641537496e-01	3.660015393641537496e-01	2.597402597402599933e-01	2.411347517730499934e-01	3.660015393641537496e-01	3.660015393641537496e-01	3.660015393641537496e-01	3.660015393641537496e-01	3.660015393641537496e-01	3.660015393641537496e-01	3.660015393641537496e-01	3.660015393641537496e-01	4.751773049645390268e-01	3.660015393641537496e-01	3.660015393641537496e-01	3.660015393641537496e-01	3.660015393641537496e-01	3.660015393641537496e-01	3.660015393641537496e-01	4.876033057851240082e-01	3.684210526315789824e-01	3.660015393641537496e-01	3.660015393641537496e-01	2.840236686390529841e-01	2.977528089887639950e-01	3.660015393641537496e-01	3.660015393641537496e-01	2.800000000000000266e-01
3.660015393641537496e-01	3.660015393641537496e-01	3.660015393641537496e-01	4.545454545454549744e-01	3.660015393641537496e-01	3.804347826086960094e-01	3.580246913580250046e-01	3.660015393641537496e-01	5.108695652173910196e-01	4.424778761061949894e-01	1.000000000000000000e+00	3.660015393641537496e-01	3.660015393641537496e-01	3.660015393641537496e-01	1.973684210526319982e-01	3.660015393641537496e-01	3.660015393641537496e-01	3.660015393641537496e-01	3.660015393641537496e-01	3.660015393641537496e-01	3.660015393641537496e-01	3.660015393641537496e-01	3.660015393641537496e-01	3.660015393641537496e-01	3.660015393641537496e-01	3.660015393641537496e-01	4.687500000000000000e-01	3.660015393641537496e-01	3.660015393641537496e-01	3.407407407407410105e-01	4.634146341463409868e-01	3.660015393641537496e-01	3.660015393641537496e-01	3.660015393641537496e-01	3.660015393641537496e-01	3.660015393641537496e-01	3.660015393641537496e-01	5.411764705882350368e-01	3.660015393641537496e-01	4.380165289256199856e-01	3.660015393641537496e-01	3.660015393641537496e-01	4.339622641509430223e-01	4.489795918367350258e-01	3.660015393641537496e-01	3.695652173913039906e-01	3.660015393641537496e-01	3.660015393641537496e-01	3.660015393641537496e-01	3.660015393641537496e-01	3.660015393641537496e-01	3.660015393641537496e-01	3.660015393641537496e-01	4.470588235294120083e-01	5.000000000000000000e-01	3.660015393641537496e-01	3.660015393641537496e-01	3.660015393641537496e-01	1.607142857142860037e-01	3.660015393641537496e-01	3.660015393641537496e-01	3.660015393641537496e-01	3.660015393641537496e-01	1.785714285714289917e-01	3.660015393641537496e-01	4.385964912280699846e-01	3.660015393641537496e-01	3.660015393641537496e-01	3.660015393641537496e-01	3.660015393641537496e-01	3.431372549019610085e-01	3.660015393641537496e-01	3.660015393641537496e-01	5.000000000000000000e-01	3.660015393641537496e-01	5.247524752475249965e-01	3.660015393641537496e-01	3.660015393641537496e-01	3.660015393641537496e-01	3.660015393641537496e-01	3.846153846153850253e-01	3.660015393641537496e-01	3.660015393641537496e-01	3.660015393641537496e-01	3.660015393641537496e-01	3.660015393641537496e-01	3.660015393641537496e-01	3.660015393641537496e-01	5.932203389830510432e-01	3.660015393641537496e-01	3.660015393641537496e-01	3.660015393641537496e-01	3.469387755102040227e-01	4.691358024691359985e-01	7.619047619047619735e-01	4.062500000000000000e-01	3.660015393641537496e-01	3.548387096774189842e-01	3.660015393641537496e-01	4.117647058823529771e-01	3.660015393641537496e-01	7.833333333333329929e-01	2.773109243697480242e-01	3.660015393641537496e-01	3.660015393641537496e-01	3.669724770642199818e-01	3.660015393641537496e-01	3.660015393641537496e-01	4.433962264150940191e-01	3.660015393641537496e-01	3.660015393641537496e-01	3.660015393641537496e-01	3.660015393641537496e-01	3.660015393641537496e-01	3.660015393641537496e-01	3.660015393641537496e-01	3.660015393641537496e-01	3.660015393641537496e-01	3.660015393641537496e-01	3.660015393641537496e-01	3.233082706766919889e-01	5.000000000000000000e-01	3.660015393641537496e-01	3.660015393641537496e-01
4.375000000000000000e-01	3.660015393641537496e-01	3.660015393641537496e-01	4.817518248175179929e-01	3.660015393641537496e-01	3.660015393641537496e-01	3.660015393641537496e-01	3.660015393641537496e-01	3.660015393641537496e-01	3.788819875776400226e-01	3.660015393641537496e-01	1.000000000000000000e+00	3.660015393641537496e-01	4.838709677419349986e-01	3.660015393641537496e-01	3.660015393641537496e-01	4.868421052631580204e-01	3.660015393641537496e-01	3.688524590163930195e-01	3.660015393641537496e-01	4.144736842105259944e-01	3.660015393641537496e-01	3.660015393641537496e-01	3.660015393641537496e-01	3.660015393641537496e-01	3.660015393641537496e-01	3.660015393641537496e-01	3.660015393641537496e-01	3.660015393641537496e-01	3.953488372093019732e-01	3.660015393641537496e-01	3.660015393641537496e-01	3.660015393641537496e-01	3.660015393641537496e-01	3.660015393641537496e-01	3.660015393641537496e-01	4.444444444444439757e-01	3.660015393641537496e-01	5.208333333333330373e-01	3.869047619047619735e-01	1.956521739130429871e-01	1.478873239436619969e-01	3.660015393641537496e-01	3.767123287671230170e-01	3.660015393641537496e-01	3.120567375886519890e-01	3.380281690140850004e-01	3.660015393641537496e-01	3.660015393641537496e-01	3.066666666666669760e-01	4.351145038167940071e-01	3.660015393641537496e-01	3.660015393641537496e-01	3.660015393641537496e-01	3.660015393641537496e-01	3.660015393641537496e-01	3.660015393641537496e-01	3.660015393641537496e-01	3.660015393641537496e-01	3.660015393641537496e-01	3.660015393641537496e-01	3.391304347826090138e-01	3.660015393641537496e-01	3.660015393641537496e-01	3.660015393641537496e-01	3.660015393641537496e-01	3.660015393641537496e-01	3.660015393641537496e-01	3.660015393641537496e-01	2.556390977443609991e-01	3.660015393641537496e-01	1.544117647058819986e-01	3.571428571428569843e-01	3.660015393641537496e-01	3.660015393641537496e-01	3.660015393641537496e-01	3.660015393641537496e-01	3.660015393641537496e-01	3.660015393641537496e-01	3.660015393641537496e-01	3.660015393641537496e-01	3.660015393641537496e-01	3.660015393641537496e-01	3.660015393641537496e-01	3.660015393641537496e-01	3.660015393641537496e-01	4.353741496598639849e-01	3.660015393641537496e-01	3.660015393641537496e-01	3.660015393641537496e-01	3.128491620111730209e-01	2.654320987654320008e-01	2.993197278911560177e-01	3.660015393641537496e-01	4.285714285714289917e-01	3.660015393641537496e-01	3.253968253968250179e-01	3.660015393641537496e-01	3.660015393641537496e-01	3.660015393641537496e-01	3.660015393641537496e-01	3.660015393641537496e-01	3.660015393641537496e-01	3.660015393641537496e-01	3.660015393641537496e-01	3.660015393641537496e-01	3.660015393641537496e-01	3.660015393641537496e-01	3.333333333333329818e-01	3.660015393641537496e-01	3.660015393641537496e-01	4.539007092198579785e-01	4.365079365079370111e-01	4.492753623188410206e-01	3.660015393641537496e-01	3.660015393641537496e-01	3.660015393641537496e-01	2.222222222222219878e-01	3.660015393641537496e-01	3.660015393641537496e-01	3.660015393641537496e-01	2.543859649122809929e-01	3.660015393641537496e-01	3.660015393641537496e-01
