1.000000000000000000e+00	1.846913860590649881e-01	1.846913860590649881e-01	1.846913860590649881e-01	4.150656973851760134e-01	1.711842872138180094e-01	2.159797027415089887e-01	1.846913860590649881e-01	3.888894607352140209e-01	1.327486537399600042e-01	5.161429300743419768e-01	2.168528907124750091e-02	1.846913860590649881e-01	1.846913860590649881e-01	5.101411254600950462e-01	2.699567391329750210e-01	2.878564853295049741e-01	1.846913860590649881e-01	5.371353178815719831e-01	1.846913860590649881e-01	1.846913860590649881e-01	6.921343809469809871e-01	9.460955430418560574e-02	1.608345180955760012e-01	1.846913860590649881e-01	5.980827407203229695e-01	6.169535749858660045e-01	2.578906005566570236e-01	1.846913860590649881e-01	1.846913860590649881e-01	1.846913860590649881e-01	6.348043201631200505e-01	1.846913860590649881e-01	2.342580431566030075e-01	6.010034121881430158e-01	5.033910228865350334e-01	1.846913860590649881e-01	1.846913860590649881e-01	6.733208757256630150e-01	1.846913860590649881e-01	6.340279473164229795e-01	6.800002454347679748e-02	1.846913860590649881e-01	1.846913860590649881e-01	1.846913860590649881e-01	1.846913860590649881e-01	1.846913860590649881e-01	6.240945170752649762e-01	3.346320469373990081e-01	8.647940212931599924e-02	5.729393390260779650e-01	4.092941860556529865e-01	1.846913860590649881e-01	1.846913860590649881e-01	1.846913860590649881e-01	1.846913860590649881e-01	5.767950421216629930e-01	1.846913860590649881e-01	5.291680529482439832e-01	5.754527602638539463e-01	1.846913860590649881e-01	1.846913860590649881e-01	5.456718159628649589e-01	1.846913860590649881e-01	2.532117606458429981e-01	1.846913860590649881e-01	1.846913860590649881e-01	1.846913860590649881e-01	4.594510510748889831e-01	4.833191672306400011e-01	1.846913860590649881e-01	6.002825050205770063e-01	1.846913860590649881e-01	1.846913860590649881e-01	1.846913860590649881e-01	3.610983953125399687e-02	5.342734942071599713e-01	1.846913860590649881e-01	1.140719028304619936e-01	6.150979024986580335e-01	4.708349486359589831e-01	6.702064728391220472e-01	1.846913860590649881e-01	1.846913860590649881e-01	1.846913860590649881e-01	6.307092549720110242e-01	6.514675283655889659e-01	1.846913860590649881e-01	1.846913860590649881e-01	1.218360959277299954e-01	1.846913860590649881e-01	5.118541334273989801e-02	5.098890705581470284e-01	1.846913860590649881e-01	5.920052004887409458e-01	1.846913860590649881e-01	1.846913860590649881e-01	1.846913860590649881e-01	1.846913860590649881e-01	4.600677855907009950e-01	1.846913860590649881e-01	1.846913860590649881e-01	1.846913860590649881e-01	1.034650768766880030e-01	1.846913860590649881e-01	1.846913860590649881e-01	1.846913860590649881e-01	1.403862371327699865e-01	1.846913860590649881e-01	4.305972255431420037e-01	5.446198075162670404e-01	2.139057632411009990e-01	1.846913860590649881e-01	1.846913860590649881e-01	1.846913860590649881e-01	1.846913860590649881e-01	1.846913860590649881e-01	1.846913860590649881e-01	6.056463157432789846e-01	1.846913860590649881e-01	1.846913860590649881e-01	1.846913860590649881e-01	5.035687551254109939e-01	1.846913860590649881e-01
1.846913860590649881e-01	1.000000000000000000e+00	1.846913860590649881e-01	1.846913860590649881e-01	1.055282856639299938e-01	1.846913860590649881e-01	1.376901092684360006e-01	1.846913860590649881e-01	9.053836807949509902e-02	1.846913860590649881e-01	1.846913860590649881e-01	1.846913860590649881e-01	1.846913860590649881e-01	3.072136988446420164e-02	2.300753382147860057e-02	1.846913860590649881e-01	9.830004594688379616e-02	5.211281652592000130e-02	2.266519895745720131e-02	1.846913860590649881e-01	6.875795958236420591e-02	1.846913860590649881e-01	1.846913860590649881e-01	1.222352992347520012e-01	5.572535771145099848e-02	1.846913860590649881e-01	1.846913860590649881e-01	7.201565834412609890e-02	1.404670233690659929e-02	6.294258298864910395e-02	1.846913860590649881e-01	1.382532860346329974e-02	1.846913860590649881e-01	1.118916761328690029e-01	3.349664780916009749e-02	1.846913860590649881e-01	1.846913860590649881e-01	1.846913860590649881e-01	1.846913860590649881e-01	9.181290081985039875e-02	1.846913860590649881e-01	1.846913860590649881e-01	5.712758131918480031e-02	2.070141049559250102e-02	1.632385777784450126e-02	1.497228699720460077e-01	1.549457195690210065e-01	1.846913860590649881e-01	1.846913860590649881e-01	1.858552086389569924e-01	1.846913860590649881e-01	2.458219540035160022e-02	1.846913860590649881e-01	1.846913860590649881e-01	1.685477045643839905e-02	1.846913860590649881e-01	2.284566919010510080e-02	1.801850416468190122e-02	1.773077962546789829e-02	1.846913860590649881e-01	1.702459641753180028e-02	1.252167860361499963e-01	1.754028188594190102e-02	4.752707080332110173e-02	1.054438809134280036e-01	1.846913860590649881e-01	1.846913860590649881e-01	1.429937502758550083e-01	3.637252982743360147e-02	1.846913860590649881e-01	1.639739808399520021e-02	1.846913860590649881e-01	1.260578103151810056e-02	5.749308654203309776e-02	5.387741121782749915e-02	1.846913860590649881e-01	1.846913860590649881e-01	2.136413650574970138e-02	9.542798258282760016e-02	2.251792791955080017e-02	2.492941885974379879e-02	1.554074849632659967e-02	1.846913860590649881e-01	2.047203587874260045e-01	1.846913860590649881e-01	1.480496002804740016e-02	1.493373451790219915e-02	1.846913860590649881e-01	1.000000000000000048e-04	2.165803104913699983e-01	1.846913860590649881e-01	1.846913860590649881e-01	1.846913860590649881e-01	1.846913860590649881e-01	1.525089875606940037e-02	1.045726358662710069e-02	1.846913860590649881e-01	1.550786731407810017e-02	1.846913860590649881e-01	3.053540312645559862e-02	1.846913860590649881e-01	1.626999295068509988e-01	1.846913860590649881e-01	1.438849265849110048e-01	2.244755697163260122e-02	6.005148717426069677e-02	1.846913860590649881e-01	1.846913860590649881e-01	1.391363796652710094e-01	1.204688123358219932e-02	1.763465100834480173e-02	5.585534081665279732e-02	1.508227153577189894e-01	1.532809981100320129e-01	1.846913860590649881e-01	1.846913860590649881e-01	3.525502035230049930e-02	8.088266690113020407e-02	1.846913860590649881e-01	1.846913860590649881e-01	1.846913860590649881e-01	2.291567024343110076e-02	1.846913860590649881e-01	1.701818715774780152e-02
1.846913860590649881e-01	1.846913860590649881e-01	1.000000000000000000e+00	8.860751899106110441e-02	1.846913860590649881e-01	1.300797616279709967e-01	1.846913860590649881e-01	1.846913860590649881e-01	1.846913860590649881e-01	2.670060765126079927e-01	1.846913860590649881e-01	1.846913860590649881e-01	1.846913860590649881e-01	1.846913860590649881e-01	3.026568342178730109e-02	1.404523292354210029e-01	1.282921281005960090e-01	1.122503706222840042e-01	4.905319933431689927e-02	2.582455581919140125e-02	1.254734230581880106e-01	3.173771759405100146e-02	1.846913860590649881e-01	2.241881318533789913e-01	1.846913860590649881e-01	1.846913860590649881e-01	1.846913860590649881e-01	1.166976265635940035e-01	2.056641549932779894e-02	1.013777690823839950e-01	1.846913860590649881e-01	1.846913860590649881e-01	1.801002526772560106e-02	1.846913860590649881e-01	1.846913860590649881e-01	1.846913860590649881e-01	1.846913860590649881e-01	1.035430240073030028e-01	1.846913860590649881e-01	1.846913860590649881e-01	2.405455112362680017e-02	1.846913860590649881e-01	6.228538678644349874e-02	1.846913860590649881e-01	1.846913860590649881e-01	3.079922956527699762e-01	3.879479398197749895e-01	2.331275582679160144e-02	1.846913860590649881e-01	3.360130448400600045e-01	1.846913860590649881e-01	1.846913860590649881e-01	1.314863151613940018e-01	2.636867622407719838e-02	1.846913860590649881e-01	1.846913860590649881e-01	1.846913860590649881e-01	1.846913860590649881e-01	1.846913860590649881e-01	1.846913860590649881e-01	1.846913860590649881e-01	3.090159952859780068e-01	1.846913860590649881e-01	1.223245084239990010e-01	2.004723418606199903e-01	1.846913860590649881e-01	1.846913860590649881e-01	2.597789188287940032e-01	3.308377674917239997e-02	1.846913860590649881e-01	2.367378386444310076e-02	1.846913860590649881e-01	1.846913860590649881e-01	4.285394148793390118e-02	1.846913860590649881e-01	2.878632597781999869e-01	2.086035226245670088e-02	5.499189141555869964e-02	1.846913860590649881e-01	1.846913860590649881e-01	1.846913860590649881e-01	1.846913860590649881e-01	1.846913860590649881e-01	1.846913860590649881e-01	2.236213898720210147e-02	1.846913860590649881e-01	2.989404340755990111e-02	1.846913860590649881e-01	1.846913860590649881e-01	1.846913860590649881e-01	1.846913860590649881e-01	2.765153236073190079e-01	8.633502411145900501e-02	1.846913860590649881e-01	1.846913860590649881e-01	1.846913860590649881e-01	1.846913860590649881e-01	2.423866727525330125e-02	3.160430183617240346e-02	1.846913860590649881e-01	1.846913860590649881e-01	1.846913860590649881e-01	1.846913860590649881e-01	2.232457128079650133e-01	4.189563321329539680e-02	4.323279198483109820e-02	1.846913860590649881e-01	1.846913860590649881e-01	1.202154932618829941e-01	1.333261290531199961e-02	1.682742329850290056e-02	6.860279358922130588e-02	1.846913860590649881e-01	1.846913860590649881e-01	2.852534200076489723e-01	1.846913860590649881e-01	1.846913860590649881e-01	1.846913860590649881e-01	1.846913860590649881e-01	1.846913860590649881e-01	1.846913860590649881e-01	1.997256929323370025e-02	1.611658440305099860e-02	1.846913860590649881e-01
1.846913860590649881e-01	1.846913860590649881e-01	8.860751899106110441e-02	1.000000000000000000e+00	1.846913860590649881e-01	1.846913860590649881e-01	1.846913860590649881e-01	1.856934452553319903e-01	1.846913860590649881e-01	1.846913860590649881e-01	1.846913860590649881e-01	5.438186338149109816e-02	1.846913860590649881e-01	4.446530256296710171e-03	1.846913860590649881e-01	2.182483119542689975e-01	1.846913860590649881e-01	2.218601053569990017e-02	1.812122583886610072e-01	1.576825819835770137e-01	6.735815152803030503e-02	1.846913860590649881e-01	1.312544414942150017e-01	1.824532282452940024e-01	1.846913860590649881e-01	1.926510583977369961e-01	2.542567439747899782e-01	1.659326316721450034e-01	1.846913860590649881e-01	1.846913860590649881e-01	1.846913860590649881e-01	1.846913860590649881e-01	1.358330486701750106e-01	1.987109190980859974e-01	1.846913860590649881e-01	1.846913860590649881e-01	2.106932531302130041e-01	1.846913860590649881e-01	1.804462502631850040e-01	1.846913860590649881e-01	1.702201428360969881e-01	1.846913860590649881e-01	1.945509683825369929e-01	1.457594225931329868e-01	1.846913860590649881e-01	1.846913860590649881e-01	1.846913860590649881e-01	1.846913860590649881e-01	1.846913860590649881e-01	1.846913860590649881e-01	1.846913860590649881e-01	1.754381354460539943e-01	1.846913860590649881e-01	1.846913860590649881e-01	1.297465100955740025e-01	1.461922792209419952e-01	1.558343497984610027e-01	1.846913860590649881e-01	1.846913860590649881e-01	1.882454692149050091e-01	1.846913860590649881e-01	6.430962617339310017e-02	1.510287233217179892e-01	1.846913860590649881e-01	1.846913860590649881e-01	5.728644471067759897e-02	1.375314222965419997e-01	1.614716658957049966e-01	1.846913860590649881e-01	1.846913860590649881e-01	1.901914292527620010e-01	1.798908031573079880e-01	1.426374844454590118e-01	1.488585798483499922e-01	1.846913860590649881e-01	1.846913860590649881e-01	1.587885731216870100e-01	1.578533747523880038e-01	9.412541454647689598e-02	1.846913860590649881e-01	1.879798484460359909e-01	1.846913860590649881e-01	1.412212753223049955e-01	1.846913860590649881e-01	1.846913860590649881e-01	1.846913860590649881e-01	1.703042882392629964e-01	1.204335339532759952e-01	1.846913860590649881e-01	1.088912457388249988e-01	1.161523819618320019e-01	1.846913860590649881e-01	2.134029526875370064e-01	1.409456957864820004e-01	1.655971385128970075e-01	1.846913860590649881e-01	1.864817281246390068e-01	1.846913860590649881e-01	1.838410919286619927e-01	2.187779844421799957e-01	1.846913860590649881e-01	1.846913860590649881e-01	1.522420282486849907e-01	1.846913860590649881e-01	2.191851090137389990e-01	1.958602357341500122e-01	1.846913860590649881e-01	1.846913860590649881e-01	1.846913860590649881e-01	1.846913860590649881e-01	1.268241987529949988e-01	2.082383726503060084e-01	1.429836550553439944e-01	6.613453425553429688e-02	1.846913860590649881e-01	2.028213501563350118e-01	1.607020957466130107e-01	1.846913860590649881e-01	2.982697093750559802e-01	1.952527464139990065e-01	1.118127067828480065e-01	1.370242069974740018e-01	1.846913860590649881e-01	1.846913860590649881e-01
4.150656973851760134e-01	1.055282856639299938e-01	1.846913860590649881e-01	1.846913860590649881e-01	1.000000000000000000e+00	1.846913860590649881e-01	1.846913860590649881e-01	3.340183465196189805e-01	5.063137693609469636e-01	2.551378619825089844e-01	5.261009965307239522e-01	8.183810240849989648e-02	1.846913860590649881e-01	1.846913860590649881e-01	2.708667655917250117e-01	1.846913860590649881e-01	3.405427740908569811e-01	2.446388575165630089e-02	1.846913860590649881e-01	2.258296749916750001e-01	7.658858942067230113e-02	1.846913860590649881e-01	1.846913860590649881e-01	1.846913860590649881e-01	1.846913860590649881e-01	1.846913860590649881e-01	1.846913860590649881e-01	2.843084403758889822e-01	2.377962735290989893e-01	1.846913860590649881e-01	1.759798340925859961e-01	2.785727927400200032e-01	1.846913860590649881e-01	1.846913860590649881e-01	3.058902631839159891e-01	1.846913860590649881e-01	3.972515604630130204e-01	3.881031792638380273e-01	2.888744363419989969e-01	1.846913860590649881e-01	1.846913860590649881e-01	1.846913860590649881e-01	4.248596384305090012e-01	1.846913860590649881e-01	1.846913860590649881e-01	1.204533754336750001e-01	1.872601359970270107e-01	2.833132466320649745e-01	1.846913860590649881e-01	1.846913860590649881e-01	3.041960618833889907e-01	2.726896144614829876e-01	1.846913860590649881e-01	2.631942201482290189e-01	2.196756926412329891e-01	1.846913860590649881e-01	2.496027099862180021e-01	3.056384098650170023e-01	2.128011399066009890e-01	1.846913860590649881e-01	1.846913860590649881e-01	9.848297278110100528e-02	1.846913860590649881e-01	1.846913860590649881e-01	1.846913860590649881e-01	8.995643026028379841e-02	2.440555040041569868e-01	1.846913860590649881e-01	1.846913860590649881e-01	1.934324557677840062e-01	1.846913860590649881e-01	1.846913860590649881e-01	2.630270360487499959e-01	1.846913860590649881e-01	1.846913860590649881e-01	1.846913860590649881e-01	2.603052204966039840e-01	3.522313726136370171e-01	1.846913860590649881e-01	2.802693571809969919e-01	3.248855789427460006e-01	1.846913860590649881e-01	1.846913860590649881e-01	1.846913860590649881e-01	1.846913860590649881e-01	3.015871556426980016e-01	1.846913860590649881e-01	1.846913860590649881e-01	1.000000000000000048e-04	2.207432597945880037e-01	1.536963984115959914e-01	1.846913860590649881e-01	1.846913860590649881e-01	2.258296749916750001e-01	3.129018334581740168e-01	2.505679255893720203e-01	3.030385277022479840e-01	3.188786806531579976e-01	3.247632690785680065e-01	1.846913860590649881e-01	4.791965842406720189e-01	9.263111292326679791e-02	2.993949356611489976e-01	1.846913860590649881e-01	1.846913860590649881e-01	3.099847309277969920e-01	1.846913860590649881e-01	1.846913860590649881e-01	1.846913860590649881e-01	1.791978437146219960e-01	1.846913860590649881e-01	1.846913860590649881e-01	2.418599112979069876e-01	1.846913860590649881e-01	1.335225500318419911e-01	3.008003607562449999e-01	2.499259952527299877e-01	4.992147029212469778e-01	3.972141668015879978e-01	2.792948746548439831e-01	1.603998253636109983e-01	1.846913860590649881e-01	1.846913860590649881e-01	1.846913860590649881e-01
1.711842872138180094e-01	1.846913860590649881e-01	1.300797616279709967e-01	1.846913860590649881e-01	1.846913860590649881e-01	1.000000000000000000e+00	1.846913860590649881e-01	1.846913860590649881e-01	2.391994622535250081e-01	2.001470720025269878e-01	2.498025096737719886e-01	8.471681857437980689e-02	1.846913860590649881e-01	1.846913860590649881e-01	1.196538121833600060e-01	1.846913860590649881e-01	2.081648758898050067e-01	1.846913860590649881e-01	1.259319539631069962e-01	1.846913860590649881e-01	1.846913860590649881e-01	1.846913860590649881e-01	1.399244624147960026e-01	1.846913860590649881e-01	1.745732404106090097e-01	1.451911070662230130e-01	1.635367864262090021e-01	1.846913860590649881e-01	1.032267286221769942e-01	1.846913860590649881e-01	1.846913860590649881e-01	1.846913860590649881e-01	1.846913860590649881e-01	2.424411817490129961e-01	1.846913860590649881e-01	6.629971856775070116e-02	1.846913860590649881e-01	1.846913860590649881e-01	1.846913860590649881e-01	2.130567026886930060e-01	1.846913860590649881e-01	1.846913860590649881e-01	1.586653031244900092e-01	9.529108785726900233e-02	1.846913860590649881e-01	8.024939672758210629e-02	1.846913860590649881e-01	1.846913860590649881e-01	1.846913860590649881e-01	1.846913860590649881e-01	1.846913860590649881e-01	1.475367652522109885e-01	1.948029506693770008e-01	1.846913860590649881e-01	9.193614394836209514e-02	1.846913860590649881e-01	1.846913860590649881e-01	1.309459125542490054e-01	8.179766713706479453e-02	1.846913860590649881e-01	1.846913860590649881e-01	1.846913860590649881e-01	1.846913860590649881e-01	1.117086716222069967e-02	1.914668522618100110e-01	9.874057187171410288e-02	1.137207683059340002e-01	1.846913860590649881e-01	1.846913860590649881e-01	1.846913860590649881e-01	1.846913860590649881e-01	1.127428005293489993e-01	1.846913860590649881e-01	1.110783418658150001e-01	1.846913860590649881e-01	1.171351131778169963e-01	9.729886005942910143e-02	1.846913860590649881e-01	1.416706584900929988e-01	1.310754062771830042e-01	1.017937508583340034e-01	1.846913860590649881e-01	1.846913860590649881e-01	1.846913860590649881e-01	1.117706125876409967e-01	1.172757861808740032e-01	1.846913860590649881e-01	1.846913860590649881e-01	1.846913860590649881e-01	1.846913860590649881e-01	8.698765277988360078e-02	1.846913860590649881e-01	1.846913860590649881e-01	9.948229475726899640e-02	1.152266963352379936e-01	1.846913860590649881e-01	1.651340280063419985e-01	1.165960560826150016e-01	1.846913860590649881e-01	1.846913860590649881e-01	1.846913860590649881e-01	1.846913860590649881e-01	1.091272630488250017e-01	1.531800272397260132e-01	1.497122996821899921e-01	1.507907737992399966e-01	1.846913860590649881e-01	1.846913860590649881e-01	1.846913860590649881e-01	1.846913860590649881e-01	7.875452252810230536e-02	1.846913860590649881e-01	1.846913860590649881e-01	1.846913860590649881e-01	1.156967813707590054e-01	1.317496005502420131e-01	1.846913860590649881e-01	2.037686422729340086e-01	1.846913860590649881e-01	1.174719064197420060e-01	1.846913860590649881e-01	9.802975304370549481e-02	7.133923822755260102e-02	1.268182295722189989e-01
2.159797027415089887e-01	1.376901092684360006e-01	1.846913860590649881e-01	1.846913860590649881e-01	1.846913860590649881e-01	1.846913860590649881e-01	1.000000000000000000e+00	1.846913860590649881e-01	1.846913860590649881e-01	2.588147643063279935e-01	1.846913860590649881e-01	8.222807352412600523e-02	1.846913860590649881e-01	7.956197977413740144e-03	1.846913860590649881e-01	2.531581349155199723e-01	2.143441720184930122e-01	2.548404903622290135e-02	1.526546128822990067e-01	1.846913860590649881e-01	1.846913860590649881e-01	1.846913860590649881e-01	1.846913860590649881e-01	1.846913860590649881e-01	1.846913860590649881e-01	1.846913860590649881e-01	1.846913860590649881e-01	1.846913860590649881e-01	1.846913860590649881e-01	1.846913860590649881e-01	1.846913860590649881e-01	1.303095601095390077e-01	1.846913860590649881e-01	1.722795331458419898e-01	1.846913860590649881e-01	7.378090037218859587e-02	2.525690009132520175e-01	1.846913860590649881e-01	1.846913860590649881e-01	1.846913860590649881e-01	1.846913860590649881e-01	1.846913860590649881e-01	1.846913860590649881e-01	1.669078392466800120e-01	1.846913860590649881e-01	9.799976641391899834e-02	1.846913860590649881e-01	1.846913860590649881e-01	2.106337604709500044e-01	1.569347637534329876e-01	1.304476340140079960e-01	1.846913860590649881e-01	2.072556682951089968e-01	1.387113563939000038e-01	1.846913860590649881e-01	1.458589346433279976e-01	1.846913860590649881e-01	1.470099478175289909e-01	1.846913860590649881e-01	1.846913860590649881e-01	1.226531283286610013e-01	1.846913860590649881e-01	1.846913860590649881e-01	8.106836488448310521e-03	2.052558399651809862e-01	1.846913860590649881e-01	1.539896602412139937e-01	2.082236712225389863e-01	2.538621304106549736e-01	1.846913860590649881e-01	1.244178076640899966e-01	1.978662852163630137e-01	1.846913860590649881e-01	2.002554366066769953e-01	3.012214677033309834e-02	1.846913860590649881e-01	1.846913860590649881e-01	1.846913860590649881e-01	1.846913860590649881e-01	1.545014884944909961e-01	1.846913860590649881e-01	1.846913860590649881e-01	1.846913860590649881e-01	1.846913860590649881e-01	1.726935786212190072e-01	1.387374741413439916e-01	1.846913860590649881e-01	1.228929419106469939e-01	1.000000000000000048e-04	1.846913860590649881e-01	1.846913860590649881e-01	1.156940586130500020e-01	1.846913860590649881e-01	1.740932212253349931e-01	1.449828254257919946e-01	9.381139071088880066e-02	1.701480512961210112e-01	1.440645053054669944e-01	1.846913860590649881e-01	1.717047693580550094e-01	2.673015728070040065e-01	9.785687940052040235e-02	2.149199990729500076e-01	1.846913860590649881e-01	1.846913860590649881e-01	2.449819718075559871e-01	1.846913860590649881e-01	1.846913860590649881e-01	2.616441161284460137e-01	1.846913860590649881e-01	1.247784769872870014e-01	1.846913860590649881e-01	1.846913860590649881e-01	1.405085319865370108e-01	1.446862848544329949e-01	1.846913860590649881e-01	1.846913860590649881e-01	1.846913860590649881e-01	1.846913860590649881e-01	1.846913860590649881e-01	1.635714279344090138e-01	1.608383031942169916e-01	9.400366106622559670e-02	1.306381088476969987e-01
1.846913860590649881e-01	1.846913860590649881e-01	1.846913860590649881e-01	1.856934452553319903e-01	3.340183465196189805e-01	1.846913860590649881e-01	1.846913860590649881e-01	1.000000000000000000e+00	1.846913860590649881e-01	1.846913860590649881e-01	1.846913860590649881e-01	6.695828850549509492e-02	2.745376520829649891e-01	5.564992972369560247e-03	1.846913860590649881e-01	1.846913860590649881e-01	1.846913860590649881e-01	1.846913860590649881e-01	2.210915951199859952e-01	1.846913860590649881e-01	8.855540244053269894e-02	1.846913860590649881e-01	1.846913860590649881e-01	2.115428516055430086e-01	3.713763163822429991e-01	1.846913860590649881e-01	2.137598263391169984e-01	2.489046687126950097e-01	1.846913860590649881e-01	2.283736659845760075e-01	1.858071021081310059e-01	1.795862476927780060e-01	2.061465714651939951e-01	1.846913860590649881e-01	1.846913860590649881e-01	1.846913860590649881e-01	1.846913860590649881e-01	2.460856355035589971e-01	1.853965174547489991e-01	2.599685094534099905e-01	1.846913860590649881e-01	1.846913860590649881e-01	2.374216195660059925e-01	2.283736659845760075e-01	1.631946151439210013e-01	6.833048710743690191e-02	1.846913860590649881e-01	2.328071252375270017e-01	2.512292412538369990e-01	1.846913860590649881e-01	1.629029907021319890e-01	1.846913860590649881e-01	2.386933630065060097e-01	1.846913860590649881e-01	1.846913860590649881e-01	1.568055522489849862e-01	1.846913860590649881e-01	1.846913860590649881e-01	1.846913860590649881e-01	1.846913860590649881e-01	1.846913860590649881e-01	1.846913860590649881e-01	2.010960708933879904e-01	6.832155526949579803e-03	1.846913860590649881e-01	1.476131713815209967e-01	1.846913860590649881e-01	1.846913860590649881e-01	3.297460819718979752e-01	1.846913860590649881e-01	1.846913860590649881e-01	1.846913860590649881e-01	1.846913860590649881e-01	2.973305870229219772e-01	1.846913860590649881e-01	1.042202128085110008e-01	1.846913860590649881e-01	1.826680458779149918e-01	1.919495965259830073e-01	1.846913860590649881e-01	2.401640090314169917e-01	1.846913860590649881e-01	1.846913860590649881e-01	1.007759529659439934e-01	2.545561019655689927e-01	1.809480447140789927e-01	1.846913860590649881e-01	1.628684907570039919e-01	1.846913860590649881e-01	1.846913860590649881e-01	1.846913860590649881e-01	1.846913860590649881e-01	2.412289356814500130e-01	2.116623673383309923e-01	1.948212893798030032e-01	1.326518423983379935e-01	2.022541380713039905e-01	1.846913860590649881e-01	2.057781930185320074e-01	2.222967921656419932e-01	2.937210606046209982e-01	6.719191141823339930e-02	2.516671392456599765e-01	1.846913860590649881e-01	1.846913860590649881e-01	3.036810573844980210e-01	1.846913860590649881e-01	8.722339431107560548e-02	3.010623973837879830e-01	1.846913860590649881e-01	1.846913860590649881e-01	2.163103396545349999e-01	1.846913860590649881e-01	1.548035725577590060e-01	1.025342756269110034e-01	2.755668636566980245e-01	1.846913860590649881e-01	1.846913860590649881e-01	2.950304111325040002e-01	1.846913860590649881e-01	1.846913860590649881e-01	1.846913860590649881e-01	1.237228847293079942e-01	1.846913860590649881e-01
3.888894607352140209e-01	9.053836807949509902e-02	1.846913860590649881e-01	1.846913860590649881e-01	5.063137693609469636e-01	2.391994622535250081e-01	1.846913860590649881e-01	1.846913860590649881e-01	1.000000000000000000e+00	3.118138894454099974e-01	4.960176599268609765e-01	1.846913860590649881e-01	1.846913860590649881e-01	6.467303821695569860e-03	3.174410784399270269e-01	3.394705521355120270e-01	1.846913860590649881e-01	1.846913860590649881e-01	3.803183223449039807e-01	1.846913860590649881e-01	1.846913860590649881e-01	3.437393526181660164e-01	1.846913860590649881e-01	3.374315047467790207e-01	1.846913860590649881e-01	1.846913860590649881e-01	1.846913860590649881e-01	1.846913860590649881e-01	2.733707116661490133e-01	1.846913860590649881e-01	1.846913860590649881e-01	1.846913860590649881e-01	2.309137072359510046e-01	3.488737101296299770e-01	3.073044818312909987e-01	1.846913860590649881e-01	3.607463636515719774e-01	1.846913860590649881e-01	3.220082812416190099e-01	1.846913860590649881e-01	2.729657038053610041e-01	1.846913860590649881e-01	3.893748227078259738e-01	1.846913860590649881e-01	1.846913860590649881e-01	1.846913860590649881e-01	1.846913860590649881e-01	2.857371735742800234e-01	1.846913860590649881e-01	1.846913860590649881e-01	3.330763890280690198e-01	2.977647382019910083e-01	3.125485714748130195e-01	1.846913860590649881e-01	2.315340476847690121e-01	2.770690119847680211e-01	2.696075436190419894e-01	1.846913860590649881e-01	2.301162472898120037e-01	3.680439708334130033e-01	2.552880155012020036e-01	1.148963401352089964e-01	1.846913860590649881e-01	1.017421275172149947e-02	1.846913860590649881e-01	1.846913860590649881e-01	3.012750270796529795e-01	1.846913860590649881e-01	1.846913860590649881e-01	2.191696347569699888e-01	2.851795853675360148e-01	2.937625378427169975e-01	2.848174015058430042e-01	1.846913860590649881e-01	1.846913860590649881e-01	1.413775652618169953e-01	1.846913860590649881e-01	3.408955850349399963e-01	2.534442701053959968e-01	1.846913860590649881e-01	1.846913860590649881e-01	3.112273874253200234e-01	1.846913860590649881e-01	1.295817293942939930e-01	2.797158560181359777e-01	1.846913860590649881e-01	3.112347118875999907e-01	1.955976792773939932e-01	1.000000000000000048e-04	2.257021596499949878e-01	1.603394395474160017e-01	1.565916645072890079e-01	1.846913860590649881e-01	1.846913860590649881e-01	1.846913860590649881e-01	1.846913860590649881e-01	1.846913860590649881e-01	3.184287319734679933e-01	3.451904286925550069e-01	1.846913860590649881e-01	1.846913860590649881e-01	1.846913860590649881e-01	2.936312133446680184e-01	1.846913860590649881e-01	3.755510647263269886e-01	3.088633140130819799e-01	9.473878100329929941e-02	1.244617358521319939e-01	2.227209476088559958e-01	1.846913860590649881e-01	1.846913860590649881e-01	1.846913860590649881e-01	1.846913860590649881e-01	1.389956511003420103e-01	1.846913860590649881e-01	1.846913860590649881e-01	1.846913860590649881e-01	3.902830653934100114e-01	1.846913860590649881e-01	3.003759212016929858e-01	1.846913860590649881e-01	1.846913860590649881e-01	1.846913860590649881e-01	3.145038613759850166e-01
1.327486537399600042e-01	1.846913860590649881e-01	2.670060765126079927e-01	1.846913860590649881e-01	2.551378619825089844e-01	2.001470720025269878e-01	2.588147643063279935e-01	1.846913860590649881e-01	3.118138894454099974e-01	1.000000000000000000e+00	2.384238813933790002e-01	1.568092425294649872e-01	1.846913860590649881e-01	1.846913860590649881e-01	1.846913860590649881e-01	2.033183673565910066e-01	1.846913860590649881e-01	1.846913860590649881e-01	1.846913860590649881e-01	1.126526253891979995e-01	1.846913860590649881e-01	9.250476115019640178e-02	1.846913860590649881e-01	1.846913860590649881e-01	2.775192918580070001e-01	1.239968851174459985e-01	1.846913860590649881e-01	1.846913860590649881e-01	7.187681833324580105e-02	2.021779953374910066e-01	2.118168417684060112e-01	7.501347170809399834e-02	1.846913860590649881e-01	2.025875998451260041e-01	1.846913860590649881e-01	1.846913860590649881e-01	1.846913860590649881e-01	1.846913860590649881e-01	1.846913860590649881e-01	1.846913860590649881e-01	1.846913860590649881e-01	2.414731721138070053e-01	1.360345884669310057e-01	8.315829392310210288e-02	7.942644886124060333e-02	1.846913860590649881e-01	3.370346852774879776e-01	1.846913860590649881e-01	1.846913860590649881e-01	1.846913860590649881e-01	8.085982836752389491e-02	1.846913860590649881e-01	2.848978470364270099e-01	1.846913860590649881e-01	1.846913860590649881e-01	1.846913860590649881e-01	1.846913860590649881e-01	9.901981538598969568e-02	6.614542995062940023e-02	1.075035311422800066e-01	1.846913860590649881e-01	2.194380099192410061e-01	7.353994232154359434e-02	1.846913860590649881e-01	3.239007656298030224e-01	2.567823330974570162e-01	1.662296796936539867e-01	2.794395154857030050e-01	1.094384561473349948e-01	7.778381455218029428e-02	7.406272563956879662e-02	9.430723079659460162e-02	1.846913860590649881e-01	1.846913860590649881e-01	3.898557010023429720e-02	2.328400006348310125e-01	8.223968519874259864e-02	1.846913860590649881e-01	1.846913860590649881e-01	1.031247475276659969e-01	1.846913860590649881e-01	1.846913860590649881e-01	1.846913860590649881e-01	2.542148619587489833e-01	9.676679303388510678e-02	8.220678971194360363e-02	1.846913860590649881e-01	6.392936481626469714e-02	1.000000000000000048e-04	3.112200631354110070e-01	1.846913860590649881e-01	1.846913860590649881e-01	1.447748425725429999e-01	8.490043880478520544e-02	1.846913860590649881e-01	5.910230367547589930e-02	1.846913860590649881e-01	7.712941467966770437e-02	9.227211599927069574e-02	1.846913860590649881e-01	1.846913860590649881e-01	1.846913860590649881e-01	8.635940909210239325e-02	1.846913860590649881e-01	1.846913860590649881e-01	1.846913860590649881e-01	1.576900039121139907e-01	1.846913860590649881e-01	1.846913860590649881e-01	1.846913860590649881e-01	5.555120997195889948e-02	2.171417031664210073e-01	1.846913860590649881e-01	2.281963760158310095e-01	2.327140034837600069e-01	1.846913860590649881e-01	1.177098997894440030e-01	1.294841803408129932e-01	1.846913860590649881e-01	8.070583685164879617e-02	1.846913860590649881e-01	1.846913860590649881e-01	4.638341379938269726e-02	1.846913860590649881e-01
5.161429300743419768e-01	1.846913860590649881e-01	1.846913860590649881e-01	1.846913860590649881e-01	5.261009965307239522e-01	2.498025096737719886e-01	1.846913860590649881e-01	1.846913860590649881e-01	4.960176599268609765e-01	2.384238813933790002e-01	1.000000000000000000e+00	6.262933353915620116e-02	1.846913860590649881e-01	4.250485592636810313e-03	4.010559482899330175e-01	1.846913860590649881e-01	1.846913860590649881e-01	1.846913860590649881e-01	1.846913860590649881e-01	3.844668977247109876e-01	1.846913860590649881e-01	5.030475850789050130e-01	1.846913860590649881e-01	1.846913860590649881e-01	4.326185427886080070e-01	4.774405451590730265e-01	4.693083123675910184e-01	1.846913860590649881e-01	1.846913860590649881e-01	3.669024283411900234e-01	2.547298910705579900e-01	1.846913860590649881e-01	3.278271595653490245e-01	3.235731583567360015e-01	1.846913860590649881e-01	3.419884041975799760e-01	1.846913860590649881e-01	1.846913860590649881e-01	1.846913860590649881e-01	1.846913860590649881e-01	1.846913860590649881e-01	1.846913860590649881e-01	1.846913860590649881e-01	1.846913860590649881e-01	3.922720461539659920e-01	6.464497049425259323e-02	1.507588390054130090e-01	1.846913860590649881e-01	1.846913860590649881e-01	1.846913860590649881e-01	4.185380453523980249e-01	4.000284824668730033e-01	3.518005896703479962e-01	1.846913860590649881e-01	3.281204619290860047e-01	1.846913860590649881e-01	1.846913860590649881e-01	1.846913860590649881e-01	1.846913860590649881e-01	1.846913860590649881e-01	1.846913860590649881e-01	1.846913860590649881e-01	3.358549284971529825e-01	1.846913860590649881e-01	3.814118342498389880e-01	1.846913860590649881e-01	2.912979513648190077e-01	1.846913860590649881e-01	3.706428889928050086e-01	1.846913860590649881e-01	1.846913860590649881e-01	4.210176635304510029e-01	4.087936146476279786e-01	1.846913860590649881e-01	1.979428783865970140e-02	1.846913860590649881e-01	3.617921154556489882e-01	4.085531732797160198e-01	2.213623237397739918e-01	4.756909411677009980e-01	1.846913860590649881e-01	4.688667351375709891e-01	3.524303733848250242e-01	1.846913860590649881e-01	1.846913860590649881e-01	4.777889885646510182e-01	4.320487724449429967e-01	1.846913860590649881e-01	1.000000000000000048e-04	1.846913860590649881e-01	1.038773995786689969e-01	1.200571661997369977e-01	1.846913860590649881e-01	3.339318896266360026e-01	1.846913860590649881e-01	3.894481374928949746e-01	1.846913860590649881e-01	1.846913860590649881e-01	1.846913860590649881e-01	5.204118763808890380e-01	5.803624702168349581e-01	5.791951259163850146e-02	1.846913860590649881e-01	1.846913860590649881e-01	1.846913860590649881e-01	3.999061164949579972e-01	1.846913860590649881e-01	1.637177729978160079e-01	1.879842723861039899e-01	1.846913860590649881e-01	3.412728550336949773e-01	1.846913860590649881e-01	1.944502667560600029e-01	1.846913860590649881e-01	1.846913860590649881e-01	1.846913860590649881e-01	1.846913860590649881e-01	5.308019600650839553e-01	5.053257474554450068e-01	4.294233301863060182e-01	1.846913860590649881e-01	3.647672785115059768e-01	1.846913860590649881e-01	1.846913860590649881e-01
2.168528907124750091e-02	1.846913860590649881e-01	1.846913860590649881e-01	5.438186338149109816e-02	8.183810240849989648e-02	8.471681857437980689e-02	8.222807352412600523e-02	6.695828850549509492e-02	1.846913860590649881e-01	1.568092425294649872e-01	6.262933353915620116e-02	1.000000000000000000e+00	7.214457878981080097e-02	8.667908117391759371e-02	1.846913860590649881e-01	1.846913860590649881e-01	1.846913860590649881e-01	1.203428716562110062e-01	1.846913860590649881e-01	1.846913860590649881e-01	1.596579061730399873e-01	1.157061625344900022e-02	1.846913860590649881e-01	1.846913860590649881e-01	5.317953037182569787e-02	1.740622716825170058e-02	1.846913860590649881e-01	1.846913860590649881e-01	7.206897169604360373e-03	6.376408345112309639e-02	1.846913860590649881e-01	1.846913860590649881e-01	1.846913860590649881e-01	1.846913860590649881e-01	1.846913860590649881e-01	3.632928146278349788e-03	1.846913860590649881e-01	4.354730002692130258e-02	1.846913860590649881e-01	1.846913860590649881e-01	1.846913860590649881e-01	1.846913860590649881e-01	2.628441548798950145e-02	1.846913860590649881e-01	1.846913860590649881e-01	2.185978546109449971e-01	1.846913860590649881e-01	1.846913860590649881e-01	1.846913860590649881e-01	3.224708768135600145e-01	1.445890880185000081e-02	2.132043937660769994e-02	1.846913860590649881e-01	8.724483799696109571e-03	6.788720938921580066e-03	2.296185584799279866e-01	8.317286587421410249e-03	1.272171257455470030e-02	5.609303881719729726e-03	1.566117327718220126e-02	1.846913860590649881e-01	2.890648521799660253e-01	6.491854584400339780e-03	1.652467673777759938e-01	1.846913860590649881e-01	2.908800744273780103e-01	1.846913860590649881e-01	1.846913860590649881e-01	1.846913860590649881e-01	6.639878536526989602e-03	1.187126400571720045e-02	9.609380179900029600e-03	1.846913860590649881e-01	1.513540960059529990e-02	1.573415506244650042e-01	2.377347226376989864e-01	1.846913860590649881e-01	2.052000329766080072e-02	1.846913860590649881e-01	1.846913860590649881e-01	2.057416106579380149e-02	9.215155679526290319e-03	8.607624770130800629e-03	5.790800223396209701e-01	1.846913860590649881e-01	1.049572568150130072e-02	1.846913860590649881e-01	7.979449635508910690e-03	1.846913860590649881e-01	1.846913860590649881e-01	2.019022181457829912e-01	2.814657459180929799e-01	1.846913860590649881e-01	9.191547358654210062e-03	1.155918525950550002e-02	6.291658489545100090e-03	4.234765442542939851e-02	1.846913860590649881e-01	1.156108964062129915e-02	1.846913860590649881e-01	2.558139196504780055e-02	4.390598027885340149e-01	1.846913860590649881e-01	1.846913860590649881e-01	1.846913860590649881e-01	1.693030412757360118e-02	1.846913860590649881e-01	2.137167954017060029e-02	1.219135368565709976e-01	4.649209339792129830e-03	4.915887837858520272e-03	4.043011385005070013e-02	8.916813885603740164e-02	1.846913860590649881e-01	1.846913860590649881e-01	1.285715433523950020e-02	1.457300804819510083e-02	1.846913860590649881e-01	1.846913860590649881e-01	9.472862650041779381e-03	1.846913860590649881e-01	9.458160502777359854e-03	1.846913860590649881e-01	1.846913860590649881e-01
