1.000000000000000000e+00	6.135286594964135531e-01	4.466228561321879953e-01	6.358514371471749582e-01	6.135286594964135531e-01	5.988566395776889761e-01	6.406906020857040529e-01	6.734904738391089829e-01	6.135286594964135531e-01	5.562142219463079851e-01	8.252020191593339993e-01	6.135286594964135531e-01	6.135286594964135531e-01	6.135286594964135531e-01	6.135286594964135531e-01	6.135286594964135531e-01	6.964529250310409481e-01	6.135286594964135531e-01	6.135286594964135531e-01	7.973838528247449986e-01	6.135286594964135531e-01	6.135286594964135531e-01	6.135286594964135531e-01	6.135286594964135531e-01	6.135286594964135531e-01	8.612904201302870044e-01	6.135286594964135531e-01	6.135286594964135531e-01	6.135286594964135531e-01	6.677002277271969488e-01	6.135286594964135531e-01	8.763292280852029714e-01	8.432347098425080345e-01	6.559905398210710281e-01	6.135286594964135531e-01	8.192268215087950001e-01	7.856578723222830130e-01	6.135286594964135531e-01	6.135286594964135531e-01	7.558686898224680206e-01	8.760177487205269564e-01	6.135286594964135531e-01	7.594582778831669989e-01	6.135286594964135531e-01	8.232298476698940437e-01	6.135286594964135531e-01	6.135286594964135531e-01	6.135286594964135531e-01	7.275919137448040308e-01	6.135286594964135531e-01	6.135286594964135531e-01	7.714311078447929626e-01	6.135286594964135531e-01	8.527888217639190138e-01	8.375926355676700519e-01	6.135286594964135531e-01	6.135286594964135531e-01	8.812195393890349671e-01	8.311980677721160227e-01	6.135286594964135531e-01	8.852107354046969689e-01	3.737965777929549982e-01	6.135286594964135531e-01	1.561467115133770012e-01	6.135286594964135531e-01	6.135286594964135531e-01	6.135286594964135531e-01	6.135286594964135531e-01	7.977764459201049929e-01	8.096002695745919686e-01	8.572019402631000373e-01	6.135286594964135531e-01	6.135286594964135531e-01	7.752959877558950330e-01	6.135286594964135531e-01	3.810598984647460274e-01	8.335197691112220530e-01	6.135286594964135531e-01	6.135286594964135531e-01	8.683378777273069726e-01	8.034688433295590348e-01	6.135286594964135531e-01	6.135286594964135531e-01	6.135286594964135531e-01	8.617262600739310496e-01	8.746832363850010061e-01	6.135286594964135531e-01	7.800063363912459469e-01	1.000000000000000021e-03	5.425251008528529928e-01	4.231180522071300021e-01	6.135286594964135531e-01	8.222848802286579772e-01	6.135286594964135531e-01	8.587387116854029445e-01	6.135286594964135531e-01	6.135286594964135531e-01	8.915209103036200178e-01	6.135286594964135531e-01	6.135286594964135531e-01	8.879503667234920350e-01	3.077415379247290250e-01	6.135286594964135531e-01	6.135286594964135531e-01	8.884118446640469902e-01	8.632003241284590400e-01	6.135286594964135531e-01	6.135286594964135531e-01	6.135286594964135531e-01	7.828858765426149890e-01	6.135286594964135531e-01	6.135286594964135531e-01	5.712788897562639523e-01	4.731058427322770155e-01	3.895920253823870194e-01	8.751438021744010198e-01	6.135286594964135531e-01	8.778762836135359793e-01	6.135286594964135531e-01	8.343749651804710510e-01	6.135286594964135531e-01	8.189468358572520312e-01	6.135286594964135531e-01	6.135286594964135531e-01
6.135286594964135531e-01	1.000000000000000000e+00	6.135286594964135531e-01	6.135286594964135531e-01	5.203441869080019933e-01	6.135286594964135531e-01	6.135286594964135531e-01	6.135286594964135531e-01	4.976936210989639786e-01	6.229261705202769894e-01	6.135286594964135531e-01	6.135286594964135531e-01	6.135286594964135531e-01	6.135286594964135531e-01	6.135286594964135531e-01	6.135286594964135531e-01	5.097285593100150392e-01	6.135286594964135531e-01	3.328399067467049943e-01	6.135286594964135531e-01	6.135286594964135531e-01	3.088353935681940055e-01	6.135286594964135531e-01	6.135286594964135531e-01	4.322460020547759796e-01	6.135286594964135531e-01	3.928120632845280014e-01	6.135286594964135531e-01	6.135286594964135531e-01	6.135286594964135531e-01	6.135286594964135531e-01	2.883169123019019842e-01	6.135286594964135531e-01	6.135286594964135531e-01	3.728344052594759761e-01	6.135286594964135531e-01	4.928315388562469757e-01	6.135286594964135531e-01	3.074807667587109994e-01	6.135286594964135531e-01	6.135286594964135531e-01	6.135286594964135531e-01	4.353778404741430186e-01	6.135286594964135531e-01	6.135286594964135531e-01	5.760005974860430422e-01	5.817667095721099635e-01	3.296964912698959749e-01	6.135286594964135531e-01	6.135286594964135531e-01	3.221962210414299754e-01	3.407835920115789841e-01	6.135286594964135531e-01	6.135286594964135531e-01	3.053983608769360036e-01	5.585577294392880532e-01	6.135286594964135531e-01	6.135286594964135531e-01	6.135286594964135531e-01	3.157849168002829776e-01	3.062890880451670239e-01	5.468558501265390337e-01	6.135286594964135531e-01	4.127187003245280095e-01	5.202232510795109510e-01	6.135286594964135531e-01	3.854406624781560042e-01	5.683572117733920459e-01	3.818631232733770142e-01	3.379715674066540165e-01	6.135286594964135531e-01	3.429876695554249788e-01	6.135286594964135531e-01	6.135286594964135531e-01	4.280320711706330217e-01	5.425696105593079688e-01	6.135286594964135531e-01	3.271727262190339824e-01	6.135286594964135531e-01	3.322101978301880143e-01	6.135286594964135531e-01	6.135286594964135531e-01	6.135286594964135531e-01	6.308029619843209534e-01	3.435461971884329890e-01	2.941082026516689818e-01	2.948490644679149786e-01	6.135286594964135531e-01	1.000000000000000021e-03	6.412076626083870190e-01	4.962462654892759728e-01	5.144477484215489449e-01	4.375501150652519877e-01	6.135286594964135531e-01	6.135286594964135531e-01	2.658551609473410182e-01	6.135286594964135531e-01	6.135286594964135531e-01	3.076910488320350190e-01	6.135286594964135531e-01	6.135286594964135531e-01	6.135286594964135531e-01	3.346515429061580060e-01	6.135286594964135531e-01	3.319082700973819966e-01	6.135286594964135531e-01	6.404935278285459610e-01	6.135286594964135531e-01	6.135286594964135531e-01	6.135286594964135531e-01	3.094377186109890099e-01	6.135286594964135531e-01	6.135286594964135531e-01	6.135286594964135531e-01	6.135286594964135531e-01	4.070666630891640048e-01	6.135286594964135531e-01	6.135286594964135531e-01	4.304442239962210093e-01	6.135286594964135531e-01	6.135286594964135531e-01	3.339042496461619991e-01	2.456650939847569992e-01	3.062555865964179946e-01
4.466228561321879953e-01	6.135286594964135531e-01	1.000000000000000000e+00	6.135286594964135531e-01	6.135286594964135531e-01	5.529422603687419446e-01	6.135286594964135531e-01	5.643613931457619470e-01	6.069641294105390106e-01	6.814054368916030446e-01	5.720761811143250108e-01	6.954204840622609796e-01	5.032569474541349619e-01	4.248049340274899777e-01	3.620089428868120129e-01	5.654040893198409856e-01	6.135286594964135531e-01	6.135286594964135531e-01	6.135286594964135531e-01	6.135286594964135531e-01	6.135286594964135531e-01	3.670378721640569775e-01	6.135286594964135531e-01	6.135286594964135531e-01	6.135286594964135531e-01	3.979939954353050036e-01	6.135286594964135531e-01	6.135286594964135531e-01	6.135286594964135531e-01	5.143141183227559754e-01	4.676104136346950213e-01	6.135286594964135531e-01	6.135286594964135531e-01	6.135286594964135531e-01	6.135286594964135531e-01	6.135286594964135531e-01	6.135286594964135531e-01	5.174813104526280183e-01	3.388530357196180010e-01	6.135286594964135531e-01	6.135286594964135531e-01	6.337076321156419612e-01	6.135286594964135531e-01	3.181077305777860187e-01	3.359650553829949815e-01	6.135286594964135531e-01	6.135286594964135531e-01	6.135286594964135531e-01	6.135286594964135531e-01	6.135286594964135531e-01	3.569976601125660065e-01	6.135286594964135531e-01	5.546725166138190000e-01	6.135286594964135531e-01	3.055717028954439973e-01	6.135286594964135531e-01	3.272666822296509959e-01	3.703195201447789797e-01	6.135286594964135531e-01	6.135286594964135531e-01	6.135286594964135531e-01	7.109524213583400254e-01	3.088691772232929900e-01	5.431559957084279855e-01	6.269721996134880460e-01	6.295105364560570349e-01	6.135286594964135531e-01	6.759952762424179529e-01	6.135286594964135531e-01	6.135286594964135531e-01	6.135286594964135531e-01	6.135286594964135531e-01	3.203381114372049754e-01	4.004941586985880098e-01	6.135286594964135531e-01	6.135286594964135531e-01	3.249125284958059856e-01	6.135286594964135531e-01	6.771747771676910332e-01	3.882492981536049825e-01	6.135286594964135531e-01	6.135286594964135531e-01	6.135286594964135531e-01	7.777060783911720065e-01	3.315408791515290221e-01	3.436871459629329828e-01	3.607119568857780068e-01	3.084408209646269938e-01	6.135286594964135531e-01	6.135286594964135531e-01	6.206264937948400284e-01	6.135286594964135531e-01	6.135286594964135531e-01	3.338951187830340173e-01	6.135286594964135531e-01	3.049268675911759874e-01	6.135286594964135531e-01	6.135286594964135531e-01	6.135286594964135531e-01	4.402987663918500050e-01	6.135286594964135531e-01	6.932843526972729542e-01	3.441385707617909961e-01	6.135286594964135531e-01	6.135286594964135531e-01	4.015194775811600225e-01	5.881411418616260267e-01	6.135286594964135531e-01	5.404187849347009687e-01	2.852934595601520074e-01	6.135286594964135531e-01	4.591554375259659926e-01	6.135286594964135531e-01	5.487883729955269629e-01	6.946174773886309994e-01	6.135286594964135531e-01	3.698160541695399983e-01	5.279298569353619852e-01	5.013236508750910092e-01	3.284411660595660254e-01	6.135286594964135531e-01	6.135286594964135531e-01	6.135286594964135531e-01	6.135286594964135531e-01
6.358514371471749582e-01	6.135286594964135531e-01	6.135286594964135531e-01	1.000000000000000000e+00	6.762772442847250209e-01	6.135286594964135531e-01	5.727101168444159729e-01	6.135286594964135531e-01	6.888386475320319446e-01	6.135286594964135531e-01	6.135286594964135531e-01	6.135286594964135531e-01	6.135286594964135531e-01	2.073743809098350099e-01	6.432053225986400502e-01	6.135286594964135531e-01	6.646397487146900040e-01	6.135286594964135531e-01	6.135286594964135531e-01	6.135286594964135531e-01	6.135286594964135531e-01	6.135286594964135531e-01	6.135286594964135531e-01	6.100509028456040372e-01	6.135286594964135531e-01	6.135286594964135531e-01	6.135286594964135531e-01	6.135286594964135531e-01	6.040251021467689663e-01	6.135286594964135531e-01	6.135286594964135531e-01	5.869240866346839836e-01	6.135286594964135531e-01	6.253668900096339689e-01	6.316617344060649897e-01	5.625278394358810274e-01	6.360949167888410027e-01	6.049632120282769643e-01	6.080938514951550466e-01	6.135286594964135531e-01	5.978748606546050448e-01	6.135286594964135531e-01	6.135286594964135531e-01	6.135286594964135531e-01	5.867676190144049952e-01	6.135286594964135531e-01	6.135286594964135531e-01	6.135286594964135531e-01	6.976013495714380452e-01	6.135286594964135531e-01	6.237827484750040341e-01	6.031420487968229827e-01	5.870203951387079622e-01	5.830248843619989518e-01	6.135286594964135531e-01	6.135286594964135531e-01	6.135286594964135531e-01	6.135286594964135531e-01	5.639525641932270350e-01	6.156147211004290298e-01	6.135286594964135531e-01	6.135286594964135531e-01	5.774554971428259575e-01	1.954626385832589908e-01	6.508578050252730174e-01	6.135286594964135531e-01	5.619627997131020347e-01	6.135286594964135531e-01	6.135286594964135531e-01	6.135286594964135531e-01	6.135286594964135531e-01	6.135286594964135531e-01	5.679454882104809643e-01	5.750327014082200483e-01	3.080341169035599735e-01	4.487622564496849820e-01	5.859218121050510097e-01	5.849172503137619605e-01	5.033429681070720196e-01	6.135286594964135531e-01	6.153622527101429984e-01	6.127636569106380549e-01	6.135286594964135531e-01	6.135286594964135531e-01	6.135286594964135531e-01	6.135286594964135531e-01	5.979607020158910213e-01	5.407033432684339447e-01	1.000000000000000021e-03	6.135286594964135531e-01	5.350478562374759717e-01	5.188912631833639821e-01	6.384606400443210150e-01	6.135286594964135531e-01	5.931116889157900252e-01	6.135286594964135531e-01	6.135286594964135531e-01	6.135286594964135531e-01	6.135286594964135531e-01	6.135286594964135531e-01	6.135286594964135531e-01	4.284770930878740169e-01	6.135286594964135531e-01	5.530632402352509969e-01	6.434384213864300373e-01	6.227473327067479802e-01	4.184549364609450040e-01	4.996607398511460074e-01	6.135286594964135531e-01	5.330871804023310512e-01	6.135286594964135531e-01	6.339329550054230156e-01	6.135286594964135531e-01	4.542938869477720076e-01	4.723495974691109822e-01	6.290975198037239702e-01	6.135286594964135531e-01	6.135286594964135531e-01	7.036797597430940465e-01	6.221856051926349940e-01	5.291620329785350352e-01	5.613599486903170233e-01	6.135286594964135531e-01	6.017170385365759877e-01
6.135286594964135531e-01	5.203441869080019933e-01	6.135286594964135531e-01	6.762772442847250209e-01	1.000000000000000000e+00	6.135286594964135531e-01	6.135286594964135531e-01	6.135286594964135531e-01	8.206057455690159985e-01	6.724644885248729498e-01	8.297956717116830028e-01	4.832989654974639837e-01	7.524400884600069839e-01	2.446862230040099950e-01	6.135286594964135531e-01	6.135286594964135531e-01	6.135286594964135531e-01	3.403063220775390252e-01	6.135286594964135531e-01	6.135286594964135531e-01	4.740804004421479978e-01	6.135286594964135531e-01	6.525285495143740011e-01	6.839490277303530430e-01	7.844824651346270494e-01	6.135286594964135531e-01	7.749250530268559922e-01	6.939482228119370211e-01	6.135286594964135531e-01	6.135286594964135531e-01	6.036824561182150273e-01	6.898518844666090555e-01	6.135286594964135531e-01	6.826177109495600304e-01	6.135286594964135531e-01	6.135286594964135531e-01	7.647674591782920306e-01	7.596088625676770123e-01	6.971674897312130081e-01	6.135286594964135531e-01	6.135286594964135531e-01	6.135286594964135531e-01	7.798410452272820370e-01	6.135286594964135531e-01	6.562910835564149670e-01	5.407292196364960057e-01	6.146769028422489622e-01	6.135286594964135531e-01	6.135286594964135531e-01	6.135286594964135531e-01	6.135286594964135531e-01	6.135286594964135531e-01	6.135286594964135531e-01	6.135286594964135531e-01	6.438564514026740015e-01	6.135286594964135531e-01	6.681934031806030516e-01	6.135286594964135531e-01	6.379370720669470529e-01	6.135286594964135531e-01	6.135286594964135531e-01	6.135286594964135531e-01	6.518196307763980402e-01	6.135286594964135531e-01	6.135286594964135531e-01	4.967622092219209917e-01	6.135286594964135531e-01	6.135286594964135531e-01	6.135286594964135531e-01	6.135286594964135531e-01	6.135286594964135531e-01	6.135286594964135531e-01	6.135286594964135531e-01	6.514587796658249941e-01	6.135286594964135531e-01	5.757289501634009765e-01	6.135286594964135531e-01	6.135286594964135531e-01	6.135286594964135531e-01	6.910697363165669849e-01	6.135286594964135531e-01	7.009381880481030391e-01	6.713987545604660490e-01	5.416023479500530202e-01	6.135286594964135531e-01	6.135286594964135531e-01	6.916983832575900326e-01	6.135286594964135531e-01	6.135286594964135531e-01	6.447638496896770377e-01	5.804001374337279806e-01	6.135286594964135531e-01	7.713889176926349567e-01	6.135286594964135531e-01	7.135380099205530513e-01	6.135286594964135531e-01	6.135286594964135531e-01	7.174708211994630380e-01	6.135286594964135531e-01	6.135286594964135531e-01	8.075880859859250194e-01	5.010084370303069523e-01	7.044498975116739725e-01	6.927916032016420145e-01	7.655678163077319631e-01	7.115991550255990061e-01	4.957884753261270205e-01	6.135286594964135531e-01	6.135286594964135531e-01	6.135286594964135531e-01	6.596196947943380184e-01	6.135286594964135531e-01	6.621045946246689740e-01	6.135286594964135531e-01	6.135286594964135531e-01	7.054089325526330390e-01	6.135286594964135531e-01	6.135286594964135531e-01	7.647465460362690148e-01	6.135286594964135531e-01	6.135286594964135531e-01	6.592184703934730328e-01	6.502796126935259657e-01	7.226544345516340284e-01
5.988566395776889761e-01	6.135286594964135531e-01	5.529422603687419446e-01	6.135286594964135531e-01	6.135286594964135531e-01	1.000000000000000000e+00	5.503174856744039722e-01	6.135286594964135531e-01	6.599805543437590183e-01	6.135286594964135531e-01	6.135286594964135531e-01	6.135286594964135531e-01	6.337206293359090026e-01	6.135286594964135531e-01	5.396840613897789796e-01	6.417075919604710021e-01	6.135286594964135531e-01	6.135286594964135531e-01	5.477613395216760495e-01	5.422321697491769843e-01	4.329143626009480106e-01	5.471587603750469597e-01	6.135286594964135531e-01	6.135286594964135531e-01	6.022767561364410493e-01	6.135286594964135531e-01	6.135286594964135531e-01	6.135286594964135531e-01	6.135286594964135531e-01	6.072837272966890021e-01	6.135286594964135531e-01	5.191006029778979514e-01	6.135286594964135531e-01	6.135286594964135531e-01	5.555301792050010290e-01	4.546232204870390148e-01	6.314760715513549894e-01	5.918560236359799998e-01	6.135286594964135531e-01	6.381595359756150332e-01	6.135286594964135531e-01	6.135286594964135531e-01	5.857896398042440333e-01	5.051458952222499521e-01	6.135286594964135531e-01	6.135286594964135531e-01	6.135286594964135531e-01	5.289847986479220276e-01	7.110253318283830115e-01	6.135286594964135531e-01	5.512249384007019692e-01	6.135286594964135531e-01	6.217688928234359480e-01	5.208104084370920317e-01	4.999135838438439894e-01	5.927549714648380208e-01	6.135286594964135531e-01	6.135286594964135531e-01	4.832295846151299923e-01	5.340063777637069631e-01	5.033360859137869792e-01	5.531123958665720153e-01	6.135286594964135531e-01	6.135286594964135531e-01	6.135286594964135531e-01	6.135286594964135531e-01	5.317695143655869483e-01	6.438916663260799700e-01	6.135286594964135531e-01	4.855841723649960140e-01	5.318894980516020166e-01	6.135286594964135531e-01	5.102480553998309798e-01	6.135286594964135531e-01	6.135286594964135531e-01	5.363589781015399849e-01	6.135286594964135531e-01	6.135286594964135531e-01	6.135286594964135531e-01	6.135286594964135531e-01	6.135286594964135531e-01	5.388434953448330011e-01	4.899826736471339927e-01	6.135286594964135531e-01	6.135286594964135531e-01	5.365460193003389611e-01	5.335028116310960300e-01	6.135286594964135531e-01	1.000000000000000021e-03	6.135286594964135531e-01	4.919428568336399743e-01	6.135286594964135531e-01	6.195497240509120207e-01	6.135286594964135531e-01	5.338056241739730368e-01	5.041591746407489971e-01	5.926293607427089993e-01	6.135286594964135531e-01	5.479186431906779564e-01	6.135286594964135531e-01	6.110192572888669682e-01	6.135286594964135531e-01	5.254381827132410532e-01	6.135286594964135531e-01	5.759887840681220395e-01	5.771910555917300067e-01	4.626814829602949874e-01	4.932258997931859845e-01	6.135286594964135531e-01	6.135286594964135531e-01	6.135286594964135531e-01	6.135286594964135531e-01	6.135286594964135531e-01	6.135286594964135531e-01	6.135286594964135531e-01	5.549949333653450001e-01	5.233373792160279647e-01	6.299496637582869818e-01	6.135286594964135531e-01	6.135286594964135531e-01	5.688703414263980296e-01	6.135286594964135531e-01	6.135286594964135531e-01	6.135286594964135531e-01
6.406906020857040529e-01	6.135286594964135531e-01	6.135286594964135531e-01	5.727101168444159729e-01	6.135286594964135531e-01	5.503174856744039722e-01	1.000000000000000000e+00	7.944672815611270034e-01	7.029441030180380023e-01	6.752654792890639968e-01	6.135286594964135531e-01	6.135286594964135531e-01	6.135286594964135531e-01	2.455609872230599955e-01	5.704086120404090465e-01	6.135286594964135531e-01	6.135286594964135531e-01	6.135286594964135531e-01	5.792545394969069728e-01	6.135286594964135531e-01	4.792355938424899819e-01	5.801779762220039549e-01	5.697460623092910348e-01	6.191728728610510490e-01	6.135286594964135531e-01	6.135286594964135531e-01	6.135286594964135531e-01	5.993194518949790384e-01	5.382176096106070506e-01	6.135286594964135531e-01	5.603476951000320172e-01	5.532258486136889530e-01	6.135286594964135531e-01	5.999671697533519588e-01	6.135286594964135531e-01	6.135286594964135531e-01	6.704905416940819540e-01	6.345096262037630552e-01	6.135286594964135531e-01	6.135286594964135531e-01	6.135286594964135531e-01	5.966335842806860246e-01	6.135286594964135531e-01	6.135286594964135531e-01	5.396324099207769898e-01	5.092757397509809492e-01	6.135286594964135531e-01	6.135286594964135531e-01	6.135286594964135531e-01	6.135286594964135531e-01	6.135286594964135531e-01	5.749304985298829829e-01	6.135286594964135531e-01	6.135286594964135531e-01	5.772068397473859580e-01	6.135286594964135531e-01	6.135286594964135531e-01	5.729490030558009872e-01	5.516245406518249794e-01	6.135286594964135531e-01	5.435794772743069991e-01	6.135286594964135531e-01	6.135286594964135531e-01	2.469026310478779906e-01	6.135286594964135531e-01	6.135286594964135531e-01	5.807216282796670015e-01	6.135286594964135531e-01	6.135286594964135531e-01	6.135286594964135531e-01	5.458398965373519873e-01	6.135286594964135531e-01	5.495317342068839483e-01	6.135286594964135531e-01	6.135286594964135531e-01	6.135286594964135531e-01	5.756974631106209772e-01	5.867154724109889807e-01	6.126547479575950028e-01	5.812816853483869783e-01	6.024373594276399846e-01	5.571199717455119771e-01	6.127008224598099462e-01	6.135286594964135531e-01	6.135286594964135531e-01	5.633899450038609702e-01	5.514850239472900428e-01	5.438880092636060315e-01	6.135286594964135531e-01	6.783424234575390344e-01	6.135286594964135531e-01	6.135286594964135531e-01	6.135286594964135531e-01	6.135286594964135531e-01	5.706426370288649741e-01	5.028545661489319807e-01	6.135286594964135531e-01	5.695902801293739603e-01	6.135286594964135531e-01	5.993850117436180236e-01	6.135286594964135531e-01	6.135286594964135531e-01	6.135286594964135531e-01	6.489517188426400240e-01	6.087219208110089541e-01	6.135286594964135531e-01	6.135286594964135531e-01	6.135286594964135531e-01	6.774016619829940078e-01	6.135286594964135531e-01	5.462990827408970018e-01	5.799559000474819870e-01	7.085844745547820178e-01	6.135286594964135531e-01	5.703033321099549857e-01	6.460213396712169986e-01	6.275768614603780549e-01	6.135286594964135531e-01	6.135286594964135531e-01	5.383537698759900403e-01	6.135286594964135531e-01	5.881089759766710001e-01	5.031537420754690348e-01	5.536306862954679664e-01
6.734904738391089829e-01	6.135286594964135531e-01	5.643613931457619470e-01	6.135286594964135531e-01	6.135286594964135531e-01	6.135286594964135531e-01	7.944672815611270034e-01	1.000000000000000000e+00	6.135286594964135531e-01	7.146462040263269477e-01	7.179320405117299853e-01	6.135286594964135531e-01	6.869340322520329778e-01	2.213411677306159897e-01	6.135286594964135531e-01	6.135286594964135531e-01	6.135286594964135531e-01	6.135286594964135531e-01	6.135286594964135531e-01	6.362384395194790043e-01	4.945021469319509921e-01	6.333524779629829959e-01	5.681085882736709447e-01	6.135286594964135531e-01	7.499493409919619769e-01	6.408088757450569606e-01	6.135286594964135531e-01	6.676500173235320190e-01	5.938217082652490486e-01	6.135286594964135531e-01	6.135286594964135531e-01	6.072505144892239581e-01	6.320764345228819803e-01	6.135286594964135531e-01	6.135286594964135531e-01	6.135286594964135531e-01	6.896774073459509546e-01	6.654444935519030491e-01	6.128935351963550326e-01	6.135286594964135531e-01	6.135286594964135531e-01	6.135286594964135531e-01	6.135286594964135531e-01	6.511604488489529663e-01	5.905989790383819882e-01	6.135286594964135531e-01	5.596394386446470470e-01	6.548076467759299524e-01	6.694553960316530494e-01	5.772936603194009919e-01	6.135286594964135531e-01	6.135286594964135531e-01	6.135286594964135531e-01	6.007387840950330071e-01	6.413742624357070543e-01	6.135286594964135531e-01	6.654444935519030491e-01	6.293039942466740477e-01	6.135286594964135531e-01	6.135286594964135531e-01	6.135286594964135531e-01	6.135286594964135531e-01	6.275382486062119902e-01	6.135286594964135531e-01	6.135286594964135531e-01	5.736309638125739463e-01	6.135286594964135531e-01	6.289341089150970454e-01	7.244896679045219612e-01	6.135286594964135531e-01	6.135286594964135531e-01	6.135286594964135531e-01	5.975234483910629724e-01	7.030354172419890357e-01	6.135286594964135531e-01	6.135286594964135531e-01	6.359209932475899940e-01	6.135286594964135531e-01	6.135286594964135531e-01	6.135286594964135531e-01	6.607525537445859687e-01	6.135286594964135531e-01	6.135286594964135531e-01	6.135286594964135531e-01	6.720186958472940120e-01	6.135286594964135531e-01	6.135286594964135531e-01	5.902558786011919967e-01	1.000000000000000021e-03	6.971436591002260208e-01	6.135286594964135531e-01	6.135286594964135531e-01	6.616023438205690388e-01	6.369434754796949871e-01	6.135286594964135531e-01	6.135286594964135531e-01	6.135286594964135531e-01	6.131911021017519836e-01	6.317481078205430256e-01	6.135286594964135531e-01	7.005453553037479519e-01	6.135286594964135531e-01	6.697941614413910338e-01	6.135286594964135531e-01	6.414795056811980478e-01	6.135286594964135531e-01	5.633437273009459512e-01	6.135286594964135531e-01	6.135286594964135531e-01	6.237230481844050489e-01	5.991965465058169960e-01	6.409753719587959475e-01	7.109572818237339664e-01	5.816116168528340236e-01	6.135286594964135531e-01	6.876811413972999665e-01	6.806604924114919575e-01	6.866476209526669594e-01	7.014511181503939596e-01	6.135286594964135531e-01	5.698824066667319554e-01	6.459904245932930333e-01	5.449524855634869658e-01	6.135286594964135531e-01
6.135286594964135531e-01	4.976936210989639786e-01	6.069641294105390106e-01	6.888386475320319446e-01	8.206057455690159985e-01	6.599805543437590183e-01	7.029441030180380023e-01	6.135286594964135531e-01	1.000000000000000000e+00	6.135286594964135531e-01	8.157227168713669929e-01	4.990121313599990005e-01	7.692402767730710522e-01	2.312169648730159899e-01	6.135286594964135531e-01	6.135286594964135531e-01	7.418769762307629856e-01	6.135286594964135531e-01	6.135286594964135531e-01	6.825383810197880319e-01	6.135286594964135531e-01	6.135286594964135531e-01	6.135286594964135531e-01	7.293549148720489539e-01	6.135286594964135531e-01	6.135286594964135531e-01	7.556413531244150494e-01	7.463077497562590201e-01	6.135286594964135531e-01	6.135286594964135531e-01	6.833507821032429597e-01	6.135286594964135531e-01	6.135286594964135531e-01	6.135286594964135531e-01	6.135286594964135531e-01	6.135286594964135531e-01	7.436491706257980505e-01	7.720695153620580342e-01	7.195092915572399717e-01	6.135286594964135531e-01	6.135286594964135531e-01	6.292179549945500217e-01	7.603310451720139973e-01	6.135286594964135531e-01	6.892908855766040066e-01	4.948065017204130167e-01	6.335603489145630318e-01	6.135286594964135531e-01	6.135286594964135531e-01	6.243715286264690523e-01	7.266076874068020386e-01	7.033334724887729816e-01	7.133038983235050479e-01	6.135286594964135531e-01	6.135286594964135531e-01	6.887680121448980231e-01	6.135286594964135531e-01	7.382998192657019842e-01	6.525999299322859937e-01	6.135286594964135531e-01	6.135286594964135531e-01	5.333605855455609834e-01	6.655536864869769920e-01	2.637443484233010227e-01	7.794732648240210171e-01	5.036011182959110322e-01	7.057321174503790040e-01	6.661135815633389967e-01	6.135286594964135531e-01	6.434252248602260194e-01	6.945652428341350104e-01	7.005740916963709708e-01	6.135286594964135531e-01	6.778741966700649879e-01	3.582029186121519770e-01	5.664835659197640094e-01	6.930758389994889912e-01	6.135286594964135531e-01	6.711647033823600061e-01	7.120565997929589885e-01	7.624965023495110517e-01	6.135286594964135531e-01	6.519934451846469692e-01	6.135286594964135531e-01	6.906729905522870361e-01	6.135286594964135531e-01	7.124315342793410277e-01	6.135286594964135531e-01	1.000000000000000021e-03	6.489384092420970029e-01	6.135286594964135531e-01	6.135286594964135531e-01	7.823722315991810117e-01	6.551166059554900389e-01	6.135286594964135531e-01	6.135286594964135531e-01	6.135286594964135531e-01	6.135286594964135531e-01	6.135286594964135531e-01	7.725341435520109989e-01	7.834641301976169592e-01	4.843640539544880053e-01	7.004830971633300152e-01	6.135286594964135531e-01	7.523886494130319624e-01	7.108503592605239785e-01	6.135286594964135531e-01	6.135286594964135531e-01	6.464366283619750186e-01	6.331446752137970257e-01	6.135286594964135531e-01	6.135286594964135531e-01	6.401433232591270395e-01	6.135286594964135531e-01	5.698044916105490243e-01	6.945082641636179943e-01	7.005118310021219985e-01	7.608458240612839818e-01	6.135286594964135531e-01	7.051196388570950546e-01	6.135286594964135531e-01	6.877140516623190258e-01	6.135286594964135531e-01	7.145973486819310327e-01
5.562142219463079851e-01	6.229261705202769894e-01	6.814054368916030446e-01	6.135286594964135531e-01	6.724644885248729498e-01	6.135286594964135531e-01	6.752654792890639968e-01	7.146462040263269477e-01	6.135286594964135531e-01	1.000000000000000000e+00	6.593581950065140473e-01	6.135286594964135531e-01	6.135286594964135531e-01	6.135286594964135531e-01	6.135286594964135531e-01	6.295449667475859767e-01	6.135286594964135531e-01	4.582616847546540084e-01	6.135286594964135531e-01	5.303136916891929564e-01	6.135286594964135531e-01	6.135286594964135531e-01	6.975727351157889888e-01	6.989427754672049575e-01	6.890929949104289687e-01	5.453028031000100029e-01	6.135286594964135531e-01	6.484904786157339451e-01	4.654161566644179904e-01	6.285171735598209519e-01	6.135286594964135531e-01	4.712271601151880041e-01	4.629979047727900143e-01	6.135286594964135531e-01	6.135286594964135531e-01	4.100076554301270160e-01	5.943009438929549582e-01	6.350216984550239863e-01	6.135286594964135531e-01	6.135286594964135531e-01	6.135286594964135531e-01	6.135286594964135531e-01	6.135286594964135531e-01	4.855509763837669857e-01	6.135286594964135531e-01	6.135286594964135531e-01	7.291056445775649930e-01	4.982246939664080054e-01	6.135286594964135531e-01	7.067798673624650085e-01	4.816135219033729764e-01	6.135286594964135531e-01	6.943658379363150113e-01	6.135286594964135531e-01	6.135286594964135531e-01	6.691899969761040401e-01	6.135286594964135531e-01	5.108099852455330048e-01	4.543156280299630034e-01	5.231549425800939845e-01	4.685512278351799953e-01	6.436540029649490124e-01	6.135286594964135531e-01	3.552495846063309926e-01	6.135286594964135531e-01	6.737207301400910398e-01	5.937689347581279753e-01	6.904747030932919527e-01	6.135286594964135531e-01	4.762178256023690270e-01	6.135286594964135531e-01	5.036252190677209528e-01	4.541603574092010209e-01	6.135286594964135531e-01	6.135286594964135531e-01	6.548345070063029683e-01	6.135286594964135531e-01	6.135286594964135531e-01	6.135286594964135531e-01	6.135286594964135531e-01	6.135286594964135531e-01	4.837948330112070150e-01	6.135286594964135531e-01	6.717568730680320011e-01	5.074060365885649793e-01	4.839304586456910084e-01	6.135286594964135531e-01	6.135286594964135531e-01	1.000000000000000021e-03	6.135286594964135531e-01	6.135286594964135531e-01	6.474317550432220347e-01	6.135286594964135531e-01	6.135286594964135531e-01	6.135286594964135531e-01	4.396971544829609835e-01	6.135286594964135531e-01	4.750504702182100081e-01	5.004436042519160299e-01	5.525077073744150136e-01	5.918560236359799998e-01	5.806541401303709771e-01	4.909080863021190178e-01	6.426471086794529608e-01	5.110160647557200342e-01	6.135286594964135531e-01	5.847413293395089529e-01	4.566292148362099956e-01	6.414619639410960028e-01	6.135286594964135531e-01	4.318531572346370195e-01	6.416900439831779712e-01	6.135286594964135531e-01	6.135286594964135531e-01	6.547315487729039596e-01	5.409806545234140396e-01	5.371222223537650553e-01	5.522056110762399994e-01	6.135286594964135531e-01	4.813468978772780238e-01	6.135286594964135531e-01	6.135286594964135531e-01	4.098086885684150138e-01	6.135286594964135531e-01
8.252020191593339993e-01	6.135286594964135531e-01	5.720761811143250108e-01	6.135286594964135531e-01	8.297956717116830028e-01	6.135286594964135531e-01	6.135286594964135531e-01	7.179320405117299853e-01	8.157227168713669929e-01	6.593581950065140473e-01	1.000000000000000000e+00	6.135286594964135531e-01	6.135286594964135531e-01	6.135286594964135531e-01	6.135286594964135531e-01	6.135286594964135531e-01	6.135286594964135531e-01	6.135286594964135531e-01	6.135286594964135531e-01	7.575344641651190480e-01	4.676711574148180173e-01	6.135286594964135531e-01	6.135286594964135531e-01	6.962482182533630271e-01	6.135286594964135531e-01	6.135286594964135531e-01	6.135286594964135531e-01	6.135286594964135531e-01	7.380172183979819556e-01	7.473135517606059874e-01	6.135286594964135531e-01	6.135286594964135531e-01	6.135286594964135531e-01	6.135286594964135531e-01	6.135286594964135531e-01	6.135286594964135531e-01	6.135286594964135531e-01	7.614754715938000240e-01	6.135286594964135531e-01	7.975474097966830378e-01	7.656410934156410164e-01	6.135286594964135531e-01	6.135286594964135531e-01	7.532532923049849449e-01	7.619701880937469474e-01	4.512974037490540269e-01	6.135286594964135531e-01	6.135286594964135531e-01	7.956794076695410389e-01	6.135286594964135531e-01	7.764523223850550160e-01	6.135286594964135531e-01	7.382442998418470292e-01	7.806038093648040022e-01	7.234502849044299744e-01	6.135286594964135531e-01	6.135286594964135531e-01	6.135286594964135531e-01	7.225951515838370254e-01	8.151262266444939675e-01	7.542168908058599630e-01	6.135286594964135531e-01	7.283633241955219662e-01	6.135286594964135531e-01	7.557808470824990410e-01	4.471605693963520145e-01	6.988615483317189847e-01	6.484417127664019453e-01	7.495187922226750343e-01	6.135286594964135531e-01	6.135286594964135531e-01	7.777858346646260301e-01	7.711569130973600084e-01	7.108552190281649530e-01	6.135286594964135531e-01	6.135286594964135531e-01	6.135286594964135531e-01	7.710251233925580205e-01	6.135286594964135531e-01	6.135286594964135531e-01	8.081790599785210194e-01	8.024916946360639569e-01	7.386279738307159892e-01	4.988449952550679800e-01	6.135286594964135531e-01	8.068982430904340086e-01	6.135286594964135531e-01	6.901018880539150357e-01	1.000000000000000021e-03	6.218666675937329913e-01	6.135286594964135531e-01	6.135286594964135531e-01	6.135286594964135531e-01	7.271493441369359934e-01	8.093678389128280415e-01	7.603726305276630182e-01	6.135286594964135531e-01	7.930346849535480080e-01	6.135286594964135531e-01	8.271789152835710146e-01	8.537980288355699887e-01	4.371225645817209959e-01	7.535777895023040296e-01	6.448520146871690173e-01	6.135286594964135531e-01	7.662485164745229671e-01	4.655625439678059974e-01	5.911483546117149990e-01	6.135286594964135531e-01	6.791637594733219707e-01	7.317572527001769966e-01	7.068040273902990167e-01	6.214416717653240552e-01	6.135286594964135531e-01	6.135286594964135531e-01	7.680211707775329577e-01	7.390371090407640287e-01	8.319428102788719581e-01	8.201402395846979498e-01	6.135286594964135531e-01	5.254561438942340068e-01	7.460475851270079728e-01	6.135286594964135531e-01	6.135286594964135531e-01
6.135286594964135531e-01	6.135286594964135531e-01	6.954204840622609796e-01	6.135286594964135531e-01	4.832989654974639837e-01	6.135286594964135531e-01	6.135286594964135531e-01	6.135286594964135531e-01	4.990121313599990005e-01	6.135286594964135531e-01	6.135286594964135531e-01	1.000000000000000000e+00	6.135286594964135531e-01	4.914352782448490053e-01	2.771859772499570274e-01	6.135286594964135531e-01	4.448523775340330055e-01	6.135286594964135531e-01	6.135286594964135531e-01	2.794903367989099996e-01	6.135286594964135531e-01	6.135286594964135531e-01	6.069724285263230490e-01	6.137614928833760031e-01	6.135286594964135531e-01	3.082679588546199945e-01	6.135286594964135531e-01	6.135286594964135531e-01	6.135286594964135531e-01	6.135286594964135531e-01	6.135286594964135531e-01	6.135286594964135531e-01	6.135286594964135531e-01	5.575086016032230196e-01	2.821087819336060010e-01	1.955508533944050054e-01	3.821765261336910191e-01	6.135286594964135531e-01	6.135286594964135531e-01	4.678374439029650000e-01	2.519274909045010058e-01	6.135286594964135531e-01	6.135286594964135531e-01	2.438445800412779862e-01	6.135286594964135531e-01	6.135286594964135531e-01	6.135286594964135531e-01	6.135286594964135531e-01	6.135286594964135531e-01	7.198094099655959477e-01	6.135286594964135531e-01	3.269781888533769831e-01	6.135286594964135531e-01	6.135286594964135531e-01	6.135286594964135531e-01	6.135286594964135531e-01	6.135286594964135531e-01	2.814326388838779835e-01	6.135286594964135531e-01	2.989511583770799730e-01	6.135286594964135531e-01	6.135286594964135531e-01	6.135286594964135531e-01	6.135286594964135531e-01	5.553023519531630203e-01	6.135286594964135531e-01	4.556375734340579742e-01	6.135286594964135531e-01	6.135286594964135531e-01	6.135286594964135531e-01	6.135286594964135531e-01	2.594043378309749959e-01	6.135286594964135531e-01	2.960002806936870012e-01	5.843656754077249937e-01	6.135286594964135531e-01	6.135286594964135531e-01	3.233635614054760077e-01	6.117507139498550295e-01	6.135286594964135531e-01	6.135286594964135531e-01	6.135286594964135531e-01	6.135286594964135531e-01	8.532495254711099930e-01	6.135286594964135531e-01	6.135286594964135531e-01	2.648248072783089824e-01	2.457692448830159915e-01	6.135286594964135531e-01	5.801819426406989999e-01	6.282680040628719764e-01	6.919254037653429501e-01	3.741187060063950187e-01	2.560758746403650199e-01	2.737060631380879849e-01	2.293748969335620003e-01	6.135286594964135531e-01	2.576510512291569910e-01	2.737191618527869963e-01	3.709884927614189865e-01	3.447508204432440104e-01	6.135286594964135531e-01	2.708932329422980012e-01	6.135286594964135531e-01	6.135286594964135531e-01	3.057953130903169892e-01	6.477726612192410416e-01	3.272062788401899902e-01	6.135286594964135531e-01	6.135286594964135531e-01	6.135286594964135531e-01	3.937773318313150250e-01	6.135286594964135531e-01	6.135286594964135531e-01	6.135286594964135531e-01	6.135286594964135531e-01	2.927621261313340106e-01	6.135286594964135531e-01	6.135286594964135531e-01	6.135286594964135531e-01	5.939841177083560186e-01	2.582117983330030064e-01	6.135286594964135531e-01	6.135286594964135531e-01
