1.000000000000000000e+00	8.121411350725610268e-01	7.129314110581740360e-01	8.121411350725610268e-01	8.121411350725610268e-01	8.121411350725610268e-01	8.121411350725610268e-01	8.471002149769489842e-01	8.912093790823839567e-01	7.817258591054480066e-01	8.121411350725610268e-01	6.267540648415620419e-01	8.121411350725610268e-01	4.199623450072699771e-01	9.211983569214829970e-01	8.121411350725610268e-01	8.121411350725610268e-01	8.121411350725610268e-01	9.270091101042320370e-01	8.121411350725610268e-01	8.121411350725610268e-01	8.121411350725610268e-01	7.500952021834760286e-01	8.121411350725610268e-01	8.121411350725610268e-01	8.121411350725610268e-01	8.121411350725610268e-01	8.121411350725610268e-01	9.353791942996559916e-01	8.440352745310819582e-01	8.121411350725610268e-01	9.460893363214829543e-01	9.309228863123849562e-01	8.121411350725610268e-01	8.121411350725610268e-01	8.121411350725610268e-01	8.121411350725610268e-01	8.121411350725610268e-01	8.121411350725610268e-01	8.891451474881040262e-01	8.121411350725610268e-01	7.204863411009849727e-01	8.909152915045830401e-01	8.121411350725610268e-01	9.215870733177939922e-01	8.121411350725610268e-01	7.048971310846160465e-01	8.121411350725610268e-01	8.121411350725610268e-01	7.419209905609740474e-01	9.343328369095059704e-01	8.121411350725610268e-01	8.429072283123260068e-01	8.121411350725610268e-01	9.283029899183600220e-01	7.627467522978099712e-01	9.350973674746499986e-01	9.483020982489860362e-01	8.121411350725610268e-01	8.121411350725610268e-01	8.121411350725610268e-01	6.615998683860510043e-01	9.287933250409600161e-01	4.586178369365039864e-01	8.457762928103980116e-01	6.597227807742529482e-01	8.133377081373539541e-01	7.674500899938979659e-01	8.121411350725610268e-01	8.121411350725610268e-01	9.373651224183600084e-01	9.396599508080499819e-01	9.249920278202260482e-01	8.121411350725610268e-01	8.121411350725610268e-01	8.121411350725610268e-01	9.264053851062790113e-01	9.169385455860580292e-01	7.674038383571279986e-01	8.121411350725610268e-01	8.121411350725610268e-01	9.523713675590970151e-01	8.121411350725610268e-01	6.549480594676829748e-01	9.394388429253890394e-01	9.453429490393150392e-01	9.490835069363849907e-01	8.121411350725610268e-01	1.000000000000000021e-03	7.735909407795390491e-01	6.969333905336430046e-01	8.121411350725610268e-01	8.121411350725610268e-01	9.153872471148469803e-01	9.380702117223029823e-01	8.121411350725610268e-01	8.121411350725610268e-01	8.121411350725610268e-01	8.121411350725610268e-01	8.121411350725610268e-01	8.121411350725610268e-01	8.121411350725610268e-01	8.121411350725610268e-01	8.121411350725610268e-01	8.121411350725610268e-01	8.121411350725610268e-01	8.121411350725610268e-01	7.870768793974810551e-01	8.121411350725610268e-01	8.121411350725610268e-01	8.121411350725610268e-01	8.121411350725610268e-01	7.905450604771729894e-01	8.121411350725610268e-01	6.731952989304510471e-01	9.455518781033970255e-01	9.195052572177659922e-01	9.467901190752869844e-01	9.406798772800429864e-01	8.121411350725610268e-01	7.064829234281500003e-01	9.195712323945519628e-01	8.121411350725610268e-01	8.121411350725610268e-01
8.121411350725610268e-01	1.000000000000000000e+00	8.121411350725610268e-01	6.904908755223060357e-01	7.601527980063740308e-01	7.624009644313169964e-01	7.852177838477539806e-01	7.800853440636840164e-01	7.460825435716980092e-01	8.197963252663460487e-01	7.518366166414409690e-01	7.936594434260489939e-01	8.121411350725610268e-01	6.539507240026539714e-01	8.121411350725610268e-01	7.106720556092429586e-01	7.536037015131079597e-01	8.121411350725610268e-01	6.301412145574210033e-01	6.427070604347649985e-01	7.214609064705890251e-01	8.121411350725610268e-01	8.121411350725610268e-01	8.121411350725610268e-01	7.032059097555449778e-01	8.121411350725610268e-01	8.121411350725610268e-01	7.255451753450270491e-01	8.121411350725610268e-01	7.137277731054060270e-01	6.789559771089550555e-01	5.932768423731129559e-01	8.121411350725610268e-01	7.655999998413729468e-01	6.608844294140370224e-01	5.566183945353799789e-01	7.430141047204049665e-01	8.121411350725610268e-01	6.095224353524030247e-01	8.121411350725610268e-01	8.121411350725610268e-01	8.121411350725610268e-01	7.053403079714050117e-01	8.121411350725610268e-01	6.054184979038680359e-01	7.932814279442580441e-01	7.966054654070200414e-01	8.121411350725610268e-01	8.121411350725610268e-01	8.144729302523869841e-01	8.121411350725610268e-01	6.364113877989719947e-01	8.121411350725610268e-01	8.121411350725610268e-01	6.077861243095780130e-01	7.831068272919150530e-01	8.121411350725610268e-01	8.121411350725610268e-01	6.115532317022179809e-01	6.163794294060369605e-01	8.121411350725610268e-01	7.761772879848890527e-01	8.121411350725610268e-01	6.896907496396560422e-01	8.121411350725610268e-01	8.519495306946830437e-01	8.121411350725610268e-01	7.888452858720980121e-01	6.675562957250229523e-01	6.342015712378390457e-01	6.057504526227830421e-01	8.121411350725610268e-01	8.121411350725610268e-01	8.121411350725610268e-01	8.121411350725610268e-01	7.736175830269480524e-01	8.121411350725610268e-01	8.121411350725610268e-01	8.121411350725610268e-01	6.296404705068829877e-01	6.375008857990259736e-01	8.121411350725610268e-01	6.384731337361549963e-01	8.241321145782789515e-01	6.385720894321039731e-01	5.982506160020889530e-01	5.988827819331680180e-01	8.121411350725610268e-01	8.121411350725610268e-01	8.298115145744220378e-01	8.121411350725610268e-01	7.565247852868349776e-01	7.068155205467600011e-01	8.121411350725610268e-01	8.121411350725610268e-01	8.121411350725610268e-01	8.121411350725610268e-01	8.121411350725610268e-01	6.096973889084570386e-01	6.534666912904559810e-01	7.007762289728870497e-01	8.013634815890170460e-01	6.315787681935129960e-01	8.121411350725610268e-01	8.121411350725610268e-01	7.096468887669740155e-01	8.121411350725610268e-01	8.121411350725610268e-01	8.121411350725610268e-01	5.833977503429730316e-01	8.121411350725610268e-01	8.121411350725610268e-01	7.939897850612960273e-01	8.121411350725610268e-01	8.121411350725610268e-01	6.857099100712350515e-01	8.121411350725610268e-01	8.121411350725610268e-01	7.019739010915839739e-01	8.121411350725610268e-01	8.432774290832499853e-01	8.121411350725610268e-01	5.547158909061840060e-01	8.121411350725610268e-01
7.129314110581740360e-01	8.121411350725610268e-01	1.000000000000000000e+00	7.441237783398619854e-01	8.121411350725610268e-01	7.797921180236220273e-01	8.049107853332609919e-01	7.865123687585170442e-01	8.121411350725610268e-01	8.121411350725610268e-01	7.910080324412229746e-01	8.585718335758739661e-01	8.121411350725610268e-01	6.980984491207540277e-01	8.121411350725610268e-01	8.121411350725610268e-01	8.121411350725610268e-01	7.658988794926610000e-01	6.923541618900159733e-01	6.402493348411809615e-01	7.763711109172199976e-01	8.121411350725610268e-01	8.121411350725610268e-01	8.121411350725610268e-01	7.782896675993939972e-01	8.121411350725610268e-01	8.121411350725610268e-01	7.695365098751879573e-01	6.227181559729479954e-01	7.564422853086669729e-01	8.121411350725610268e-01	8.121411350725610268e-01	8.121411350725610268e-01	8.121411350725610268e-01	6.522899999758700051e-01	8.121411350725610268e-01	8.121411350725610268e-01	7.583942980258230326e-01	8.121411350725610268e-01	7.848054984682230062e-01	6.347296233795559628e-01	8.121411350725610268e-01	8.121411350725610268e-01	6.182786784530189816e-01	8.121411350725610268e-01	8.662195710987149466e-01	8.121411350725610268e-01	8.121411350725610268e-01	8.121411350725610268e-01	8.754667304362430125e-01	8.121411350725610268e-01	6.925409656011489723e-01	7.808155303193190511e-01	8.121411350725610268e-01	6.079309185733400289e-01	8.719462426859490023e-01	8.121411350725610268e-01	8.121411350725610268e-01	8.121411350725610268e-01	8.121411350725610268e-01	8.121411350725610268e-01	8.665701661127109823e-01	8.121411350725610268e-01	8.121411350725610268e-01	8.220274148284150151e-01	8.234228603976070371e-01	8.121411350725610268e-01	8.484213396959779940e-01	6.598856294702950542e-01	8.121411350725610268e-01	8.121411350725610268e-01	6.353857480926129453e-01	6.200947919485100268e-01	8.121411350725610268e-01	8.121411350725610268e-01	8.121411350725610268e-01	6.237967436133660115e-01	8.121411350725610268e-01	8.121411350725610268e-01	6.722203350342179640e-01	8.121411350725610268e-01	6.331758585221339830e-01	8.121411350725610268e-01	8.998396727171880105e-01	8.121411350725610268e-01	6.386820581932639573e-01	6.517772669451209477e-01	6.103206312739779538e-01	8.121411350725610268e-01	8.217420062485329968e-01	8.185244723682170154e-01	8.549058021556700249e-01	8.121411350725610268e-01	6.309790875771850160e-01	8.121411350725610268e-01	8.121411350725610268e-01	7.641336658044739494e-01	8.121411350725610268e-01	8.121411350725610268e-01	8.121411350725610268e-01	8.121411350725610268e-01	8.121411350725610268e-01	6.390340855068330495e-01	8.121411350725610268e-01	6.791645043679580551e-01	8.121411350725610268e-01	8.002580149059560499e-01	8.121411350725610268e-01	7.723287068550229728e-01	5.906571402448279606e-01	8.121411350725610268e-01	7.212621620396869604e-01	8.121411350725610268e-01	8.121411350725610268e-01	8.121411350725610268e-01	6.686991119333109967e-01	8.121411350725610268e-01	8.121411350725610268e-01	8.121411350725610268e-01	6.266317625899400223e-01	8.174774417822410211e-01	6.204971179771230361e-01	8.121411350725610268e-01	6.517174120047739549e-01
8.121411350725610268e-01	6.904908755223060357e-01	7.441237783398619854e-01	1.000000000000000000e+00	8.485698820121070352e-01	8.121411350725610268e-01	7.913758797874550499e-01	8.143864481820199952e-01	8.121411350725610268e-01	8.121411350725610268e-01	8.121411350725610268e-01	8.121411350725610268e-01	8.634595606509299914e-01	8.121411350725610268e-01	8.308958039344569446e-01	8.305882462068280292e-01	8.121411350725610268e-01	8.121411350725610268e-01	8.119640143041260139e-01	8.121411350725610268e-01	7.196535224716680279e-01	8.121667737105600082e-01	8.121411350725610268e-01	8.126400759163879828e-01	8.121411350725610268e-01	8.121411350725610268e-01	8.462011797459899620e-01	8.032884680479199790e-01	8.121411350725610268e-01	8.121411350725610268e-01	8.249579823827839498e-01	7.995624228661529775e-01	7.839185804050590178e-01	8.121411350725610268e-01	8.246029235104700428e-01	7.854386595965170415e-01	8.121411350725610268e-01	8.121411350725610268e-01	8.121411350725610268e-01	8.270464495243240455e-01	8.057913899119549805e-01	8.121411350725610268e-01	8.190273352386669981e-01	7.906902774054089811e-01	8.121411350725610268e-01	8.121411350725610268e-01	8.121411350725610268e-01	8.121411350725610268e-01	8.121411350725610268e-01	7.956526906399500332e-01	8.202693654673399726e-01	8.087638760827320361e-01	7.996174972099320266e-01	7.973282319930730111e-01	8.121411350725610268e-01	8.121411350725610268e-01	8.121411350725610268e-01	8.111232199501610118e-01	7.862731384930670142e-01	8.121411350725610268e-01	7.927647945873239621e-01	7.156003654096589894e-01	8.121411350725610268e-01	5.039572665442859645e-01	8.121411350725610268e-01	8.121411350725610268e-01	8.121411350725610268e-01	8.006232706093849849e-01	8.138584056561789515e-01	8.121411350725610268e-01	8.167668824493380386e-01	8.112396214981569820e-01	8.121411350725610268e-01	8.121411350725610268e-01	6.099826708502019690e-01	7.143630429684769689e-01	7.989889572924100403e-01	8.121411350725610268e-01	7.496260564309510377e-01	8.159937085610280416e-01	8.156027146725890464e-01	8.121411350725610268e-01	8.121411350725610268e-01	7.179351385724099810e-01	7.970239497159119502e-01	8.177167790196739894e-01	8.121411350725610268e-01	8.121411350725610268e-01	8.121411350725610268e-01	7.630664172109300480e-01	7.690971412382759942e-01	8.121411350725610268e-01	8.283172807979249930e-01	7.874587180963279476e-01	8.121411350725610268e-01	8.121411350725610268e-01	8.148072581132990155e-01	8.141177111786159770e-01	8.133913969543390410e-01	8.121411350725610268e-01	8.560179680235889821e-01	7.006254069909549909e-01	7.948972227237780519e-01	7.798637355833919482e-01	8.310221978658589581e-01	8.121411350725610268e-01	8.121411350725610268e-01	7.473190406179109901e-01	7.760547812113589572e-01	8.121411350725610268e-01	7.773855713340990237e-01	8.121411350725610268e-01	8.121411350725610268e-01	7.180464099282900525e-01	8.121411350725610268e-01	8.231960279991860086e-01	8.121411350725610268e-01	8.200316345413229957e-01	8.628377902147950085e-01	8.121411350725610268e-01	7.655340862096819965e-01	7.847536964957230188e-01	8.121411350725610268e-01	8.079611765818890401e-01
8.121411350725610268e-01	7.601527980063740308e-01	8.121411350725610268e-01	8.485698820121070352e-01	1.000000000000000000e+00	8.121411350725610268e-01	8.902788604675959672e-01	8.748312923143829467e-01	8.121411350725610268e-01	8.465582497197630119e-01	8.121411350725610268e-01	8.121411350725610268e-01	8.874498313138540206e-01	8.121411350725610268e-01	8.121411350725610268e-01	9.077325547837850062e-01	8.121411350725610268e-01	6.360370748843180433e-01	8.121411350725610268e-01	8.121411350725610268e-01	7.310128700564729742e-01	8.121411350725610268e-01	8.359306003286499642e-01	8.525977107399760335e-01	9.031228065956989903e-01	8.918336777396409509e-01	8.984874735413379554e-01	8.121411350725610268e-01	8.121411350725610268e-01	8.121411350725610268e-01	8.090679964030680349e-01	8.556790093698140032e-01	8.290711991406369830e-01	8.121411350725610268e-01	8.121411350725610268e-01	8.229054903059529469e-01	8.935245466379140300e-01	8.121411350725610268e-01	8.121411350725610268e-01	9.061422177906820474e-01	8.121411350725610268e-01	7.896969822097610336e-01	8.121411350725610268e-01	8.410128003143010345e-01	8.121411350725610268e-01	8.121411350725610268e-01	8.121411350725610268e-01	8.574415847518119804e-01	8.121411350725610268e-01	8.121411350725610268e-01	8.121411350725610268e-01	8.121411350725610268e-01	8.121411350725610268e-01	8.497737897759259917e-01	8.121411350725610268e-01	8.303213116718070053e-01	8.121411350725610268e-01	8.121411350725610268e-01	8.121411350725610268e-01	8.121411350725610268e-01	8.393321713436150411e-01	8.121411350725610268e-01	8.121411350725610268e-01	5.530388775646010169e-01	8.121411350725610268e-01	7.454960848435719933e-01	8.121411350725610268e-01	8.391033644894639876e-01	8.121411350725610268e-01	8.121411350725610268e-01	8.523359334201809911e-01	8.121411350725610268e-01	8.497079450450489846e-01	8.353550243456879798e-01	6.639718426841459964e-01	7.931243540051889918e-01	8.121411350725610268e-01	8.805138107302580286e-01	8.121411350725610268e-01	8.563128238200320430e-01	8.121411350725610268e-01	8.121411350725610268e-01	8.459947794390220155e-01	8.121411350725610268e-01	8.121411350725610268e-01	8.121411350725610268e-01	8.121411350725610268e-01	8.121411350725610268e-01	8.121411350725610268e-01	8.121411350725610268e-01	7.958194010222120474e-01	7.813109225686269976e-01	8.967640498850170117e-01	8.121411350725610268e-01	8.121411350725610268e-01	8.121411350725610268e-01	8.121411350725610268e-01	8.698966696481189587e-01	8.121411350725610268e-01	8.807185223187530276e-01	8.121411350725610268e-01	7.481645503081240101e-01	8.121411350725610268e-01	8.572078411657529928e-01	8.121411350725610268e-01	8.121411350725610268e-01	7.448822957377020382e-01	7.642477106973459833e-01	8.121411350725610268e-01	8.108578868690089481e-01	8.121411350725610268e-01	8.121411350725610268e-01	8.121411350725610268e-01	7.688080455503949473e-01	8.121411350725610268e-01	8.637272331923450119e-01	8.121411350725610268e-01	9.187692953431400023e-01	8.121411350725610268e-01	8.559491829478249603e-01	8.121411350725610268e-01	8.395176710981659962e-01	8.121411350725610268e-01	8.121411350725610268e-01
8.121411350725610268e-01	7.624009644313169964e-01	7.797921180236220273e-01	8.121411350725610268e-01	8.121411350725610268e-01	1.000000000000000000e+00	7.782360622282480378e-01	7.868713506408050451e-01	8.399249506709529633e-01	8.218646490311569686e-01	8.443793139424660144e-01	8.121411350725610268e-01	8.257301709449680338e-01	5.823388751017459786e-01	8.121411350725610268e-01	8.300830497589509749e-01	8.258107475595419800e-01	8.121411350725610268e-01	7.767165475735759994e-01	7.734155688855790522e-01	7.036621594203430474e-01	8.121411350725610268e-01	8.121411350725610268e-01	8.273004597031899943e-01	8.082765934506990213e-01	7.903136761205169503e-01	8.121411350725610268e-01	8.121411350725610268e-01	7.581114011471770109e-01	8.121411350725610268e-01	8.034014395508880524e-01	7.593896274625370202e-01	7.553055709963439890e-01	8.121411350725610268e-01	7.813221341732340397e-01	7.182648816334049613e-01	8.245011681526289715e-01	8.023760566265240035e-01	8.121411350725610268e-01	8.281532695737739980e-01	8.121411350725610268e-01	8.121411350725610268e-01	7.989132905723570488e-01	8.121411350725610268e-01	7.561991798100979878e-01	7.351870816212120463e-01	8.121411350725610268e-01	7.654264394816140404e-01	8.666074718044769476e-01	8.121411350725610268e-01	7.787745171492299612e-01	7.918597912591780474e-01	8.191566255912330341e-01	8.121411350725610268e-01	8.121411350725610268e-01	8.121411350725610268e-01	7.563706478897550545e-01	7.804234742387079482e-01	7.369023448903080364e-01	7.684683315629480260e-01	8.121411350725610268e-01	7.798928320958380400e-01	8.121411350725610268e-01	5.780512181500040425e-01	8.174328670960130383e-01	8.121411350725610268e-01	7.671153791643450237e-01	8.312678863481030023e-01	7.675866587101080052e-01	7.384075423082480105e-01	8.121411350725610268e-01	7.663078302863429725e-01	8.121411350725610268e-01	7.649191658986700393e-01	8.121411350725610268e-01	8.121411350725610268e-01	8.121411350725610268e-01	7.770554476230699947e-01	7.879515410307970091e-01	8.121411350725610268e-01	8.121411350725610268e-01	8.121411350725610268e-01	8.121411350725610268e-01	8.121411350725610268e-01	7.654989345931629829e-01	7.700004374205550173e-01	8.121411350725610268e-01	8.121411350725610268e-01	1.000000000000000021e-03	8.121411350725610268e-01	7.424513654427690179e-01	7.719386966915650072e-01	8.179280171257019560e-01	7.547031986805510240e-01	7.683470415209470161e-01	7.501361049409069892e-01	8.121411350725610268e-01	7.694547992275709847e-01	8.121411350725610268e-01	7.916393817466790273e-01	8.121411350725610268e-01	8.121411350725610268e-01	7.632679187003089671e-01	7.954928641690269808e-01	7.932745979957529503e-01	7.939692770960350421e-01	8.121411350725610268e-01	7.432636369190369630e-01	8.121411350725610268e-01	7.271148134874400037e-01	8.121411350725610268e-01	8.089286904618450125e-01	8.121411350725610268e-01	8.121411350725610268e-01	8.121411350725610268e-01	8.121411350725610268e-01	8.121411350725610268e-01	8.121411350725610268e-01	8.121411350725610268e-01	8.121411350725610268e-01	7.891441809667280038e-01	8.121411350725610268e-01	7.247106688703569555e-01	7.773811092681770507e-01
8.121411350725610268e-01	7.852177838477539806e-01	8.049107853332609919e-01	7.913758797874550499e-01	8.902788604675959672e-01	7.782360622282480378e-01	1.000000000000000000e+00	8.121411350725610268e-01	8.121411350725610268e-01	8.121411350725610268e-01	8.509110253792729894e-01	7.373741086100540354e-01	8.291092699876909666e-01	5.546171960732000361e-01	7.900392785762320180e-01	8.121411350725610268e-01	8.287619383049179556e-01	8.121411350725610268e-01	8.121411350725610268e-01	8.121411350725610268e-01	7.343393777300869507e-01	8.121411350725610268e-01	7.896539223118379525e-01	8.121411350725610268e-01	8.656852488863500117e-01	8.121411350725610268e-01	8.121411350725610268e-01	8.121411350725610268e-01	8.121411350725610268e-01	8.080956775436219930e-01	8.121411350725610268e-01	8.121411350725610268e-01	8.121411350725610268e-01	8.069739760182369492e-01	8.291045110362059711e-01	7.276909890646739987e-01	8.121411350725610268e-01	8.261615844392350416e-01	8.121411350725610268e-01	8.121411350725610268e-01	8.121411350725610268e-01	8.121411350725610268e-01	8.121411350725610268e-01	8.038627125182999933e-01	7.718567309758159745e-01	7.533225916268010414e-01	7.956389899700000434e-01	8.121411350725610268e-01	8.121411350725610268e-01	7.978455495149170407e-01	8.121411350725610268e-01	8.121411350725610268e-01	8.121411350725610268e-01	8.121411350725610268e-01	7.939783916818660137e-01	8.121411350725610268e-01	8.121411350725610268e-01	7.915144345368609891e-01	8.121411350725610268e-01	8.121411350725610268e-01	8.121411350725610268e-01	7.491550540818849857e-01	8.121411350725610268e-01	8.121411350725610268e-01	8.121411350725610268e-01	8.088358331600640216e-01	7.960044219176859448e-01	8.121411350725610268e-01	8.121411350725610268e-01	8.023576347562659805e-01	8.121411350725610268e-01	8.121411350725610268e-01	7.777694048322629783e-01	8.219189007156509907e-01	8.121411350725610268e-01	7.740106627723629673e-01	7.931061445461360382e-01	7.994431081340529488e-01	8.121411350725610268e-01	8.121411350725610268e-01	8.083670665924189702e-01	8.121411350725610268e-01	8.121411350725610268e-01	8.121411350725610268e-01	8.072102380998910087e-01	8.121411350725610268e-01	7.789287491816180298e-01	7.744061647294570028e-01	1.000000000000000021e-03	8.121411350725610268e-01	7.976990184607010148e-01	7.687264122523139731e-01	8.121411350725610268e-01	8.080052347759989484e-01	7.901753315640950293e-01	7.493206239044150063e-01	8.121411350725610268e-01	7.895632775696860284e-01	8.121411350725610268e-01	8.066451772815470544e-01	8.513800285687429525e-01	7.531885607677929473e-01	8.121411350725610268e-01	8.340039802779040112e-01	8.118964390846890034e-01	8.121411350725610268e-01	8.121411350725610268e-01	7.174984621765310155e-01	8.491618743557219906e-01	8.121411350725610268e-01	8.121411350725610268e-01	8.121411350725610268e-01	8.121411350725610268e-01	7.871604613851479471e-01	8.121411350725610268e-01	8.324209676502879462e-01	8.223601234425159667e-01	8.121411350725610268e-01	8.121411350725610268e-01	8.121411350725610268e-01	8.018857185859730174e-01	8.121411350725610268e-01	8.121411350725610268e-01	7.801995305831670446e-01
8.471002149769489842e-01	7.800853440636840164e-01	7.865123687585170442e-01	8.143864481820199952e-01	8.748312923143829467e-01	7.868713506408050451e-01	8.121411350725610268e-01	1.000000000000000000e+00	8.950362258970080420e-01	8.684573584516029898e-01	8.121411350725610268e-01	8.121411350725610268e-01	8.541578069742450374e-01	5.309600733973000031e-01	8.121411350725610268e-01	8.509769633380660503e-01	8.121411350725610268e-01	6.387938791809689709e-01	8.121411350725610268e-01	8.271057907138269494e-01	7.440703907434510489e-01	8.255287638034569664e-01	8.121411350725610268e-01	8.121411350725610268e-01	8.121411350725610268e-01	8.121411350725610268e-01	8.284860798780769864e-01	8.440086294415020118e-01	8.034936729644750475e-01	8.351944134901210237e-01	8.121411350725610268e-01	8.110720085603769780e-01	8.121411350725610268e-01	8.121411350725610268e-01	8.503715030013729859e-01	8.121411350725610268e-01	8.555881519704440219e-01	8.121411350725610268e-01	8.121411350725610268e-01	8.484968251643030257e-01	8.121411350725610268e-01	8.121411350725610268e-01	8.121411350725610268e-01	8.121411350725610268e-01	8.121411350725610268e-01	7.209124220480499501e-01	8.121411350725610268e-01	8.371550164126170257e-01	8.449659578040950025e-01	7.940285237742920055e-01	8.121411350725610268e-01	8.121411350725610268e-01	8.121411350725610268e-01	8.121411350725610268e-01	8.121411350725610268e-01	8.121411350725610268e-01	8.428370778624110216e-01	8.233094363864890131e-01	8.121411350725610268e-01	8.121411350725610268e-01	8.121411350725610268e-01	8.121411350725610268e-01	8.223388826996740342e-01	8.121411350725610268e-01	8.473287706390210117e-01	8.121411350725610268e-01	8.121411350725610268e-01	8.121411350725610268e-01	8.121411350725610268e-01	8.347750531731360502e-01	8.121411350725610268e-01	8.121411350725610268e-01	8.055925341235139481e-01	8.625060323647679716e-01	6.097446349777959629e-01	8.121411350725610268e-01	8.269325263747520083e-01	8.121411350725610268e-01	8.121411350725610268e-01	8.210348090127309595e-01	8.121411350725610268e-01	8.109137392511870379e-01	8.121411350725610268e-01	7.558932384421660489e-01	8.463226152132720115e-01	8.121411350725610268e-01	8.118148902749530160e-01	8.121411350725610268e-01	8.121411350725610268e-01	8.121411350725610268e-01	8.121411350725610268e-01	8.121411350725610268e-01	8.407907743025969660e-01	8.121411350725610268e-01	8.191660293220679456e-01	8.121411350725610268e-01	8.229149370728989776e-01	8.143934598996750429e-01	8.246502558626389590e-01	8.121411350725610268e-01	8.121411350725610268e-01	7.194366931167079926e-01	8.121411350725610268e-01	8.121411350725610268e-01	8.299591805851750381e-01	8.647317444600579606e-01	7.859166850434510243e-01	7.426964456718100349e-01	8.638189549044710258e-01	8.121411350725610268e-01	8.121411350725610268e-01	8.121411350725610268e-01	8.665726531088659979e-01	8.121411350725610268e-01	7.574893994117729568e-01	8.545476637514519691e-01	8.508743953876489741e-01	8.540082864908079552e-01	8.616895605451290185e-01	8.019570637021069537e-01	7.897332449976369739e-01	8.324042449099630092e-01	8.121411350725610268e-01	8.090099493456850421e-01
8.912093790823839567e-01	7.460825435716980092e-01	8.121411350725610268e-01	8.121411350725610268e-01	8.121411350725610268e-01	8.399249506709529633e-01	8.121411350725610268e-01	8.950362258970080420e-01	1.000000000000000000e+00	8.121411350725610268e-01	9.180497307990640454e-01	8.121411350725610268e-01	8.957146165130970283e-01	8.121411350725610268e-01	8.121411350725610268e-01	8.121411350725610268e-01	8.121411350725610268e-01	8.121411350725610268e-01	8.887905206508760481e-01	8.121411350725610268e-01	7.643837095461010200e-01	8.778971971485339809e-01	8.121411350725610268e-01	8.121411350725610268e-01	9.053909671184130481e-01	8.792537353184629589e-01	8.121411350725610268e-01	8.121411350725610268e-01	8.537142242200139730e-01	8.846094815884339990e-01	8.522845659990120337e-01	8.638065595093450399e-01	8.121411350725610268e-01	8.794859181707199713e-01	8.659834345822869928e-01	8.283267896909880523e-01	8.121411350725610268e-01	8.970961117877249702e-01	8.121411350725610268e-01	8.975802671509930386e-01	8.535598820637040340e-01	8.232621809931750523e-01	8.121411350725610268e-01	8.515388642539040154e-01	8.121411350725610268e-01	8.121411350725610268e-01	8.256424935623369876e-01	8.583328551590220235e-01	8.121411350725610268e-01	8.121411350725610268e-01	8.745300600190419882e-01	8.626595164064000398e-01	8.677722164649339653e-01	8.121411350725610268e-01	8.121411350725610268e-01	8.121411350725610268e-01	8.121411350725610268e-01	8.121411350725610268e-01	8.359689861585599679e-01	8.121411350725610268e-01	8.121411350725610268e-01	7.680780664791979628e-01	8.121411350725610268e-01	8.121411350725610268e-01	8.121411350725610268e-01	8.121411350725610268e-01	8.638933310105999519e-01	8.431927282922270228e-01	8.624169251304479866e-01	8.121411350725610268e-01	8.581284212833489855e-01	8.121411350725610268e-01	8.579954422563179639e-01	8.494104880137309799e-01	8.121411350725610268e-01	8.121411350725610268e-01	8.121411350725610268e-01	8.770082638897249705e-01	8.458709634207109973e-01	8.121411350725610268e-01	8.924097505403669750e-01	8.121411350725610268e-01	8.356427627813479697e-01	8.121411350725610268e-01	8.561064141004649519e-01	8.121411350725610268e-01	8.673265417636779606e-01	8.121411350725610268e-01	1.000000000000000021e-03	8.339967997187269777e-01	8.121411350725610268e-01	7.976326304370110476e-01	9.021021767300979599e-01	8.121411350725610268e-01	8.121411350725610268e-01	8.121411350725610268e-01	8.743794827700589467e-01	8.697468901798039997e-01	8.121411350725610268e-01	8.121411350725610268e-01	9.026304806022159566e-01	8.121411350725610268e-01	8.611901622233529840e-01	8.501665254060589705e-01	8.874243625224440546e-01	8.121411350725610268e-01	8.121411350725610268e-01	8.121411350725610268e-01	8.121411350725610268e-01	8.254150497105080531e-01	8.121411350725610268e-01	8.597455171381519490e-01	8.121411350725610268e-01	7.861219644439479959e-01	8.121411350725610268e-01	8.580988686074410010e-01	8.121411350725610268e-01	8.915982350989369865e-01	8.121411350725610268e-01	8.121411350725610268e-01	7.760926448766150010e-01	8.121411350725610268e-01	8.361777399609999772e-01	8.684324347223619789e-01
7.817258591054480066e-01	8.197963252663460487e-01	8.121411350725610268e-01	8.121411350725610268e-01	8.465582497197630119e-01	8.218646490311569686e-01	8.121411350725610268e-01	8.684573584516029898e-01	8.121411350725610268e-01	1.000000000000000000e+00	8.395923643921759938e-01	7.977677015412459882e-01	8.145383822480569691e-01	8.121411350725610268e-01	8.121411350725610268e-01	8.234417659185929717e-01	8.121411350725610268e-01	7.206724619854020242e-01	8.121411350725610268e-01	7.662330595342450312e-01	7.836194156179829839e-01	7.480400243957260331e-01	8.596863014252159596e-01	8.603946899710299689e-01	8.552837272399089752e-01	8.121411350725610268e-01	7.778363719432179746e-01	8.337550903000420233e-01	7.253744500125729466e-01	8.228771506557860382e-01	8.275640480330830329e-01	7.291627227080920148e-01	7.237898735752880119e-01	8.230802730503620213e-01	7.682720717974279578e-01	6.877852820363159481e-01	8.037658232317600460e-01	8.121411350725610268e-01	8.121411350725610268e-01	8.377414495953560136e-01	7.536383069019929604e-01	8.121411350725610268e-01	8.121411350725610268e-01	8.121411350725610268e-01	7.342635116508400284e-01	7.867042569335880309e-01	8.757909061748919699e-01	7.464166458650010050e-01	8.121411350725610268e-01	8.644315089025650378e-01	7.358667940026489829e-01	8.121411350725610268e-01	8.121411350725610268e-01	7.371857900239610073e-01	7.306101740146410117e-01	8.121411350725610268e-01	7.526353954926929823e-01	8.121411350725610268e-01	8.121411350725610268e-01	8.121411350725610268e-01	8.121411350725610268e-01	8.311390697374559933e-01	8.121411350725610268e-01	8.121411350725610268e-01	8.121411350725610268e-01	8.472217794617340481e-01	8.034636959436659565e-01	8.560032278991740462e-01	7.635330179785370097e-01	8.121411350725610268e-01	7.280293916955280498e-01	7.498024896616749535e-01	7.179578035611470233e-01	7.773409518273789454e-01	8.121411350725610268e-01	8.121411350725610268e-01	7.373868059758430515e-01	8.121411350725610268e-01	8.121411350725610268e-01	8.121411350725610268e-01	7.869187755898030545e-01	8.121411350725610268e-01	7.313171365638290178e-01	8.461841801710859867e-01	7.521603436786109542e-01	7.373508306739640084e-01	7.484845481223429964e-01	8.121411350725610268e-01	1.000000000000000021e-03	8.121411350725610268e-01	8.121411350725610268e-01	8.331834034256200283e-01	8.121411350725610268e-01	7.402556528899220112e-01	7.314346802846030116e-01	7.082694259218460520e-01	8.229598106968849525e-01	7.316404272582479607e-01	7.478103499429109569e-01	8.121411350725610268e-01	8.121411350725610268e-01	8.121411350725610268e-01	7.417953749372070416e-01	8.121411350725610268e-01	7.544021926984010307e-01	8.121411350725610268e-01	7.983127969110920263e-01	8.121411350725610268e-01	8.299496529528519462e-01	8.121411350725610268e-01	7.029375471327909963e-01	8.300735207046560094e-01	8.121411350725610268e-01	8.121411350725610268e-01	8.121411350725610268e-01	8.121411350725610268e-01	7.703474611934060245e-01	8.121411350725610268e-01	8.119966388368300425e-01	8.121411350725610268e-01	8.347558874495359937e-01	7.402195376240070512e-01	8.121411350725610268e-01	8.121411350725610268e-01
8.121411350725610268e-01	7.518366166414409690e-01	7.910080324412229746e-01	8.121411350725610268e-01	8.121411350725610268e-01	8.443793139424660144e-01	8.509110253792729894e-01	8.121411350725610268e-01	9.180497307990640454e-01	8.395923643921759938e-01	1.000000000000000000e+00	7.132936557947280320e-01	9.126984324974619645e-01	5.137959334261940070e-01	8.121411350725610268e-01	8.121411350725610268e-01	8.121411350725610268e-01	8.121411350725610268e-01	8.121411350725610268e-01	8.899672007868499879e-01	7.268477564955519998e-01	9.196266552012930529e-01	8.121411350725610268e-01	8.121411350725610268e-01	9.028662453435110091e-01	8.121411350725610268e-01	9.118737014889679582e-01	8.121411350725610268e-01	8.802687248932019592e-01	8.849065668624149783e-01	8.463930557690919620e-01	8.121411350725610268e-01	8.121411350725610268e-01	8.121411350725610268e-01	8.916391771797590460e-01	8.773506357864619964e-01	9.017501459447989642e-01	8.121411350725610268e-01	9.057834113663499886e-01	9.094065871488540287e-01	8.939528956743020283e-01	7.813804371106819469e-01	8.935501905026289604e-01	8.121411350725610268e-01	8.921511118476229685e-01	7.160543815771930332e-01	7.939487696604740075e-01	8.121411350725610268e-01	8.121411350725610268e-01	8.186818775348290167e-01	8.121411350725610268e-01	8.121411350725610268e-01	8.803824160243119978e-01	8.121411350725610268e-01	8.121411350725610268e-01	8.121411350725610268e-01	8.121411350725610268e-01	8.121411350725610268e-01	8.724994532634380295e-01	8.121411350725610268e-01	8.121411350725610268e-01	8.121411350725610268e-01	8.121411350725610268e-01	5.453489861106739500e-01	8.891017682672720523e-01	7.132916086973819514e-01	8.121411350725610268e-01	8.121411350725610268e-01	8.121411350725610268e-01	8.638611005783870533e-01	9.033457371594240115e-01	8.998784106553060491e-01	8.966508165749129677e-01	8.121411350725610268e-01	6.198190111991179752e-01	8.121411350725610268e-01	8.121411350725610268e-01	8.121411350725610268e-01	8.121411350725610268e-01	9.133771034224860141e-01	8.121411350725610268e-01	8.121411350725610268e-01	8.121411350725610268e-01	8.121411350725610268e-01	8.121411350725610268e-01	9.138674227664950189e-01	8.121411350725610268e-01	8.121411350725610268e-01	8.121411350725610268e-01	8.192106985177840528e-01	7.586925420594019531e-01	8.121411350725610268e-01	9.306584275481299962e-01	8.748036750348040513e-01	8.121411350725610268e-01	8.121411350725610268e-01	8.735091527591779537e-01	9.072429232701529900e-01	8.121411350725610268e-01	9.234403552100900470e-01	9.358007509654400202e-01	7.065255033449110433e-01	8.121411350725610268e-01	8.317881267996519723e-01	9.218859940231469707e-01	8.121411350725610268e-01	7.254702178125309597e-01	8.019731747681060341e-01	8.121411350725610268e-01	8.500884517001420226e-01	8.121411350725610268e-01	8.644439132655490354e-01	8.189756248115980242e-01	8.121411350725610268e-01	7.554356424781929480e-01	8.951184276901820169e-01	8.807791867437979594e-01	8.121411350725610268e-01	9.201335329141759889e-01	9.020503988792849537e-01	8.121411350725610268e-01	8.121411350725610268e-01	8.663786888411190157e-01	8.121411350725610268e-01
6.267540648415620419e-01	7.936594434260489939e-01	8.585718335758739661e-01	8.121411350725610268e-01	8.121411350725610268e-01	8.121411350725610268e-01	7.373741086100540354e-01	8.121411350725610268e-01	8.121411350725610268e-01	7.977677015412459882e-01	7.132936557947280320e-01	1.000000000000000000e+00	8.121411350725610268e-01	8.121411350725610268e-01	5.835518070711199767e-01	6.922905806343310209e-01	7.117436403454999727e-01	7.724284569901670450e-01	8.121411350725610268e-01	8.121411350725610268e-01	7.995211195976820173e-01	5.805350321113780243e-01	8.121411350725610268e-01	8.147113878429299572e-01	6.992072593787369561e-01	6.101770189997619553e-01	6.217199371082460235e-01	7.146111565370459884e-01	5.479674231417399621e-01	8.121411350725610268e-01	8.121411350725610268e-01	8.121411350725610268e-01	5.434600453360129979e-01	8.121411350725610268e-01	8.121411350725610268e-01	5.040527327223409682e-01	8.121411350725610268e-01	6.823745234573840301e-01	5.734428341901459669e-01	7.269562365668189585e-01	5.606086919603989749e-01	8.121411350725610268e-01	8.121411350725610268e-01	8.121411350725610268e-01	8.121411350725610268e-01	8.307503554689920078e-01	8.121411350725610268e-01	5.656136824785900075e-01	7.227768979447489750e-01	8.710858344705819656e-01	5.965275821442129756e-01	8.121411350725610268e-01	8.121411350725610268e-01	5.608871017517870206e-01	8.121411350725610268e-01	8.357482917055909510e-01	8.121411350725610268e-01	5.872883647012590025e-01	5.314738479112020020e-01	8.121411350725610268e-01	5.382632090485059972e-01	8.595456804524740368e-01	8.121411350725610268e-01	8.121411350725610268e-01	7.811876055356119508e-01	8.602021085118589649e-01	7.189372018461429592e-01	8.710158386207760284e-01	6.032695502427920520e-01	8.121411350725610268e-01	8.121411350725610268e-01	8.121411350725610268e-01	8.121411350725610268e-01	8.121411350725610268e-01	7.980974626557699736e-01	8.121411350725610268e-01	5.644801543590850512e-01	8.121411350725610268e-01	8.135898428999840393e-01	8.121411350725610268e-01	8.121411350725610268e-01	8.121411350725610268e-01	5.599654989432409913e-01	9.355483311638049804e-01	5.641109114183729956e-01	8.121411350725610268e-01	8.121411350725610268e-01	8.121411350725610268e-01	1.000000000000000021e-03	7.956937940653460162e-01	8.227401894379160474e-01	8.567577567848310149e-01	6.618391532553330459e-01	5.644655743989720476e-01	5.804650604306460515e-01	8.121411350725610268e-01	6.800538995830029965e-01	8.121411350725610268e-01	5.804767217917360389e-01	8.121411350725610268e-01	6.395110984575409496e-01	8.121411350725610268e-01	8.121411350725610268e-01	8.121411350725610268e-01	6.026846413299270511e-01	6.081176319573989852e-01	8.121411350725610268e-01	6.256416344019789522e-01	8.121411350725610268e-01	5.194448210886469797e-01	8.121411350725610268e-01	6.762218306525089595e-01	8.121411350725610268e-01	8.121411350725610268e-01	9.216928748729129595e-01	5.880473181459500154e-01	8.121411350725610268e-01	6.711523947652060507e-01	8.121411350725610268e-01	5.665445811845060131e-01	8.121411350725610268e-01	5.664372792251040067e-01	8.121411350725610268e-01	5.841198238367180107e-01
