1.000000000000000000e+00	1.914542518081595035e-01	1.914542518081595035e-01	1.914542518081595035e-01	1.914542518081595035e-01	1.914542518081595035e-01	9.042553191489359488e-02	1.914542518081595035e-01	1.914542518081595035e-01	1.914542518081595035e-01	2.761904761904759864e-01	1.914542518081595035e-01	2.355371900826450093e-01	4.769230769230770051e-01	1.914542518081595035e-01	1.914542518081595035e-01	1.914542518081595035e-01	1.914542518081595035e-01	2.771739130434779930e-01	1.914542518081595035e-01	1.914542518081595035e-01	1.914542518081595035e-01	1.914542518081595035e-01	1.914542518081595035e-01	1.914542518081595035e-01	1.914542518081595035e-01	1.914542518081595035e-01	1.914542518081595035e-01	2.388059701492540043e-01	2.254545454545449912e-01	2.324324324324320012e-01	6.593406593406589411e-02	1.914542518081595035e-01	1.318681318681320103e-01	1.588785046728969919e-01	1.914542518081595035e-01	2.871794871794869919e-01	2.099999999999999922e-01	1.914542518081595035e-01	3.068181818181819898e-01	1.595330739299609946e-01	1.914542518081595035e-01	1.914542518081595035e-01	1.914542518081595035e-01	1.914542518081595035e-01	1.914542518081595035e-01	1.914542518081595035e-01	1.914542518081595035e-01	1.914542518081595035e-01	1.914542518081595035e-01	1.914542518081595035e-01	1.914542518081595035e-01	1.914542518081595035e-01	1.980676328502420092e-01	1.914542518081595035e-01	1.914542518081595035e-01	1.914542518081595035e-01	1.914542518081595035e-01	1.914542518081595035e-01	1.914542518081595035e-01	1.914542518081595035e-01	1.914542518081595035e-01	1.914542518081595035e-01	1.914542518081595035e-01	1.914542518081595035e-01	1.914542518081595035e-01	2.547169811320750266e-01	1.914542518081595035e-01	1.914542518081595035e-01	1.914542518081595035e-01	1.182795698924729993e-01	1.914542518081595035e-01	3.523316062176169994e-01	1.914542518081595035e-01	1.000000000000000056e-01	1.914542518081595035e-01	1.914542518081595035e-01	1.914542518081595035e-01	1.914542518081595035e-01	1.914542518081595035e-01	1.914542518081595035e-01	1.914542518081595035e-01	1.914542518081595035e-01	1.914542518081595035e-01	1.914542518081595035e-01	1.914542518081595035e-01	1.914542518081595035e-01	1.610738255033559996e-01	1.914542518081595035e-01	1.914542518081595035e-01	1.914542518081595035e-01	1.914542518081595035e-01	1.914542518081595035e-01	1.914542518081595035e-01	2.032085561497329884e-01	4.316939890710380090e-01	1.567567567567569875e-01	1.787439613526569937e-01	1.914542518081595035e-01	1.023622047244090033e-01	1.914542518081595035e-01	1.914542518081595035e-01	1.914542518081595035e-01	1.914542518081595035e-01	1.914542518081595035e-01	2.142857142857139963e-01	1.914542518081595035e-01	1.841004184100419883e-01	2.775330396475769734e-01	1.914542518081595035e-01	1.914542518081595035e-01	1.914542518081595035e-01	1.914542518081595035e-01	1.914542518081595035e-01	1.715481171548119965e-01	1.914542518081595035e-01	1.914542518081595035e-01	1.914542518081595035e-01	1.914542518081595035e-01	1.914542518081595035e-01	1.535433070866140115e-01	2.974683544303799998e-01	1.914542518081595035e-01	1.914542518081595035e-01
1.914542518081595035e-01	1.000000000000000000e+00	1.438596491228069929e-01	1.914542518081595035e-01	1.914542518081595035e-01	1.914542518081595035e-01	1.914542518081595035e-01	1.914542518081595035e-01	1.914542518081595035e-01	1.389961389961389959e-01	1.085271317829459986e-01	1.914542518081595035e-01	1.914542518081595035e-01	1.679389312977100090e-01	1.186440677966100060e-01	1.914542518081595035e-01	1.914542518081595035e-01	1.914542518081595035e-01	1.914542518081595035e-01	1.914542518081595035e-01	1.914542518081595035e-01	1.914542518081595035e-01	1.914542518081595035e-01	1.914542518081595035e-01	2.238805970149249924e-01	1.914542518081595035e-01	1.914542518081595035e-01	1.467181467181470078e-01	1.265822784810129997e-01	1.163522012578619980e-01	1.336405529953919868e-01	3.947368421052629972e-01	1.045751633986929940e-01	1.914542518081595035e-01	1.914542518081595035e-01	1.914542518081595035e-01	1.914542518081595035e-01	1.914542518081595035e-01	1.914542518081595035e-01	1.914542518081595035e-01	2.107279693486590055e-01	1.914542518081595035e-01	1.914542518081595035e-01	1.914542518081595035e-01	1.914542518081595035e-01	1.353135313531350081e-01	1.914542518081595035e-01	2.424242424242419869e-01	1.914542518081595035e-01	1.914542518081595035e-01	2.055749128919860114e-01	1.914542518081595035e-01	1.914542518081595035e-01	1.914542518081595035e-01	1.914542518081595035e-01	1.914542518081595035e-01	1.914542518081595035e-01	1.914542518081595035e-01	1.914542518081595035e-01	1.914542518081595035e-01	7.453416149068320395e-02	1.085972850678730006e-01	1.914542518081595035e-01	4.382716049382719969e-01	1.914542518081595035e-01	1.914542518081595035e-01	1.914542518081595035e-01	1.914542518081595035e-01	2.405063291139240000e-01	1.282051282051279995e-01	1.914542518081595035e-01	1.914542518081595035e-01	8.560311284046689950e-02	1.674641148325360096e-01	2.999999999999999889e-01	1.914542518081595035e-01	1.033210332103319945e-01	1.914542518081595035e-01	1.586715867158670079e-01	1.914542518081595035e-01	1.914542518081595035e-01	1.914542518081595035e-01	1.914542518081595035e-01	1.914542518081595035e-01	1.914542518081595035e-01	2.624113475177299870e-01	1.914542518081595035e-01	1.914542518081595035e-01	1.914542518081595035e-01	1.914542518081595035e-01	1.914542518081595035e-01	1.914542518081595035e-01	9.580419580419580194e-01	1.914542518081595035e-01	1.914542518081595035e-01	1.914542518081595035e-01	1.776649746192890122e-01	1.293103448275859935e-01	1.914542518081595035e-01	1.914542518081595035e-01	1.914542518081595035e-01	1.914542518081595035e-01	1.914542518081595035e-01	1.914542518081595035e-01	1.914542518081595035e-01	1.914542518081595035e-01	1.914542518081595035e-01	1.914542518081595035e-01	1.914542518081595035e-01	1.914542518081595035e-01	1.914542518081595035e-01	1.914542518081595035e-01	1.374045801526720123e-01	1.914542518081595035e-01	1.914542518081595035e-01	1.942446043165469982e-01	1.914542518081595035e-01	1.914542518081595035e-01	1.970260223048329873e-01	1.914542518081595035e-01	1.691729323308270028e-01	1.914542518081595035e-01	1.914542518081595035e-01	1.304347826086960094e-01
1.914542518081595035e-01	1.438596491228069929e-01	1.000000000000000000e+00	1.914542518081595035e-01	1.914542518081595035e-01	1.914542518081595035e-01	1.178861788617889955e-01	2.560000000000000053e-01	1.914542518081595035e-01	1.914542518081595035e-01	1.914542518081595035e-01	1.925675675675679877e-01	2.341137123745820059e-01	1.699346405228759904e-01	1.520737327188939891e-01	1.914542518081595035e-01	2.786885245901640218e-01	1.914542518081595035e-01	1.914542518081595035e-01	1.879699248120300092e-01	2.493074792243769877e-01	1.914542518081595035e-01	2.361623616236160073e-01	2.508591065292100075e-01	2.297734627831720111e-01	2.222222222222219878e-01	1.914542518081595035e-01	1.914542518081595035e-01	1.914542518081595035e-01	1.914542518081595035e-01	1.914542518081595035e-01	9.090909090909089774e-02	1.538461538461539935e-01	1.914542518081595035e-01	3.032786885245900010e-01	1.914542518081595035e-01	1.914542518081595035e-01	1.914542518081595035e-01	2.133757961783440127e-01	2.462462462462459978e-01	1.682539682539679893e-01	1.914542518081595035e-01	1.914542518081595035e-01	1.914542518081595035e-01	3.280423280423280241e-01	2.222222222222219878e-01	1.914542518081595035e-01	1.914542518081595035e-01	1.914542518081595035e-01	1.914542518081595035e-01	1.914542518081595035e-01	1.914542518081595035e-01	1.914542518081595035e-01	1.914542518081595035e-01	1.914542518081595035e-01	1.832669322709160054e-01	1.914542518081595035e-01	8.888888888888890616e-02	1.914542518081595035e-01	1.914542518081595035e-01	1.914542518081595035e-01	1.914542518081595035e-01	1.914542518081595035e-01	1.914542518081595035e-01	1.914542518081595035e-01	1.914542518081595035e-01	1.914542518081595035e-01	1.914542518081595035e-01	2.374429223744289885e-01	1.914542518081595035e-01	1.914542518081595035e-01	9.747292418772560141e-02	1.914542518081595035e-01	1.914542518081595035e-01	1.914542518081595035e-01	1.914542518081595035e-01	1.914542518081595035e-01	2.247557003257329988e-01	1.914542518081595035e-01	1.914542518081595035e-01	1.914542518081595035e-01	1.914542518081595035e-01	1.914542518081595035e-01	2.053872053872050074e-01	1.914542518081595035e-01	1.914542518081595035e-01	1.914542518081595035e-01	1.914542518081595035e-01	1.914542518081595035e-01	1.914542518081595035e-01	1.914542518081595035e-01	1.914542518081595035e-01	1.914542518081595035e-01	1.914542518081595035e-01	1.914542518081595035e-01	2.250922509225090073e-01	1.914542518081595035e-01	1.914542518081595035e-01	2.152777777777780122e-01	1.914542518081595035e-01	2.867647058823529771e-01	1.914542518081595035e-01	1.914542518081595035e-01	1.914542518081595035e-01	2.500000000000000000e-01	1.914542518081595035e-01	1.914542518081595035e-01	1.611842105263160130e-01	1.914542518081595035e-01	3.003663003663000208e-01	2.674897119341559937e-01	1.914542518081595035e-01	2.237762237762239981e-01	1.914542518081595035e-01	1.914542518081595035e-01	1.914542518081595035e-01	1.914542518081595035e-01	1.914542518081595035e-01	1.914542518081595035e-01	2.535211267605629870e-01	1.914542518081595035e-01	1.914542518081595035e-01	1.914542518081595035e-01	1.914542518081595035e-01
1.914542518081595035e-01	1.914542518081595035e-01	1.914542518081595035e-01	1.000000000000000000e+00	1.914542518081595035e-01	1.914542518081595035e-01	1.914542518081595035e-01	2.255892255892260057e-01	1.914542518081595035e-01	2.603174603174600032e-01	1.914542518081595035e-01	1.914542518081595035e-01	2.323529411764710118e-01	1.914542518081595035e-01	1.673151750972760032e-01	1.914542518081595035e-01	1.914542518081595035e-01	1.914542518081595035e-01	1.914542518081595035e-01	1.921824104234529929e-01	1.914542518081595035e-01	1.914542518081595035e-01	1.914542518081595035e-01	1.914542518081595035e-01	1.914542518081595035e-01	1.914542518081595035e-01	1.914542518081595035e-01	1.914542518081595035e-01	1.914542518081595035e-01	2.284946236559139976e-01	1.914542518081595035e-01	9.790209790209790375e-02	1.914542518081595035e-01	1.914542518081595035e-01	2.957746478873239937e-01	1.914542518081595035e-01	1.914542518081595035e-01	1.914542518081595035e-01	1.914542518081595035e-01	2.466487935656840047e-01	1.914542518081595035e-01	1.914542518081595035e-01	1.914542518081595035e-01	1.914542518081595035e-01	1.914542518081595035e-01	1.914542518081595035e-01	2.964285714285709861e-01	2.500000000000000000e-01	1.914542518081595035e-01	2.782874617737000067e-01	1.914542518081595035e-01	1.914542518081595035e-01	1.914542518081595035e-01	1.914542518081595035e-01	1.914542518081595035e-01	1.914542518081595035e-01	1.914542518081595035e-01	9.259259259259260133e-02	1.914542518081595035e-01	1.932203389830509932e-01	1.914542518081595035e-01	1.843003412969279886e-01	1.914542518081595035e-01	1.914542518081595035e-01	1.914542518081595035e-01	1.914542518081595035e-01	1.626506024096389946e-01	1.914542518081595035e-01	2.786177105831529888e-01	1.914542518081595035e-01	1.914542518081595035e-01	1.062499999999999972e-01	1.914542518081595035e-01	1.914542518081595035e-01	1.914542518081595035e-01	1.914542518081595035e-01	1.914542518081595035e-01	1.914542518081595035e-01	1.914542518081595035e-01	3.028720626631850044e-01	1.914542518081595035e-01	8.333333333333329748e-03	1.914542518081595035e-01	1.914542518081595035e-01	1.914542518081595035e-01	1.914542518081595035e-01	1.770186335403730049e-01	1.914542518081595035e-01	1.914542518081595035e-01	1.914542518081595035e-01	1.600000000000000033e-01	1.914542518081595035e-01	1.914542518081595035e-01	2.366666666666669971e-01	2.365591397849459987e-01	2.402597402597400067e-01	2.651515151515150270e-01	1.914542518081595035e-01	1.914542518081595035e-01	1.914542518081595035e-01	1.914542518081595035e-01	1.914542518081595035e-01	1.914542518081595035e-01	1.914542518081595035e-01	3.214285714285710083e-01	1.914542518081595035e-01	1.914542518081595035e-01	1.749271137026240097e-01	1.914542518081595035e-01	1.914542518081595035e-01	1.914542518081595035e-01	2.567164179104480248e-01	2.158054711246200075e-01	2.218749999999999889e-01	1.914542518081595035e-01	1.914542518081595035e-01	1.914542518081595035e-01	1.694352159468439922e-01	1.914542518081595035e-01	2.265861027190330113e-01	2.553191489361700262e-01	1.914542518081595035e-01	3.202846975088969872e-01	1.914542518081595035e-01
1.914542518081595035e-01	1.914542518081595035e-01	1.914542518081595035e-01	1.914542518081595035e-01	1.000000000000000000e+00	1.914542518081595035e-01	1.875000000000000000e-01	1.914542518081595035e-01	1.914542518081595035e-01	1.914542518081595035e-01	1.914542518081595035e-01	1.581395348837210113e-01	1.914542518081595035e-01	1.545454545454550133e-01	1.914542518081595035e-01	1.914542518081595035e-01	1.914542518081595035e-01	1.914542518081595035e-01	1.292134831460670097e-01	1.777777777777780066e-01	1.914542518081595035e-01	1.914542518081595035e-01	1.914542518081595035e-01	1.914542518081595035e-01	1.845493562231760032e-01	1.914542518081595035e-01	1.914542518081595035e-01	1.951219512195120076e-01	1.559139784946239893e-01	1.914542518081595035e-01	1.914542518081595035e-01	1.914542518081595035e-01	1.532258064516129892e-01	1.914542518081595035e-01	2.891566265060239727e-01	1.650943396226420001e-01	1.914542518081595035e-01	1.914542518081595035e-01	1.914542518081595035e-01	1.914542518081595035e-01	1.914542518081595035e-01	2.187500000000000000e-01	1.914542518081595035e-01	1.914542518081595035e-01	1.436781609195399989e-01	1.914542518081595035e-01	1.914542518081595035e-01	1.914542518081595035e-01	1.914542518081595035e-01	1.282051282051279995e-01	1.914542518081595035e-01	1.914542518081595035e-01	1.914542518081595035e-01	1.914542518081595035e-01	1.914542518081595035e-01	1.556886227544909962e-01	2.107843137254900023e-01	1.914542518081595035e-01	1.914542518081595035e-01	2.298136645962730040e-01	1.914542518081595035e-01	1.914542518081595035e-01	1.914542518081595035e-01	1.914542518081595035e-01	1.115241635687729965e-01	1.914542518081595035e-01	1.914542518081595035e-01	2.159999999999999976e-01	1.914542518081595035e-01	1.748251748251750115e-01	1.914542518081595035e-01	1.363636363636359927e-01	1.073170731707319969e-01	1.851851851851850084e-01	1.914542518081595035e-01	1.914542518081595035e-01	1.435185185185189893e-01	1.476793248945149906e-01	1.914542518081595035e-01	1.423841059602649894e-01	1.914542518081595035e-01	1.149425287356319915e-02	1.914542518081595035e-01	1.914542518081595035e-01	1.914542518081595035e-01	1.914542518081595035e-01	1.914542518081595035e-01	1.914542518081595035e-01	1.914542518081595035e-01	1.914542518081595035e-01	1.914542518081595035e-01	1.638418079096050084e-01	2.596685082872929873e-01	1.914542518081595035e-01	1.937500000000000056e-01	1.813471502590670026e-01	3.740458015267180136e-01	1.914542518081595035e-01	1.914542518081595035e-01	1.914542518081595035e-01	1.914542518081595035e-01	1.914542518081595035e-01	2.335025380710659959e-01	1.914542518081595035e-01	1.914542518081595035e-01	1.914542518081595035e-01	1.914542518081595035e-01	1.914542518081595035e-01	1.914542518081595035e-01	1.674418604651159992e-01	1.914542518081595035e-01	1.914542518081595035e-01	1.914542518081595035e-01	1.914542518081595035e-01	1.914542518081595035e-01	1.864406779661020030e-01	1.914542518081595035e-01	1.914542518081595035e-01	1.914542518081595035e-01	1.914542518081595035e-01	2.102803738317760018e-01	1.914542518081595035e-01	1.914542518081595035e-01	1.914542518081595035e-01
1.914542518081595035e-01	1.914542518081595035e-01	1.914542518081595035e-01	1.914542518081595035e-01	1.914542518081595035e-01	1.000000000000000000e+00	1.914542518081595035e-01	1.821862348178140134e-01	1.914542518081595035e-01	1.914542518081595035e-01	1.914542518081595035e-01	1.914542518081595035e-01	1.914542518081595035e-01	1.914542518081595035e-01	1.914542518081595035e-01	1.914542518081595035e-01	1.536050156739809935e-01	1.379310344827590074e-01	1.457489878542509998e-01	1.914542518081595035e-01	1.914542518081595035e-01	1.914542518081595035e-01	1.914542518081595035e-01	1.914542518081595035e-01	1.914542518081595035e-01	1.799307958477510128e-01	1.914542518081595035e-01	1.720430107526879915e-01	1.914542518081595035e-01	1.914542518081595035e-01	1.914542518081595035e-01	4.319526627218929771e-01	1.572327044025159937e-01	1.782178217821779875e-01	1.914542518081595035e-01	1.914542518081595035e-01	1.679687500000000000e-01	1.914542518081595035e-01	1.914542518081595035e-01	1.914542518081595035e-01	1.914542518081595035e-01	1.914542518081595035e-01	1.914542518081595035e-01	1.914542518081595035e-01	1.914542518081595035e-01	1.914542518081595035e-01	1.914542518081595035e-01	1.914542518081595035e-01	1.914542518081595035e-01	1.890034364261169997e-01	1.914542518081595035e-01	1.914542518081595035e-01	1.914542518081595035e-01	2.925764192139739817e-01	1.914542518081595035e-01	1.914542518081595035e-01	1.914542518081595035e-01	2.185792349726780048e-01	1.914542518081595035e-01	1.914542518081595035e-01	7.978723404255319562e-02	1.914542518081595035e-01	1.510067114093960050e-01	1.914542518081595035e-01	1.914542518081595035e-01	2.153846153846150080e-01	1.459854014598540028e-01	1.914542518081595035e-01	1.914542518081595035e-01	1.312217194570139966e-01	1.914542518081595035e-01	1.914542518081595035e-01	1.914542518081595035e-01	1.914542518081595035e-01	1.914542518081595035e-01	1.914542518081595035e-01	1.914542518081595035e-01	1.914542518081595035e-01	1.543624161073829937e-01	1.914542518081595035e-01	1.914542518081595035e-01	1.914542518081595035e-01	2.267206477732789938e-01	8.563535911602210282e-01	2.751937984496120038e-01	1.914542518081595035e-01	1.541353383458649862e-01	2.468354430379749997e-01	1.914542518081595035e-01	1.914542518081595035e-01	1.914542518081595035e-01	1.914542518081595035e-01	4.761904761904759975e-01	1.914542518081595035e-01	1.716738197424889922e-01	1.914542518081595035e-01	2.780487804878050140e-01	1.918367346938779916e-01	2.615384615384619971e-01	1.914542518081595035e-01	1.914542518081595035e-01	1.914542518081595035e-01	1.914542518081595035e-01	1.914542518081595035e-01	1.914542518081595035e-01	1.428571428571429880e-01	1.868131868131870099e-01	1.914542518081595035e-01	1.914542518081595035e-01	1.914542518081595035e-01	1.914542518081595035e-01	1.914542518081595035e-01	1.756272401433690011e-01	2.175572519083970036e-01	1.914542518081595035e-01	1.914542518081595035e-01	1.914542518081595035e-01	1.914893617021279915e-01	2.137931034482760118e-01	1.914542518081595035e-01	1.914542518081595035e-01	1.914542518081595035e-01	1.865079365079370111e-01	1.914542518081595035e-01
9.042553191489359488e-02	1.914542518081595035e-01	1.178861788617889955e-01	1.914542518081595035e-01	1.875000000000000000e-01	1.914542518081595035e-01	1.000000000000000000e+00	6.565656565656570465e-02	1.914542518081595035e-01	1.914542518081595035e-01	1.914542518081595035e-01	1.914542518081595035e-01	1.914542518081595035e-01	1.697247706422020108e-01	1.914542518081595035e-01	1.931034482758620108e-01	8.712121212121209934e-02	1.914542518081595035e-01	1.284916201117320134e-01	1.966292134831459926e-01	1.914542518081595035e-01	1.914542518081595035e-01	1.914542518081595035e-01	1.914542518081595035e-01	1.914542518081595035e-01	9.243697478991599881e-02	1.914542518081595035e-01	1.914542518081595035e-01	1.612903225806449903e-01	1.914542518081595035e-01	1.914542518081595035e-01	3.644067796610169774e-01	8.301886792452829733e-02	1.914542518081595035e-01	1.914542518081595035e-01	9.734513274336280275e-02	1.065989847715740069e-01	1.914542518081595035e-01	1.914542518081595035e-01	1.914542518081595035e-01	1.914542518081595035e-01	1.633663366336630118e-01	1.914542518081595035e-01	1.914542518081595035e-01	2.127659574468090120e-01	1.914542518081595035e-01	1.914542518081595035e-01	1.914542518081595035e-01	1.914542518081595035e-01	1.914542518081595035e-01	1.914542518081595035e-01	1.914542518081595035e-01	1.914542518081595035e-01	1.944444444444440034e-01	1.914542518081595035e-01	2.124999999999999944e-01	1.588785046728969919e-01	1.914542518081595035e-01	1.914542518081595035e-01	1.637426900584799949e-01	1.914542518081595035e-01	9.604519774011299749e-02	1.914542518081595035e-01	1.914542518081595035e-01	1.450381679389310119e-01	1.335740072202170059e-01	1.914542518081595035e-01	1.914542518081595035e-01	1.552631578947369917e-01	1.418918918918919969e-01	1.914542518081595035e-01	1.914542518081595035e-01	8.056872037914690476e-02	1.914542518081595035e-01	1.914542518081595035e-01	1.914542518081595035e-01	1.914542518081595035e-01	1.914542518081595035e-01	1.914542518081595035e-01	1.914542518081595035e-01	1.914542518081595035e-01	1.136363636363640038e-02	1.914542518081595035e-01	1.914542518081595035e-01	1.914542518081595035e-01	2.330097087378640019e-01	1.914542518081595035e-01	1.914542518081595035e-01	1.914542518081595035e-01	1.914542518081595035e-01	1.546391752577319922e-01	1.069518716577539941e-01	1.914542518081595035e-01	1.065989847715740069e-01	1.914542518081595035e-01	1.507537688442210089e-01	1.914542518081595035e-01	1.914542518081595035e-01	1.650943396226420001e-01	1.914542518081595035e-01	1.914542518081595035e-01	1.914542518081595035e-01	1.914542518081595035e-01	1.914542518081595035e-01	1.914542518081595035e-01	1.914542518081595035e-01	1.914542518081595035e-01	1.914542518081595035e-01	1.914542518081595035e-01	1.914542518081595035e-01	1.914542518081595035e-01	1.074380165289259975e-01	1.914542518081595035e-01	1.840796019900499958e-01	1.914542518081595035e-01	1.708333333333330040e-01	1.914542518081595035e-01	1.914542518081595035e-01	1.914542518081595035e-01	1.914542518081595035e-01	1.914542518081595035e-01	1.914542518081595035e-01	1.065989847715740069e-01	1.914542518081595035e-01
1.914542518081595035e-01	1.914542518081595035e-01	2.560000000000000053e-01	2.255892255892260057e-01	1.914542518081595035e-01	1.821862348178140134e-01	6.565656565656570465e-02	1.000000000000000000e+00	3.105263157894739834e-01	1.914542518081595035e-01	1.914542518081595035e-01	1.914542518081595035e-01	1.685823754789269879e-01	1.914542518081595035e-01	1.914542518081595035e-01	1.914542518081595035e-01	1.914542518081595035e-01	1.914542518081595035e-01	1.914542518081595035e-01	1.914542518081595035e-01	1.914542518081595035e-01	1.914542518081595035e-01	1.914542518081595035e-01	2.295081967213110086e-01	1.914542518081595035e-01	1.914542518081595035e-01	1.720430107526879915e-01	1.914542518081595035e-01	1.914542518081595035e-01	1.914542518081595035e-01	1.914542518081595035e-01	6.382978723404250654e-02	1.914542518081595035e-01	1.914542518081595035e-01	1.914542518081595035e-01	1.914542518081595035e-01	1.914542518081595035e-01	1.914542518081595035e-01	1.914542518081595035e-01	1.914542518081595035e-01	1.914542518081595035e-01	1.275720164609049911e-01	1.914542518081595035e-01	1.914542518081595035e-01	1.914542518081595035e-01	1.914542518081595035e-01	1.914542518081595035e-01	1.914542518081595035e-01	1.914542518081595035e-01	1.914542518081595035e-01	2.057761732851990100e-01	1.914542518081595035e-01	8.965517241379310220e-02	1.914542518081595035e-01	1.914542518081595035e-01	1.534653465346529910e-01	1.914542518081595035e-01	5.847953216374270069e-02	1.914542518081595035e-01	1.914542518081595035e-01	7.333333333333330595e-02	1.887755102040820088e-01	1.914542518081595035e-01	1.914542518081595035e-01	1.914542518081595035e-01	1.914542518081595035e-01	1.428571428571429880e-01	1.914542518081595035e-01	1.573849878934620028e-01	1.914542518081595035e-01	1.605839416058389979e-01	1.914542518081595035e-01	1.914542518081595035e-01	1.914542518081595035e-01	1.914542518081595035e-01	1.914542518081595035e-01	1.914542518081595035e-01	2.000000000000000111e-01	1.914542518081595035e-01	1.737804878048780088e-01	1.914542518081595035e-01	7.874015748031499423e-03	1.059322033898310034e-01	1.914542518081595035e-01	2.532751091703059898e-01	1.914542518081595035e-01	1.674008810572689965e-01	1.914542518081595035e-01	1.914542518081595035e-01	3.262711864406779849e-01	1.914542518081595035e-01	1.914542518081595035e-01	1.914542518081595035e-01	2.415458937198070033e-01	1.914542518081595035e-01	1.914542518081595035e-01	2.865497076023389988e-01	1.914542518081595035e-01	1.914542518081595035e-01	1.914542518081595035e-01	1.914542518081595035e-01	1.914542518081595035e-01	1.320000000000000062e-01	1.914542518081595035e-01	1.914542518081595035e-01	1.914542518081595035e-01	1.914542518081595035e-01	1.914542518081595035e-01	1.914542518081595035e-01	1.914542518081595035e-01	1.914542518081595035e-01	1.914542518081595035e-01	2.118644067796610075e-01	1.914542518081595035e-01	2.222222222222219878e-01	1.914542518081595035e-01	1.914542518081595035e-01	3.005464480874320277e-01	1.914542518081595035e-01	1.914542518081595035e-01	1.914542518081595035e-01	2.865853658536590132e-01	1.914542518081595035e-01	2.568807339449539762e-01
1.914542518081595035e-01	1.914542518081595035e-01	1.914542518081595035e-01	1.914542518081595035e-01	1.914542518081595035e-01	1.914542518081595035e-01	1.914542518081595035e-01	3.105263157894739834e-01	1.000000000000000000e+00	1.914542518081595035e-01	1.914542518081595035e-01	1.914542518081595035e-01	1.914542518081595035e-01	1.914542518081595035e-01	1.914542518081595035e-01	1.914542518081595035e-01	1.914542518081595035e-01	1.914542518081595035e-01	1.914542518081595035e-01	1.914542518081595035e-01	3.084745762711860184e-01	2.544642857142859760e-01	1.914542518081595035e-01	1.914542518081595035e-01	1.914542518081595035e-01	1.914542518081595035e-01	1.914542518081595035e-01	1.914542518081595035e-01	1.914542518081595035e-01	1.914542518081595035e-01	1.914542518081595035e-01	1.914542518081595035e-01	1.914542518081595035e-01	1.914542518081595035e-01	1.914542518081595035e-01	3.240740740740740145e-01	1.914542518081595035e-01	2.931937172774869982e-01	1.914542518081595035e-01	1.914542518081595035e-01	1.914542518081595035e-01	1.914542518081595035e-01	1.120331950207470034e-01	1.007462686567160010e-01	1.914542518081595035e-01	2.124542124542120047e-01	1.914542518081595035e-01	1.914542518081595035e-01	1.914542518081595035e-01	1.914542518081595035e-01	1.914542518081595035e-01	3.045267489711929731e-01	1.056338028169010040e-01	2.713567839195979992e-01	1.914542518081595035e-01	1.914542518081595035e-01	1.914542518081595035e-01	1.914542518081595035e-01	1.914542518081595035e-01	1.849999999999999978e-01	1.914542518081595035e-01	1.914542518081595035e-01	2.931034482758619886e-01	1.914542518081595035e-01	1.736111111111109939e-01	1.914542518081595035e-01	1.681034482758619886e-01	1.914542518081595035e-01	1.748768472906399862e-01	1.828571428571429958e-01	1.569343065693430128e-01	1.914542518081595035e-01	2.201834862385320113e-01	1.914542518081595035e-01	1.076233183856499936e-01	1.914542518081595035e-01	1.914542518081595035e-01	2.007722007722010094e-01	1.315789473684209898e-01	2.151898734177219996e-01	1.914542518081595035e-01	1.600000000000000033e-02	9.704641350210969908e-02	1.914542518081595035e-01	2.825112107623319879e-01	1.914542518081595035e-01	2.815533980582520246e-01	1.914542518081595035e-01	2.000000000000000111e-01	1.914542518081595035e-01	1.909090909090910004e-01	2.827225130890049787e-01	1.914542518081595035e-01	1.914542518081595035e-01	1.914542518081595035e-01	1.914542518081595035e-01	1.914542518081595035e-01	2.835051546391750277e-01	1.914542518081595035e-01	1.914542518081595035e-01	3.317757009345789765e-01	1.914542518081595035e-01	1.914542518081595035e-01	1.914542518081595035e-01	4.010989010989010062e-01	1.914542518081595035e-01	2.889908256880729942e-01	1.755102040816330089e-01	1.914542518081595035e-01	2.946428571428569843e-01	1.914542518081595035e-01	1.914542518081595035e-01	1.914542518081595035e-01	1.914542518081595035e-01	2.076271186440679928e-01	1.914542518081595035e-01	1.914542518081595035e-01	1.914542518081595035e-01	1.914542518081595035e-01	1.914542518081595035e-01	1.914542518081595035e-01	1.914542518081595035e-01	1.914542518081595035e-01	2.877358490566039873e-01
1.914542518081595035e-01	1.389961389961389959e-01	1.914542518081595035e-01	2.603174603174600032e-01	1.914542518081595035e-01	1.914542518081595035e-01	1.914542518081595035e-01	1.914542518081595035e-01	1.914542518081595035e-01	1.000000000000000000e+00	3.232758620689660245e-01	3.702127659574470098e-01	1.914542518081595035e-01	1.914542518081595035e-01	1.914542518081595035e-01	1.914542518081595035e-01	1.914542518081595035e-01	1.914542518081595035e-01	1.914542518081595035e-01	3.636363636363639795e-01	1.914542518081595035e-01	1.914542518081595035e-01	1.914542518081595035e-01	1.914542518081595035e-01	1.914542518081595035e-01	1.914542518081595035e-01	1.914542518081595035e-01	1.914542518081595035e-01	1.914542518081595035e-01	2.090032154340840109e-01	2.304147465437789977e-01	7.373271889400920265e-02	1.914542518081595035e-01	1.914542518081595035e-01	1.914542518081595035e-01	1.914542518081595035e-01	1.914542518081595035e-01	1.914542518081595035e-01	2.867647058823529771e-01	2.427184466019420006e-01	1.914542518081595035e-01	1.914542518081595035e-01	1.396226415094339868e-01	1.914542518081595035e-01	1.914542518081595035e-01	1.914542518081595035e-01	2.702702702702700077e-01	1.952054794520549919e-01	2.569169960474310122e-01	1.914542518081595035e-01	1.914542518081595035e-01	1.914542518081595035e-01	1.914542518081595035e-01	2.587719298245609867e-01	1.914542518081595035e-01	1.914542518081595035e-01	2.800000000000000266e-01	1.914542518081595035e-01	1.914542518081595035e-01	1.914542518081595035e-01	1.914542518081595035e-01	1.914542518081595035e-01	1.914542518081595035e-01	1.914542518081595035e-01	1.914542518081595035e-01	1.914542518081595035e-01	1.914542518081595035e-01	1.914542518081595035e-01	2.224880382775120125e-01	1.914542518081595035e-01	1.546052631578949954e-01	7.905138339920950163e-02	1.914542518081595035e-01	1.914542518081595035e-01	1.914542518081595035e-01	2.686567164179100020e-01	1.914542518081595035e-01	1.914542518081595035e-01	1.914542518081595035e-01	1.643454038997209932e-01	1.799485861182520130e-01	1.914542518081595035e-01	1.914542518081595035e-01	1.914542518081595035e-01	1.914542518081595035e-01	1.914542518081595035e-01	3.070175438596490225e-01	1.914542518081595035e-01	2.662721893491120095e-01	1.914542518081595035e-01	1.914542518081595035e-01	1.914542518081595035e-01	1.358490566037739988e-01	1.934156378600820070e-01	1.914542518081595035e-01	1.914542518081595035e-01	2.163461538461539935e-01	2.466960352422910008e-01	1.914542518081595035e-01	1.352313167259789894e-01	1.914542518081595035e-01	1.914542518081595035e-01	1.914542518081595035e-01	1.914542518081595035e-01	1.914542518081595035e-01	1.914542518081595035e-01	1.914542518081595035e-01	1.914542518081595035e-01	1.914542518081595035e-01	2.705882352941180180e-01	1.787234042553189906e-01	1.914542518081595035e-01	1.914542518081595035e-01	3.716814159292040065e-01	1.914542518081595035e-01	1.914542518081595035e-01	2.953736654804269834e-01	1.914542518081595035e-01	1.357615894039740090e-01	2.357414448669200024e-01	2.342007434944239908e-01	1.914542518081595035e-01	1.914542518081595035e-01	2.086614173228349967e-01
2.761904761904759864e-01	1.085271317829459986e-01	1.914542518081595035e-01	1.914542518081595035e-01	1.914542518081595035e-01	1.914542518081595035e-01	1.914542518081595035e-01	1.914542518081595035e-01	1.914542518081595035e-01	3.232758620689660245e-01	1.000000000000000000e+00	1.914542518081595035e-01	1.914542518081595035e-01	1.914542518081595035e-01	1.914542518081595035e-01	1.914542518081595035e-01	1.914542518081595035e-01	1.914542518081595035e-01	1.914542518081595035e-01	3.398058252427180181e-01	1.914542518081595035e-01	1.914542518081595035e-01	1.914542518081595035e-01	1.914542518081595035e-01	1.914542518081595035e-01	1.914542518081595035e-01	1.914542518081595035e-01	1.914542518081595035e-01	1.914542518081595035e-01	1.914542518081595035e-01	3.870967741935479878e-01	1.914542518081595035e-01	1.914542518081595035e-01	1.649484536082470032e-01	2.086956521739130044e-01	1.914542518081595035e-01	1.914542518081595035e-01	2.142857142857139963e-01	1.914542518081595035e-01	1.914542518081595035e-01	1.914542518081595035e-01	1.914542518081595035e-01	1.914542518081595035e-01	1.914542518081595035e-01	1.914542518081595035e-01	1.914542518081595035e-01	1.914542518081595035e-01	1.914542518081595035e-01	1.914542518081595035e-01	1.914542518081595035e-01	1.914542518081595035e-01	1.914542518081595035e-01	1.914542518081595035e-01	1.914542518081595035e-01	2.675438596491229726e-01	1.914542518081595035e-01	1.914542518081595035e-01	1.914542518081595035e-01	1.914542518081595035e-01	2.186046511627910138e-01	1.914542518081595035e-01	1.914542518081595035e-01	1.914542518081595035e-01	7.929515418502200430e-02	1.914542518081595035e-01	2.823129251700680076e-01	3.155555555555559777e-01	1.191709844559590004e-01	1.914542518081595035e-01	1.914542518081595035e-01	1.914542518081595035e-01	1.914542518081595035e-01	2.707423580786029738e-01	1.914542518081595035e-01	9.236947791164659693e-02	4.344827586206900238e-01	1.914542518081595035e-01	1.914542518081595035e-01	1.914542518081595035e-01	1.914542518081595035e-01	2.064343163538870096e-01	6.622516556291389855e-03	1.089494163424119949e-01	1.914542518081595035e-01	3.405172413793099984e-01	1.914542518081595035e-01	1.914542518081595035e-01	1.914542518081595035e-01	1.918604651162789942e-01	1.914542518081595035e-01	1.914542518081595035e-01	2.328767123287669993e-01	1.914542518081595035e-01	1.914542518081595035e-01	1.914542518081595035e-01	1.914542518081595035e-01	2.577319587628870146e-01	1.914542518081595035e-01	2.449799196787149913e-01	1.914542518081595035e-01	1.914542518081595035e-01	1.914542518081595035e-01	1.914542518081595035e-01	1.914542518081595035e-01	1.914542518081595035e-01	2.276422764227639950e-01	1.914542518081595035e-01	1.914542518081595035e-01	2.307692307692310041e-01	1.914542518081595035e-01	3.073170731707319803e-01	1.779359430604980086e-01	1.914542518081595035e-01	1.914542518081595035e-01	1.914542518081595035e-01	1.914542518081595035e-01	3.148148148148149916e-01	1.914542518081595035e-01	1.597222222222219878e-01	2.845528455284550007e-01	1.914542518081595035e-01	1.914542518081595035e-01	2.433628318584070138e-01	1.914542518081595035e-01
1.914542518081595035e-01	1.914542518081595035e-01	1.925675675675679877e-01	1.914542518081595035e-01	1.581395348837210113e-01	1.914542518081595035e-01	1.914542518081595035e-01	1.914542518081595035e-01	1.914542518081595035e-01	3.702127659574470098e-01	1.914542518081595035e-01	1.000000000000000000e+00	2.241992882562280076e-01	1.914542518081595035e-01	1.914542518081595035e-01	1.566820276497699893e-01	1.914542518081595035e-01	1.914542518081595035e-01	1.914542518081595035e-01	3.857142857142860093e-01	2.831325301204820066e-01	4.724770642201829851e-01	4.155251141552510075e-01	1.914542518081595035e-01	1.914542518081595035e-01	2.335766423357659993e-01	1.914542518081595035e-01	1.914542518081595035e-01	1.914542518081595035e-01	1.914542518081595035e-01	1.914542518081595035e-01	7.174887892376680121e-02	1.914542518081595035e-01	1.914542518081595035e-01	1.914542518081595035e-01	1.914542518081595035e-01	2.925764192139739817e-01	1.810699588477369948e-01	1.914542518081595035e-01	1.914542518081595035e-01	1.914542518081595035e-01	1.914542518081595035e-01	1.914542518081595035e-01	1.914542518081595035e-01	2.357512953367880137e-01	1.914542518081595035e-01	1.914542518081595035e-01	1.914542518081595035e-01	1.914542518081595035e-01	1.914542518081595035e-01	1.914542518081595035e-01	1.914542518081595035e-01	1.914542518081595035e-01	1.914542518081595035e-01	1.647509578544059938e-01	1.239669421487600010e-01	1.914542518081595035e-01	1.914542518081595035e-01	1.914542518081595035e-01	1.914542518081595035e-01	1.914542518081595035e-01	1.914542518081595035e-01	1.914542518081595035e-01	8.333333333333330095e-02	1.914542518081595035e-01	1.914542518081595035e-01	1.914542518081595035e-01	9.478672985781989857e-02	2.280285035629449897e-01	1.914542518081595035e-01	1.442307692307689959e-01	8.560311284046689950e-02	3.721973094170399898e-01	1.914542518081595035e-01	1.914542518081595035e-01	1.914542518081595035e-01	1.985294117647060097e-01	1.914542518081595035e-01	1.718213058419240102e-01	1.914542518081595035e-01	1.914542518081595035e-01	1.914542518081595035e-01	1.914542518081595035e-01	1.250000000000000000e-01	1.914542518081595035e-01	1.914542518081595035e-01	1.914542518081595035e-01	1.914542518081595035e-01	1.914542518081595035e-01	1.914542518081595035e-01	2.742616033755270188e-01	1.914542518081595035e-01	1.914542518081595035e-01	1.914542518081595035e-01	1.914542518081595035e-01	3.347826086956520175e-01	1.914542518081595035e-01	1.914542518081595035e-01	1.914542518081595035e-01	1.284722222222219878e-01	1.914542518081595035e-01	2.066115702479340011e-01	1.459074733096089871e-01	3.907563025210080143e-01	1.914542518081595035e-01	1.828358208955219999e-01	4.017467248908300204e-01	1.631205673758870101e-01	1.914542518081595035e-01	1.914542518081595035e-01	1.914542518081595035e-01	1.914542518081595035e-01	3.052208835341370108e-01	1.914542518081595035e-01	1.914542518081595035e-01	1.914542518081595035e-01	1.914542518081595035e-01	1.914542518081595035e-01	1.914542518081595035e-01	1.914542518081595035e-01	2.290909090909090118e-01	1.914542518081595035e-01	1.914542518081595035e-01	1.914542518081595035e-01
