1.000000000000000000e+00	2.769511092488859960e-01	2.292768959435630138e-01	2.769511092488859960e-01	2.769511092488859960e-01	3.236658932714620018e-01	2.769511092488859960e-01	2.769511092488859960e-01	2.769511092488859960e-01	2.769511092488859960e-01	2.919161676646709891e-01	2.769511092488859960e-01	2.769511092488859960e-01	2.769511092488859960e-01	2.769511092488859960e-01	2.769511092488859960e-01	2.769511092488859960e-01	2.769511092488859960e-01	2.769511092488859960e-01	2.769511092488859960e-01	3.366708385481850252e-01	2.769511092488859960e-01	2.769511092488859960e-01	2.949526813880130049e-01	2.769511092488859960e-01	2.769511092488859960e-01	2.769511092488859960e-01	2.769511092488859960e-01	2.563636363636360160e-01	2.876712328767119797e-01	2.769511092488859960e-01	2.769511092488859960e-01	2.769511092488859960e-01	2.769511092488859960e-01	2.308998302207130038e-01	2.769511092488859960e-01	2.437619961612280117e-01	2.769511092488859960e-01	3.746397694524499777e-01	2.769511092488859960e-01	2.769511092488859960e-01	2.769511092488859960e-01	1.773195876288659878e-01	1.980769230769230116e-01	2.769511092488859960e-01	2.769511092488859960e-01	2.769511092488859960e-01	2.769511092488859960e-01	3.084112149532710068e-01	2.769511092488859960e-01	2.769511092488859960e-01	2.769511092488859960e-01	2.769511092488859960e-01	2.483974358974359864e-01	2.336283185840709875e-01	2.769511092488859960e-01	2.769511092488859960e-01	2.769511092488859960e-01	2.769511092488859960e-01	2.769511092488859960e-01	2.769511092488859960e-01	2.769511092488859960e-01	2.950257289879930078e-01	2.769511092488859960e-01	2.769511092488859960e-01	2.769511092488859960e-01	2.769511092488859960e-01	2.769511092488859960e-01	3.505859375000000000e-01	1.674107142857139963e-01	2.769511092488859960e-01	2.769511092488859960e-01	3.095238095238099785e-01	2.769511092488859960e-01	2.769511092488859960e-01	2.769511092488859960e-01	2.769511092488859960e-01	2.769511092488859960e-01	2.769511092488859960e-01	2.753846153846150058e-01	2.769511092488859960e-01	2.769511092488859960e-01	2.769511092488859960e-01	2.769511092488859960e-01	2.769511092488859960e-01	2.769511092488859960e-01	2.769511092488859960e-01	2.769511092488859960e-01	1.359649122807020105e-01	2.769511092488859960e-01	2.286689419795220057e-01	2.769511092488859960e-01	2.769511092488859960e-01	2.769511092488859960e-01	2.769511092488859960e-01	4.295081967213110197e-01	2.769511092488859960e-01	2.404181184668990057e-01	2.769511092488859960e-01	2.769511092488859960e-01	2.769511092488859960e-01	2.234432234432230102e-01	2.769511092488859960e-01	2.769511092488859960e-01	2.769511092488859960e-01	2.769511092488859960e-01	2.769511092488859960e-01	2.750000000000000222e-01	2.769511092488859960e-01	2.769511092488859960e-01	2.165991902834009941e-01	2.769511092488859960e-01	2.769511092488859960e-01	2.769511092488859960e-01	2.545787545787550066e-01	2.769511092488859960e-01	2.769511092488859960e-01	2.769511092488859960e-01	2.689075630252100169e-01	2.769511092488859960e-01	2.404458598726109952e-01	2.364425162689799964e-01	2.834890965732089763e-01	2.769511092488859960e-01
2.769511092488859960e-01	1.000000000000000000e+00	3.318681318681320214e-01	5.180084745762709719e-01	2.769511092488859960e-01	2.769511092488859960e-01	2.769511092488859960e-01	2.769511092488859960e-01	3.484358144552319736e-01	2.769511092488859960e-01	2.769511092488859960e-01	4.507936507936510240e-01	2.769511092488859960e-01	2.769511092488859960e-01	1.178451178451180026e-01	2.769511092488859960e-01	2.769511092488859960e-01	2.769511092488859960e-01	2.850924918389550200e-01	3.326110509209099786e-01	2.769511092488859960e-01	2.769511092488859960e-01	2.769511092488859960e-01	4.227902023429179756e-01	4.063829787234040092e-01	2.769511092488859960e-01	2.769511092488859960e-01	5.211416490486260322e-01	2.769511092488859960e-01	2.769511092488859960e-01	2.769511092488859960e-01	2.769511092488859960e-01	2.769511092488859960e-01	3.453159041394340267e-01	2.769511092488859960e-01	2.769511092488859960e-01	2.769511092488859960e-01	2.769511092488859960e-01	2.769511092488859960e-01	2.769511092488859960e-01	2.769511092488859960e-01	2.769511092488859960e-01	2.769511092488859960e-01	2.769511092488859960e-01	2.769511092488859960e-01	2.769511092488859960e-01	2.769511092488859960e-01	2.769511092488859960e-01	4.538626609442060200e-01	2.769511092488859960e-01	4.133476856835309743e-01	2.769511092488859960e-01	2.769511092488859960e-01	3.989189189189190077e-01	2.769511092488859960e-01	2.042175360710319909e-01	2.769511092488859960e-01	1.864406779661020030e-01	2.769511092488859960e-01	2.769511092488859960e-01	2.769511092488859960e-01	2.524698133918770182e-01	2.769511092488859960e-01	2.769511092488859960e-01	2.769511092488859960e-01	2.769511092488859960e-01	3.867822318526539793e-01	2.769511092488859960e-01	2.769511092488859960e-01	2.769511092488859960e-01	4.358974358974360142e-01	2.769511092488859960e-01	2.769511092488859960e-01	2.913472070098580002e-01	3.879781420765029964e-01	2.769511092488859960e-01	2.769511092488859960e-01	2.769511092488859960e-01	2.769511092488859960e-01	2.769511092488859960e-01	2.769511092488859960e-01	2.769511092488859960e-01	2.769511092488859960e-01	2.769511092488859960e-01	4.431578947368419730e-01	2.769511092488859960e-01	2.769511092488859960e-01	2.769511092488859960e-01	2.769511092488859960e-01	4.836670179135930114e-01	3.322545846817689941e-01	2.769511092488859960e-01	2.769511092488859960e-01	2.769511092488859960e-01	2.769511092488859960e-01	2.769511092488859960e-01	1.577181208053690109e-01	2.769511092488859960e-01	2.769511092488859960e-01	2.769511092488859960e-01	3.347732181425490117e-01	2.769511092488859960e-01	2.769511092488859960e-01	2.769511092488859960e-01	2.769511092488859960e-01	2.769511092488859960e-01	4.642857142857140240e-01	2.769511092488859960e-01	2.769511092488859960e-01	3.931623931623929868e-01	2.769511092488859960e-01	2.769511092488859960e-01	2.769511092488859960e-01	2.769511092488859960e-01	2.769511092488859960e-01	4.315789473684210065e-01	2.769511092488859960e-01	2.800000000000000266e-01	2.769511092488859960e-01	2.769511092488859960e-01	2.769511092488859960e-01	2.109375000000000000e-01	4.184322033898310034e-01	2.769511092488859960e-01
2.292768959435630138e-01	3.318681318681320214e-01	1.000000000000000000e+00	2.769511092488859960e-01	2.769511092488859960e-01	2.769511092488859960e-01	2.091097308488610029e-01	2.769511092488859960e-01	2.769511092488859960e-01	2.676518883415440198e-01	2.769511092488859960e-01	2.769511092488859960e-01	2.769511092488859960e-01	2.769511092488859960e-01	1.528822055137840086e-01	2.769511092488859960e-01	2.769511092488859960e-01	2.769511092488859960e-01	2.769511092488859960e-01	2.769511092488859960e-01	2.769511092488859960e-01	2.802919708029200097e-01	3.094841930116469797e-01	2.769511092488859960e-01	2.769511092488859960e-01	2.769511092488859960e-01	2.769511092488859960e-01	3.144104803493449896e-01	2.769511092488859960e-01	2.769511092488859960e-01	2.769511092488859960e-01	2.769511092488859960e-01	2.471169686985169867e-01	2.769511092488859960e-01	2.769511092488859960e-01	2.769511092488859960e-01	2.769511092488859960e-01	2.769511092488859960e-01	3.030726256983239941e-01	2.769511092488859960e-01	2.769511092488859960e-01	2.955182072829130036e-01	1.853448275862069894e-01	2.285714285714290084e-01	3.392018779342719781e-01	2.769511092488859960e-01	2.448210922787190102e-01	2.769511092488859960e-01	2.769511092488859960e-01	2.769511092488859960e-01	2.864238410596030016e-01	2.769511092488859960e-01	2.769511092488859960e-01	3.091537132987909886e-01	2.769511092488859960e-01	1.960784313725489891e-01	2.769511092488859960e-01	2.769511092488859960e-01	2.769511092488859960e-01	2.769511092488859960e-01	2.769511092488859960e-01	2.296747967479670083e-01	2.769511092488859960e-01	2.772988505747129850e-01	2.823315118397090040e-01	2.769511092488859960e-01	2.399999999999999911e-01	2.769511092488859960e-01	2.769511092488859960e-01	2.769511092488859960e-01	3.159609120521170156e-01	2.769511092488859960e-01	2.769511092488859960e-01	2.769511092488859960e-01	2.769511092488859960e-01	2.769511092488859960e-01	2.769511092488859960e-01	2.769511092488859960e-01	2.769511092488859960e-01	2.769511092488859960e-01	3.294930875576039808e-01	2.769511092488859960e-01	1.721132897603490086e-01	3.153374233128830029e-01	2.769511092488859960e-01	2.769511092488859960e-01	2.769511092488859960e-01	2.769511092488859960e-01	1.861575178997610103e-01	2.769511092488859960e-01	2.769511092488859960e-01	2.345924453280320010e-01	2.769511092488859960e-01	2.769511092488859960e-01	2.769511092488859960e-01	2.701492537313430198e-01	2.769511092488859960e-01	2.769511092488859960e-01	2.769511092488859960e-01	2.769511092488859960e-01	2.769511092488859960e-01	2.769511092488859960e-01	2.769511092488859960e-01	3.081967213114750193e-01	2.769511092488859960e-01	2.769511092488859960e-01	2.825112107623319879e-01	2.769511092488859960e-01	2.769511092488859960e-01	2.769511092488859960e-01	2.769511092488859960e-01	2.930756843800320088e-01	2.769511092488859960e-01	2.769511092488859960e-01	2.769511092488859960e-01	2.854914196567859830e-01	2.769511092488859960e-01	2.769511092488859960e-01	2.590051457975989790e-01	2.807971014492749995e-01	2.769511092488859960e-01	2.119205298013250027e-01	2.705696202531649996e-01	2.860215053763440207e-01
2.769511092488859960e-01	5.180084745762709719e-01	2.769511092488859960e-01	1.000000000000000000e+00	2.889518413597729762e-01	2.769511092488859960e-01	2.769511092488859960e-01	3.541076487252119986e-01	2.769511092488859960e-01	2.769511092488859960e-01	3.968462549277270157e-01	2.769511092488859960e-01	2.769511092488859960e-01	2.769511092488859960e-01	2.769511092488859960e-01	2.979020979020979842e-01	2.769511092488859960e-01	2.769511092488859960e-01	2.769511092488859960e-01	2.769511092488859960e-01	4.574712643678159885e-01	2.769511092488859960e-01	2.769511092488859960e-01	3.723118279569890277e-01	2.769511092488859960e-01	2.769511092488859960e-01	2.769511092488859960e-01	2.769511092488859960e-01	2.875722543352600136e-01	2.769511092488859960e-01	2.769511092488859960e-01	2.769511092488859960e-01	2.769511092488859960e-01	2.769511092488859960e-01	2.769511092488859960e-01	3.127690100430419728e-01	2.769511092488859960e-01	2.769511092488859960e-01	2.769511092488859960e-01	2.769511092488859960e-01	2.769511092488859960e-01	3.924665856622109872e-01	2.122641509433960127e-01	2.769511092488859960e-01	4.820457018498370272e-01	2.769511092488859960e-01	2.769511092488859960e-01	2.769511092488859960e-01	2.769511092488859960e-01	4.098984771573599972e-01	2.769511092488859960e-01	2.769511092488859960e-01	2.769511092488859960e-01	2.769511092488859960e-01	2.769511092488859960e-01	2.769511092488859960e-01	2.769511092488859960e-01	2.769511092488859960e-01	2.769511092488859960e-01	2.769511092488859960e-01	2.769511092488859960e-01	2.769511092488859960e-01	3.337988826815639909e-01	2.769511092488859960e-01	3.252148997134670094e-01	2.769511092488859960e-01	2.769511092488859960e-01	2.769511092488859960e-01	2.769511092488859960e-01	2.769511092488859960e-01	3.775100401606429901e-01	5.230296827021490014e-01	2.769511092488859960e-01	2.769511092488859960e-01	2.769511092488859960e-01	2.769511092488859960e-01	3.642857142857139907e-01	3.591836734693880095e-01	2.769511092488859960e-01	2.769511092488859960e-01	2.769511092488859960e-01	2.769511092488859960e-01	2.769511092488859960e-01	4.577226606538900011e-01	3.858267716535430103e-01	2.769511092488859960e-01	2.769511092488859960e-01	2.769511092488859960e-01	2.769511092488859960e-01	2.769511092488859960e-01	2.769511092488859960e-01	2.769511092488859960e-01	2.769511092488859960e-01	2.769511092488859960e-01	2.769511092488859960e-01	2.769511092488859960e-01	2.203389830508470093e-01	3.392070484581499734e-01	2.261904761904759975e-01	2.769511092488859960e-01	3.119658119658120232e-01	2.769511092488859960e-01	2.769511092488859960e-01	3.751686909581650187e-01	3.101449275362320179e-01	2.769511092488859960e-01	2.769511092488859960e-01	2.769511092488859960e-01	2.769511092488859960e-01	2.769511092488859960e-01	2.769511092488859960e-01	3.837837837837840271e-01	2.769511092488859960e-01	2.769511092488859960e-01	2.769511092488859960e-01	3.642297650130549846e-01	2.769511092488859960e-01	2.769511092488859960e-01	2.769511092488859960e-01	3.295128939828079750e-01	3.711484593837540147e-01	2.145110410094639986e-01	3.819163292847500002e-01	2.769511092488859960e-01
2.769511092488859960e-01	2.769511092488859960e-01	2.769511092488859960e-01	2.889518413597729762e-01	1.000000000000000000e+00	3.266978922716630152e-01	2.085020242914980004e-01	2.769511092488859960e-01	2.769511092488859960e-01	2.323390894819470087e-01	2.769511092488859960e-01	2.769511092488859960e-01	2.558922558922560042e-01	2.769511092488859960e-01	2.769511092488859960e-01	2.769511092488859960e-01	2.835820895522390139e-01	2.769511092488859960e-01	2.769511092488859960e-01	2.295652173913040051e-01	2.769511092488859960e-01	2.769511092488859960e-01	2.841091492776889882e-01	2.783018867924529904e-01	2.769511092488859960e-01	3.055181695827730026e-01	2.769511092488859960e-01	3.123209169054440015e-01	2.769511092488859960e-01	2.769511092488859960e-01	2.759856630824369939e-01	1.042183622828779938e-01	2.769511092488859960e-01	2.318339100346019921e-01	3.228782287822880015e-01	2.769511092488859960e-01	2.769511092488859960e-01	2.600349040139620094e-01	2.769511092488859960e-01	3.176020408163269804e-01	2.769511092488859960e-01	2.769511092488859960e-01	2.239130434782609924e-01	2.769511092488859960e-01	3.264367816091949814e-01	2.769511092488859960e-01	2.716981132075469985e-01	2.769511092488859960e-01	2.769511092488859960e-01	2.863247863247859737e-01	2.660256410256410242e-01	2.769511092488859960e-01	1.286863270777479917e-01	2.769511092488859960e-01	2.769511092488859960e-01	1.856540084388189904e-01	2.769511092488859960e-01	1.607929515418499988e-01	2.769511092488859960e-01	2.585616438356159730e-01	2.769511092488859960e-01	2.769511092488859960e-01	2.769511092488859960e-01	2.769511092488859960e-01	2.769511092488859960e-01	2.769511092488859960e-01	2.409836065573769948e-01	1.712328767123290074e-01	2.769511092488859960e-01	2.769511092488859960e-01	2.769511092488859960e-01	3.291796469366560229e-01	2.769511092488859960e-01	2.769511092488859960e-01	2.769511092488859960e-01	2.769511092488859960e-01	2.769511092488859960e-01	2.456692913385830068e-01	2.769511092488859960e-01	2.769511092488859960e-01	3.337142857142860186e-01	1.133144475920679940e-02	2.769511092488859960e-01	3.312883435582820169e-01	2.769511092488859960e-01	2.769511092488859960e-01	2.769511092488859960e-01	2.769511092488859960e-01	2.769511092488859960e-01	2.769511092488859960e-01	2.318339100346019921e-01	2.769511092488859960e-01	2.769511092488859960e-01	2.769511092488859960e-01	2.769511092488859960e-01	2.769511092488859960e-01	2.769511092488859960e-01	2.416225749559079983e-01	2.769511092488859960e-01	2.769511092488859960e-01	2.508771929824559765e-01	2.769511092488859960e-01	2.769511092488859960e-01	2.769511092488859960e-01	2.769511092488859960e-01	2.769511092488859960e-01	2.496413199426109897e-01	2.769511092488859960e-01	2.706422018348619840e-01	2.769511092488859960e-01	2.769511092488859960e-01	2.870662460567819929e-01	2.769511092488859960e-01	2.729927007299269848e-01	2.046263345195729888e-01	2.769511092488859960e-01	2.769511092488859960e-01	2.332089552238809926e-01	2.306425041186160041e-01	2.769511092488859960e-01	2.769511092488859960e-01	2.769511092488859960e-01	2.612055641421949792e-01	2.769511092488859960e-01
3.236658932714620018e-01	2.769511092488859960e-01	2.769511092488859960e-01	2.769511092488859960e-01	3.266978922716630152e-01	1.000000000000000000e+00	2.769511092488859960e-01	2.769511092488859960e-01	2.769511092488859960e-01	2.769511092488859960e-01	2.769511092488859960e-01	4.290502793296089856e-01	2.769511092488859960e-01	2.769511092488859960e-01	1.257783312577830104e-01	2.769511092488859960e-01	2.769511092488859960e-01	2.769511092488859960e-01	2.841981132075470096e-01	2.769511092488859960e-01	5.645330535152149887e-01	4.580573951434879776e-01	3.956916099773239992e-01	4.088335220838050232e-01	2.769511092488859960e-01	2.769511092488859960e-01	1.432098765432099907e-01	2.769511092488859960e-01	3.075117370892019864e-01	2.769511092488859960e-01	2.769511092488859960e-01	2.769511092488859960e-01	2.769511092488859960e-01	2.769511092488859960e-01	3.585798816568049885e-01	2.769511092488859960e-01	2.482517482517480056e-01	3.375870069605569901e-01	5.065645514223190427e-01	2.769511092488859960e-01	2.769511092488859960e-01	2.769511092488859960e-01	2.769511092488859960e-01	2.725060827250609941e-01	6.323377960865089742e-01	2.769511092488859960e-01	2.769511092488859960e-01	2.769511092488859960e-01	2.769511092488859960e-01	5.022522522522520072e-01	2.769511092488859960e-01	2.769511092488859960e-01	2.769511092488859960e-01	2.769511092488859960e-01	2.769511092488859960e-01	2.769511092488859960e-01	4.298745724059290230e-01	2.769511092488859960e-01	2.769511092488859960e-01	3.417721518987340001e-01	2.769511092488859960e-01	2.769511092488859960e-01	2.769511092488859960e-01	2.769511092488859960e-01	2.769511092488859960e-01	4.509371554575519747e-01	2.769511092488859960e-01	2.769511092488859960e-01	2.769511092488859960e-01	2.769511092488859960e-01	2.769511092488859960e-01	2.769511092488859960e-01	2.769511092488859960e-01	2.955899880810490266e-01	2.769511092488859960e-01	2.769511092488859960e-01	2.769511092488859960e-01	2.769511092488859960e-01	2.601431980906919739e-01	4.457274826789839883e-01	2.769511092488859960e-01	2.769511092488859960e-01	2.769511092488859960e-01	8.287092882991560217e-01	2.769511092488859960e-01	1.400491400491399863e-01	2.769511092488859960e-01	2.769511092488859960e-01	2.769511092488859960e-01	4.525386313465780130e-01	2.769511092488859960e-01	2.648456057007130271e-01	7.267206477732790493e-01	3.967517401392109955e-01	2.769511092488859960e-01	2.769511092488859960e-01	2.769511092488859960e-01	2.769511092488859960e-01	2.769511092488859960e-01	2.769511092488859960e-01	2.769511092488859960e-01	2.769511092488859960e-01	2.769511092488859960e-01	2.769511092488859960e-01	2.769511092488859960e-01	3.096926713947990017e-01	4.434589800443459739e-01	2.769511092488859960e-01	2.769511092488859960e-01	2.769511092488859960e-01	2.769511092488859960e-01	2.769511092488859960e-01	2.769511092488859960e-01	2.769511092488859960e-01	2.769511092488859960e-01	4.360135900339749959e-01	3.821510297482840213e-01	2.769511092488859960e-01	3.665893271461719838e-01	3.337195828505210016e-01	2.769511092488859960e-01	2.080291970802919943e-01	3.809523809523809867e-01	2.660996354799510244e-01
2.769511092488859960e-01	2.769511092488859960e-01	2.091097308488610029e-01	2.769511092488859960e-01	2.085020242914980004e-01	2.769511092488859960e-01	1.000000000000000000e+00	2.769511092488859960e-01	1.938579654510559913e-01	2.769511092488859960e-01	2.769511092488859960e-01	2.769511092488859960e-01	1.958955223880599894e-01	2.769511092488859960e-01	2.769511092488859960e-01	2.769511092488859960e-01	2.769511092488859960e-01	2.769511092488859960e-01	2.769511092488859960e-01	2.769511092488859960e-01	2.275064267352190084e-01	2.769511092488859960e-01	2.769511092488859960e-01	2.334494773519160127e-01	2.769511092488859960e-01	2.769511092488859960e-01	2.769511092488859960e-01	2.769511092488859960e-01	2.769511092488859960e-01	1.938110749185670001e-01	2.769511092488859960e-01	2.769511092488859960e-01	2.769511092488859960e-01	2.769511092488859960e-01	2.142857142857139963e-01	2.769511092488859960e-01	2.769511092488859960e-01	2.769511092488859960e-01	2.769511092488859960e-01	2.769511092488859960e-01	2.260273972602739878e-01	2.769511092488859960e-01	1.896103896103900066e-01	3.043478260869569851e-01	2.769511092488859960e-01	1.922398589065260066e-01	2.769511092488859960e-01	2.769511092488859960e-01	2.016528925619829882e-01	2.769511092488859960e-01	2.769511092488859960e-01	2.164781906300480008e-01	1.087719298245610061e-01	2.769511092488859960e-01	2.769511092488859960e-01	2.769511092488859960e-01	2.769511092488859960e-01	2.769511092488859960e-01	2.769511092488859960e-01	2.769511092488859960e-01	2.769511092488859960e-01	2.769511092488859960e-01	2.769511092488859960e-01	2.769511092488859960e-01	2.769511092488859960e-01	2.769511092488859960e-01	2.118959107806689945e-01	1.333333333333329984e-01	2.402343750000000000e-01	2.769511092488859960e-01	2.323580034423410046e-01	2.769511092488859960e-01	2.769511092488859960e-01	2.769511092488859960e-01	3.209876543209880251e-01	2.769511092488859960e-01	2.769511092488859960e-01	2.769511092488859960e-01	2.769511092488859960e-01	2.769511092488859960e-01	2.769511092488859960e-01	2.769511092488859960e-01	2.769511092488859960e-01	2.769511092488859960e-01	2.769511092488859960e-01	1.597633136094669948e-01	1.923809523809519861e-01	2.769511092488859960e-01	1.876832844574780057e-01	2.769511092488859960e-01	2.769511092488859960e-01	2.769511092488859960e-01	2.769511092488859960e-01	2.101449275362320124e-01	2.769511092488859960e-01	2.769511092488859960e-01	2.769511092488859960e-01	2.769511092488859960e-01	2.769511092488859960e-01	2.769511092488859960e-01	1.875000000000000000e-01	2.769511092488859960e-01	1.939393939393939947e-01	2.130584192439859970e-01	2.769511092488859960e-01	2.769511092488859960e-01	2.006269592476490060e-01	2.290388548057259999e-01	2.769511092488859960e-01	2.769511092488859960e-01	1.619047619047619957e-01	2.769511092488859960e-01	2.769511092488859960e-01	2.769511092488859960e-01	2.769511092488859960e-01	2.406779661016950067e-01	2.769511092488859960e-01	2.769511092488859960e-01	2.769511092488859960e-01	1.714285714285710138e-01	2.087114337568060085e-01	2.769511092488859960e-01	2.112436115843270013e-01	2.769511092488859960e-01
2.769511092488859960e-01	2.769511092488859960e-01	2.769511092488859960e-01	3.541076487252119986e-01	2.769511092488859960e-01	2.769511092488859960e-01	2.769511092488859960e-01	1.000000000000000000e+00	2.769511092488859960e-01	3.468395461912480160e-01	2.769511092488859960e-01	2.769511092488859960e-01	2.769511092488859960e-01	2.745664739884389749e-01	2.769511092488859960e-01	2.557377049180329931e-01	2.769511092488859960e-01	2.769511092488859960e-01	2.438162544169610035e-01	2.676767676767680126e-01	2.769511092488859960e-01	2.769511092488859960e-01	3.095975232198139859e-01	2.769511092488859960e-01	3.370253164556960002e-01	3.439153439153440073e-01	1.461864406779659897e-01	2.769511092488859960e-01	2.769511092488859960e-01	2.769511092488859960e-01	2.769511092488859960e-01	2.769511092488859960e-01	2.769511092488859960e-01	2.769511092488859960e-01	2.549342105263159852e-01	2.982758620689660023e-01	2.769511092488859960e-01	2.769511092488859960e-01	2.769511092488859960e-01	2.769511092488859960e-01	2.769511092488859960e-01	3.279352226720649854e-01	1.802325581395350096e-01	2.769511092488859960e-01	3.777267508610789859e-01	2.742681047765789804e-01	2.769511092488859960e-01	2.946859903381640056e-01	2.769511092488859960e-01	3.635057471264370177e-01	2.769511092488859960e-01	3.313696612665680274e-01	2.769511092488859960e-01	2.769511092488859960e-01	2.940140845070419728e-01	2.769511092488859960e-01	2.769511092488859960e-01	2.769511092488859960e-01	2.769511092488859960e-01	2.769511092488859960e-01	7.882882882882880082e-02	2.769511092488859960e-01	2.873376623376620032e-01	2.769511092488859960e-01	2.769511092488859960e-01	2.769511092488859960e-01	2.769511092488859960e-01	2.769511092488859960e-01	3.876953125000000000e-01	2.769511092488859960e-01	2.769511092488859960e-01	2.769511092488859960e-01	2.769511092488859960e-01	2.769511092488859960e-01	2.769511092488859960e-01	2.769511092488859960e-01	2.769511092488859960e-01	2.769511092488859960e-01	2.769511092488859960e-01	2.769511092488859960e-01	2.769511092488859960e-01	4.987531172069829648e-03	2.769511092488859960e-01	2.769511092488859960e-01	2.769511092488859960e-01	2.769511092488859960e-01	2.675367047308320201e-01	2.769511092488859960e-01	2.769511092488859960e-01	2.769511092488859960e-01	2.769511092488859960e-01	2.769511092488859960e-01	2.769511092488859960e-01	2.769511092488859960e-01	1.644736842105259944e-01	2.769511092488859960e-01	2.769511092488859960e-01	2.690355329949239982e-01	2.769511092488859960e-01	2.769511092488859960e-01	2.545454545454550188e-01	2.769511092488859960e-01	2.769511092488859960e-01	2.769511092488859960e-01	2.769511092488859960e-01	2.595818815331010221e-01	2.769511092488859960e-01	2.491694352159470049e-01	2.769511092488859960e-01	2.901716068642750113e-01	1.988742964352719911e-01	2.769511092488859960e-01	3.246217331499309799e-01	2.769511092488859960e-01	2.769511092488859960e-01	2.769511092488859960e-01	3.022151898734179998e-01	2.769511092488859960e-01	2.728731942215090189e-01	2.766666666666670049e-01	2.947702060221870091e-01	2.769511092488859960e-01	3.769968051118209873e-01	2.769511092488859960e-01
2.769511092488859960e-01	3.484358144552319736e-01	2.769511092488859960e-01	2.769511092488859960e-01	2.769511092488859960e-01	2.769511092488859960e-01	1.938579654510559913e-01	2.769511092488859960e-01	1.000000000000000000e+00	2.769511092488859960e-01	2.941176470588239833e-01	2.769511092488859960e-01	2.769511092488859960e-01	2.908545727136430115e-01	2.769511092488859960e-01	2.769511092488859960e-01	3.169642857142859760e-01	2.769511092488859960e-01	2.769511092488859960e-01	2.769511092488859960e-01	2.769511092488859960e-01	2.769511092488859960e-01	2.769511092488859960e-01	3.603896103896099823e-01	2.795031055900619732e-01	3.284379172229640043e-01	2.769511092488859960e-01	3.197755960729309899e-01	2.769511092488859960e-01	3.135464231354639919e-01	2.769511092488859960e-01	9.557109557109559617e-02	2.769511092488859960e-01	2.769511092488859960e-01	2.769511092488859960e-01	3.094812164579610059e-01	2.769511092488859960e-01	2.769511092488859960e-01	2.769511092488859960e-01	3.274780426599749883e-01	2.769511092488859960e-01	2.769511092488859960e-01	1.951219512195120076e-01	2.769511092488859960e-01	2.769511092488859960e-01	3.021001615508889793e-01	2.825688073394500011e-01	3.093645484949830160e-01	2.867867867867869847e-01	2.769511092488859960e-01	2.769511092488859960e-01	2.769511092488859960e-01	2.769511092488859960e-01	2.769511092488859960e-01	2.772808586762069982e-01	2.769511092488859960e-01	2.769511092488859960e-01	2.769511092488859960e-01	1.739130434782610035e-01	2.769511092488859960e-01	2.769511092488859960e-01	2.769511092488859960e-01	2.781456953642379992e-01	2.769511092488859960e-01	2.769511092488859960e-01	2.769511092488859960e-01	2.769511092488859960e-01	2.769511092488859960e-01	3.671875000000000000e-01	2.769511092488859960e-01	2.857142857142859760e-01	2.769511092488859960e-01	2.448979591836729919e-01	2.769511092488859960e-01	2.769511092488859960e-01	2.769511092488859960e-01	2.769511092488859960e-01	2.769511092488859960e-01	2.769511092488859960e-01	2.995391705069119781e-01	2.769511092488859960e-01	2.769511092488859960e-01	1.950207468879670003e-01	2.769511092488859960e-01	2.769511092488859960e-01	2.769511092488859960e-01	2.769511092488859960e-01	2.769511092488859960e-01	2.769511092488859960e-01	2.769511092488859960e-01	2.534013605442180239e-01	2.576335877862599988e-01	3.499480789200419828e-01	2.829581993569130205e-01	1.943793911007029862e-01	3.408748114630469894e-01	2.769511092488859960e-01	2.769511092488859960e-01	2.718253968253970254e-01	3.363057324840760254e-01	2.769511092488859960e-01	2.851782363977489743e-01	2.769511092488859960e-01	2.769511092488859960e-01	2.769511092488859960e-01	2.769511092488859960e-01	2.769511092488859960e-01	2.769511092488859960e-01	3.630573248407639730e-01	2.769511092488859960e-01	2.638036809815950123e-01	3.161189358372459846e-01	2.769511092488859960e-01	2.769511092488859960e-01	2.769511092488859960e-01	2.769511092488859960e-01	2.769511092488859960e-01	2.769511092488859960e-01	2.769511092488859960e-01	2.867012089810019870e-01	2.943089430894310077e-01	2.769511092488859960e-01	2.769511092488859960e-01	2.769511092488859960e-01
2.769511092488859960e-01	2.769511092488859960e-01	2.676518883415440198e-01	2.769511092488859960e-01	2.323390894819470087e-01	2.769511092488859960e-01	2.769511092488859960e-01	3.468395461912480160e-01	2.769511092488859960e-01	1.000000000000000000e+00	3.574529667149060064e-01	2.769511092488859960e-01	2.769511092488859960e-01	2.769511092488859960e-01	1.323828920570259970e-01	2.769511092488859960e-01	2.769511092488859960e-01	2.769511092488859960e-01	2.769511092488859960e-01	2.769511092488859960e-01	3.888213851761849749e-01	2.769511092488859960e-01	2.769511092488859960e-01	3.413173652694609927e-01	3.590138674884439940e-01	2.769511092488859960e-01	1.676767676767680071e-01	3.610354223433239751e-01	2.703150912106139780e-01	3.157142857142860026e-01	2.769511092488859960e-01	8.196721311475410610e-02	3.022900763358780107e-01	2.769511092488859960e-01	2.924071082390949927e-01	2.769511092488859960e-01	2.769511092488859960e-01	2.769511092488859960e-01	2.769511092488859960e-01	2.769511092488859960e-01	3.796178343949039857e-01	3.346405228758170258e-01	2.769511092488859960e-01	2.769511092488859960e-01	2.769511092488859960e-01	2.769511092488859960e-01	2.769511092488859960e-01	2.769511092488859960e-01	3.052781740370900110e-01	3.581267217630850208e-01	2.769511092488859960e-01	3.677325581395349818e-01	2.769511092488859960e-01	2.769511092488859960e-01	2.769511092488859960e-01	1.748633879781419931e-01	2.769511092488859960e-01	2.769511092488859960e-01	2.209737827715360092e-01	2.623456790123460114e-01	2.769511092488859960e-01	2.769511092488859960e-01	2.769511092488859960e-01	2.769511092488859960e-01	2.769511092488859960e-01	2.769511092488859960e-01	2.769511092488859960e-01	2.769511092488859960e-01	2.769511092488859960e-01	2.769511092488859960e-01	2.769511092488859960e-01	4.080578512396689783e-01	2.769511092488859960e-01	2.337228714524209883e-01	2.351190476190480050e-01	2.769511092488859960e-01	3.153724247226620259e-01	3.262518968133539810e-01	2.769511092488859960e-01	2.769511092488859960e-01	2.769511092488859960e-01	9.174311926605510301e-03	2.769511092488859960e-01	2.769511092488859960e-01	2.769511092488859960e-01	2.769511092488859960e-01	3.214285714285710083e-01	2.769511092488859960e-01	2.769511092488859960e-01	2.769511092488859960e-01	2.769511092488859960e-01	2.769511092488859960e-01	2.769511092488859960e-01	2.776119402985069984e-01	2.769511092488859960e-01	2.769511092488859960e-01	1.782178217821779875e-01	2.734627831715210067e-01	2.769511092488859960e-01	3.401937046004839815e-01	2.769511092488859960e-01	2.769511092488859960e-01	2.769511092488859960e-01	2.769511092488859960e-01	2.769511092488859960e-01	2.769511092488859960e-01	2.769511092488859960e-01	2.769511092488859960e-01	3.265602322206099806e-01	3.231240428790200236e-01	2.769511092488859960e-01	2.769511092488859960e-01	3.568521031207599892e-01	3.721264367816090046e-01	2.769511092488859960e-01	3.589364844903989993e-01	3.437500000000000000e-01	2.769511092488859960e-01	2.769511092488859960e-01	2.769511092488859960e-01	2.769511092488859960e-01	2.769511092488859960e-01	2.769511092488859960e-01	2.769511092488859960e-01
2.919161676646709891e-01	2.769511092488859960e-01	2.769511092488859960e-01	3.968462549277270157e-01	2.769511092488859960e-01	2.769511092488859960e-01	2.769511092488859960e-01	2.769511092488859960e-01	2.941176470588239833e-01	3.574529667149060064e-01	1.000000000000000000e+00	2.769511092488859960e-01	2.769511092488859960e-01	2.769511092488859960e-01	2.769511092488859960e-01	2.769511092488859960e-01	2.769511092488859960e-01	3.301127214170689883e-01	3.449419568822549853e-01	2.769511092488859960e-01	4.389086595492289744e-01	3.851261620185920109e-01	2.769511092488859960e-01	2.769511092488859960e-01	2.769511092488859960e-01	2.769511092488859960e-01	1.955719557195569891e-01	4.010484927916119768e-01	2.685887708649469796e-01	3.763888888888889950e-01	2.769511092488859960e-01	2.769511092488859960e-01	2.769511092488859960e-01	2.769511092488859960e-01	2.769511092488859960e-01	3.543307086614170265e-01	2.790322580645159811e-01	2.769511092488859960e-01	3.964421855146120222e-01	4.323671497584539725e-01	2.769511092488859960e-01	2.769511092488859960e-01	2.769511092488859960e-01	2.769511092488859960e-01	2.769511092488859960e-01	2.769511092488859960e-01	2.769511092488859960e-01	2.769511092488859960e-01	4.011379800853490107e-01	2.769511092488859960e-01	3.263009845288329935e-01	2.769511092488859960e-01	8.301886792452829733e-02	2.769511092488859960e-01	2.769511092488859960e-01	2.016806722689080122e-01	3.804809052333800179e-01	1.544991511035649911e-01	2.769511092488859960e-01	2.769511092488859960e-01	2.769511092488859960e-01	2.769511092488859960e-01	4.240506329113920003e-01	2.769511092488859960e-01	2.769511092488859960e-01	3.766578249336869910e-01	3.421828908554570003e-01	2.769511092488859960e-01	4.921875000000000000e-01	2.769511092488859960e-01	2.769511092488859960e-01	2.769511092488859960e-01	3.395638629283490029e-01	2.700156985871269844e-01	2.769511092488859960e-01	2.769511092488859960e-01	3.412816691505219935e-01	3.352192362093350253e-01	2.329635499207609872e-01	2.769511092488859960e-01	2.769511092488859960e-01	5.917159763313610196e-03	1.617161716171620078e-01	4.246260069044879848e-01	2.769511092488859960e-01	2.769511092488859960e-01	2.769511092488859960e-01	2.769511092488859960e-01	2.769511092488859960e-01	2.769511092488859960e-01	2.769511092488859960e-01	2.769511092488859960e-01	4.661190965092399940e-01	3.498542274052480194e-01	2.769511092488859960e-01	2.769511092488859960e-01	2.769511092488859960e-01	3.103975535168200239e-01	2.769511092488859960e-01	3.995243757431630183e-01	3.680884676145340095e-01	2.769511092488859960e-01	2.769511092488859960e-01	2.769511092488859960e-01	3.433544303797469999e-01	2.769511092488859960e-01	4.046639231824419869e-01	2.769511092488859960e-01	2.769511092488859960e-01	3.654970760233919869e-01	2.371475953565509998e-01	2.769511092488859960e-01	3.986928104575159781e-01	2.769511092488859960e-01	2.769511092488859960e-01	3.884992987377279827e-01	2.769511092488859960e-01	2.839116719242900100e-01	2.769511092488859960e-01	2.769511092488859960e-01	2.769511092488859960e-01	2.057335581787519962e-01	3.803418803418799898e-01	2.769511092488859960e-01
2.769511092488859960e-01	4.507936507936510240e-01	2.769511092488859960e-01	2.769511092488859960e-01	2.769511092488859960e-01	4.290502793296089856e-01	2.769511092488859960e-01	2.769511092488859960e-01	2.769511092488859960e-01	2.769511092488859960e-01	2.769511092488859960e-01	1.000000000000000000e+00	2.769511092488859960e-01	4.028571428571430246e-01	2.769511092488859960e-01	2.810650887573959977e-01	2.769511092488859960e-01	2.769511092488859960e-01	2.863999999999999879e-01	2.769511092488859960e-01	4.171562867215040105e-01	2.769511092488859960e-01	2.769511092488859960e-01	2.769511092488859960e-01	2.769511092488859960e-01	2.769511092488859960e-01	1.804788213627989968e-01	2.769511092488859960e-01	2.769511092488859960e-01	2.769511092488859960e-01	3.079268292682930119e-01	9.444444444444440034e-02	2.769511092488859960e-01	2.863568215892050017e-01	2.769511092488859960e-01	4.556313993174059829e-01	2.769511092488859960e-01	2.878338278931750205e-01	2.769511092488859960e-01	2.769511092488859960e-01	2.769511092488859960e-01	3.601003764115430217e-01	2.769511092488859960e-01	2.769511092488859960e-01	4.590347923681259990e-01	2.769511092488859960e-01	2.769511092488859960e-01	3.101449275362320179e-01	2.769511092488859960e-01	2.769511092488859960e-01	2.769511092488859960e-01	3.886583679114800072e-01	2.769511092488859960e-01	2.769511092488859960e-01	2.769511092488859960e-01	2.769511092488859960e-01	2.769511092488859960e-01	1.445578231292519999e-01	2.118644067796610075e-01	2.769511092488859960e-01	2.769511092488859960e-01	2.402597402597400067e-01	3.550834597875570098e-01	2.769511092488859960e-01	2.769511092488859960e-01	2.769511092488859960e-01	2.769511092488859960e-01	1.561403508771929960e-01	2.769511092488859960e-01	1.952983725135619963e-01	2.769511092488859960e-01	2.769511092488859960e-01	3.691813804173350033e-01	2.769511092488859960e-01	2.769511092488859960e-01	4.943693693693689828e-01	2.998544395924310213e-01	2.769511092488859960e-01	2.769511092488859960e-01	2.769511092488859960e-01	2.769511092488859960e-01	2.769511092488859960e-01	1.694630872483219863e-01	2.769511092488859960e-01	2.769511092488859960e-01	2.769511092488859960e-01	3.724569640062599940e-01	2.769511092488859960e-01	2.769511092488859960e-01	3.477124183006540248e-01	2.769511092488859960e-01	2.560386473429949739e-01	2.769511092488859960e-01	2.769511092488859960e-01	2.769511092488859960e-01	2.769511092488859960e-01	1.771019677996419905e-01	2.769511092488859960e-01	2.769511092488859960e-01	3.912009512485140061e-01	3.215384615384619948e-01	2.769511092488859960e-01	2.854961832061069793e-01	4.032258064516129892e-01	2.769511092488859960e-01	2.769511092488859960e-01	3.912448700410400271e-01	2.769511092488859960e-01	2.769511092488859960e-01	2.769511092488859960e-01	2.769511092488859960e-01	2.769511092488859960e-01	2.769511092488859960e-01	4.378531073446330080e-01	2.769511092488859960e-01	4.184704184704179930e-01	2.769511092488859960e-01	2.550544323483669995e-01	2.769511092488859960e-01	2.769511092488859960e-01	3.328488372093019732e-01	2.769511092488859960e-01	3.762517882689560000e-01	2.249190938511330118e-01
