1.000000000000000000e+00	4.228086507674799766e-01	5.986341037576439206e-01	6.358514371471749582e-01	7.745754771185000553e-01	5.986341037576439206e-01	6.406906020857040529e-01	5.986341037576439206e-01	7.600555996296619599e-01	5.562142219463079851e-01	5.986341037576439206e-01	3.285938886505569978e-01	7.522240680925850187e-01	5.986341037576439206e-01	5.986341037576439206e-01	5.986341037576439206e-01	6.964529250310409481e-01	5.986341037576439206e-01	8.348143065883190106e-01	7.973838528247449986e-01	5.986341037576439206e-01	5.986341037576439206e-01	5.040936915901780280e-01	5.881049553647460515e-01	7.519875455151190380e-01	5.986341037576439206e-01	8.690980719815749600e-01	5.986341037576439206e-01	8.528821087511829768e-01	6.677002277271969488e-01	5.986341037576439206e-01	8.763292280852029714e-01	8.432347098425080345e-01	6.559905398210710281e-01	8.625101485137319779e-01	5.986341037576439206e-01	7.856578723222830130e-01	5.986341037576439206e-01	5.986341037576439206e-01	7.558686898224680206e-01	5.986341037576439206e-01	5.986341037576439206e-01	5.986341037576439206e-01	5.986341037576439206e-01	5.986341037576439206e-01	5.986341037576439206e-01	5.986341037576439206e-01	8.720083844378649918e-01	5.986341037576439206e-01	5.986341037576439206e-01	5.986341037576439206e-01	7.714311078447929626e-01	5.986341037576439206e-01	8.527888217639190138e-01	8.375926355676700519e-01	5.245839402652530126e-01	8.522700991017889693e-01	5.986341037576439206e-01	5.986341037576439206e-01	5.986341037576439206e-01	8.852107354046969689e-01	3.737965777929549982e-01	8.386469246015370027e-01	1.561467115133770012e-01	6.709857781238039998e-01	3.712752025224460017e-01	6.112991973166650439e-01	5.986341037576439206e-01	5.986341037576439206e-01	8.096002695745919686e-01	5.986341037576439206e-01	5.986341037576439206e-01	5.986341037576439206e-01	7.752959877558950330e-01	5.986341037576439206e-01	3.810598984647460274e-01	8.335197691112220530e-01	5.986341037576439206e-01	5.986341037576439206e-01	5.986341037576439206e-01	8.034688433295590348e-01	8.902540697555849647e-01	7.884019525723530153e-01	3.649061917379369802e-01	8.617262600739310496e-01	8.746832363850010061e-01	5.986341037576439206e-01	7.800063363912459469e-01	1.000000000000000021e-03	5.425251008528529928e-01	5.986341037576439206e-01	5.986341037576439206e-01	8.222848802286579772e-01	8.100985600679969645e-01	5.986341037576439206e-01	5.986341037576439206e-01	6.754547812468859602e-01	8.915209103036200178e-01	5.986341037576439206e-01	7.980873858667949516e-01	8.879503667234920350e-01	5.986341037576439206e-01	5.986341037576439206e-01	5.986341037576439206e-01	8.884118446640469902e-01	8.632003241284590400e-01	3.675551451303240014e-01	5.986341037576439206e-01	5.986341037576439206e-01	5.986341037576439206e-01	8.381769145798929621e-01	6.388972749224609560e-01	5.712788897562639523e-01	5.986341037576439206e-01	5.986341037576439206e-01	8.751438021744010198e-01	8.188068789173430506e-01	5.986341037576439206e-01	5.986341037576439206e-01	8.343749651804710510e-01	5.986341037576439206e-01	5.986341037576439206e-01	8.193108358687339887e-01	8.431078937610519963e-01
4.228086507674799766e-01	1.000000000000000000e+00	5.986341037576439206e-01	5.986341037576439206e-01	5.203441869080019933e-01	5.986341037576439206e-01	5.621510831966569643e-01	5.534376893417449761e-01	5.986341037576439206e-01	6.229261705202769894e-01	5.068859686741240544e-01	5.766546510418140148e-01	5.986341037576439206e-01	5.986341037576439206e-01	5.986341037576439206e-01	4.432585845697279980e-01	5.986341037576439206e-01	5.986341037576439206e-01	3.328399067467049943e-01	3.488691599622750217e-01	5.986341037576439206e-01	5.986341037576439206e-01	5.763945167583010010e-01	5.986341037576439206e-01	4.322460020547759796e-01	3.501905917503729815e-01	5.986341037576439206e-01	5.986341037576439206e-01	2.896504711033500157e-01	4.478121905601680219e-01	5.986341037576439206e-01	5.986341037576439206e-01	5.986341037576439206e-01	5.292705730994220481e-01	5.986341037576439206e-01	2.476769272392000121e-01	4.928315388562469757e-01	4.263265453000180116e-01	5.986341037576439206e-01	4.997188143162680229e-01	3.585630828043980256e-01	4.906631514912719871e-01	4.353778404741430186e-01	3.241914155907210104e-01	3.025720232429779943e-01	5.986341037576439206e-01	5.817667095721099635e-01	5.986341037576439206e-01	4.840793598156640232e-01	6.133336500824539961e-01	5.986341037576439206e-01	3.407835920115789841e-01	5.301831895196470468e-01	3.172433551388070261e-01	3.053983608769360036e-01	5.585577294392880532e-01	5.986341037576439206e-01	3.113794503717939866e-01	3.099267807421359766e-01	5.986341037576439206e-01	5.986341037576439206e-01	5.986341037576439206e-01	3.089557647088849723e-01	5.986341037576439206e-01	5.202232510795109510e-01	6.827110520833760132e-01	5.986341037576439206e-01	5.986341037576439206e-01	3.818631232733770142e-01	5.986341037576439206e-01	5.986341037576439206e-01	5.986341037576439206e-01	2.806851882033529755e-01	4.361852127193650008e-01	5.986341037576439206e-01	5.425696105593079688e-01	5.986341037576439206e-01	5.986341037576439206e-01	5.053565993560820147e-01	5.986341037576439206e-01	3.421749723172700097e-01	5.986341037576439206e-01	5.986341037576439206e-01	6.308029619843209534e-01	3.435461971884329890e-01	2.941082026516689818e-01	2.948490644679149786e-01	3.212790012295460018e-01	1.000000000000000021e-03	6.412076626083870190e-01	4.962462654892759728e-01	5.144477484215489449e-01	5.986341037576439206e-01	3.430181539091219922e-01	2.966546306399610033e-01	2.658551609473410182e-01	4.928888195784080217e-01	2.980980740403689766e-01	5.986341037576439206e-01	5.986341037576439206e-01	4.286968467141339945e-01	5.900783519695760315e-01	3.346515429061580060e-01	5.986341037576439206e-01	5.986341037576439206e-01	4.417369356329030050e-01	5.986341037576439206e-01	3.167145982752139766e-01	5.638600402737039552e-01	2.770116929179560206e-01	5.986341037576439206e-01	5.986341037576439206e-01	5.772265705489529886e-01	5.799440055087380363e-01	5.922972284347040040e-01	4.070666630891640048e-01	5.986341037576439206e-01	5.986341037576439206e-01	5.986341037576439206e-01	5.986341037576439206e-01	5.986341037576439206e-01	3.339042496461619991e-01	2.456650939847569992e-01	5.986341037576439206e-01
5.986341037576439206e-01	5.986341037576439206e-01	1.000000000000000000e+00	5.986341037576439206e-01	5.986341037576439206e-01	5.529422603687419446e-01	5.986341037576439206e-01	5.986341037576439206e-01	5.986341037576439206e-01	5.986341037576439206e-01	5.986341037576439206e-01	5.986341037576439206e-01	5.986341037576439206e-01	4.248049340274899777e-01	5.986341037576439206e-01	5.986341037576439206e-01	5.986341037576439206e-01	5.986341037576439206e-01	4.165255107294290049e-01	3.456995973686780022e-01	5.986341037576439206e-01	3.670378721640569775e-01	5.986341037576439206e-01	5.986341037576439206e-01	5.504077873931280118e-01	5.986341037576439206e-01	4.227826366650260237e-01	5.357762680727740090e-01	3.235758568468249941e-01	5.986341037576439206e-01	5.986341037576439206e-01	3.319037319255739860e-01	3.113368781725370238e-01	6.025650490035669993e-01	3.613882792681930023e-01	5.986341037576439206e-01	4.489985528988419961e-01	5.986341037576439206e-01	3.388530357196180010e-01	5.986341037576439206e-01	5.986341037576439206e-01	6.337076321156419612e-01	5.986341037576439206e-01	3.181077305777860187e-01	3.359650553829949815e-01	7.102674282833100206e-01	5.986341037576439206e-01	5.986341037576439206e-01	6.043018377845880140e-01	7.284629205836899990e-01	5.986341037576439206e-01	4.167932702032969838e-01	5.986341037576439206e-01	5.986341037576439206e-01	3.055717028954439973e-01	5.986341037576439206e-01	3.272666822296509959e-01	5.986341037576439206e-01	3.022784326338039951e-01	3.895547387514459725e-01	5.986341037576439206e-01	7.109524213583400254e-01	5.986341037576439206e-01	5.986341037576439206e-01	5.986341037576439206e-01	6.295105364560570349e-01	5.986341037576439206e-01	6.759952762424179529e-01	3.714935548894809925e-01	3.050206909216339746e-01	3.370762606691720120e-01	3.394767689677359868e-01	3.203381114372049754e-01	4.004941586985880098e-01	5.199565802449439555e-01	6.964576863698289655e-01	3.249125284958059856e-01	5.986341037576439206e-01	5.986341037576439206e-01	5.986341037576439206e-01	5.986341037576439206e-01	3.366709244458970240e-01	3.241936319431930058e-01	7.777060783911720065e-01	3.315408791515290221e-01	3.436871459629329828e-01	3.607119568857780068e-01	3.084408209646269938e-01	1.000000000000000021e-03	5.986341037576439206e-01	5.986341037576439206e-01	6.883678817442769882e-01	4.908678146496109895e-01	3.338951187830340173e-01	5.986341037576439206e-01	3.049268675911759874e-01	5.986341037576439206e-01	5.986341037576439206e-01	3.665889882545840250e-01	5.986341037576439206e-01	5.986341037576439206e-01	6.932843526972729542e-01	3.441385707617909961e-01	6.468787179141679555e-01	5.986341037576439206e-01	5.986341037576439206e-01	5.986341037576439206e-01	3.761601644764510088e-01	5.986341037576439206e-01	5.986341037576439206e-01	3.052543321251720010e-01	5.986341037576439206e-01	5.986341037576439206e-01	5.986341037576439206e-01	6.946174773886309994e-01	3.834222265918669770e-01	3.698160541695399983e-01	5.279298569353619852e-01	5.013236508750910092e-01	5.986341037576439206e-01	5.986341037576439206e-01	5.986341037576439206e-01	5.986341037576439206e-01	3.606330529174480160e-01
6.358514371471749582e-01	5.986341037576439206e-01	5.986341037576439206e-01	1.000000000000000000e+00	5.986341037576439206e-01	5.986341037576439206e-01	5.986341037576439206e-01	5.986341037576439206e-01	5.986341037576439206e-01	5.986341037576439206e-01	5.986341037576439206e-01	5.986341037576439206e-01	7.048882893249499570e-01	2.073743809098350099e-01	5.986341037576439206e-01	6.426383217848390395e-01	6.646397487146900040e-01	3.307801790269899733e-01	5.986341037576439206e-01	5.986341037576439206e-01	5.986341037576439206e-01	5.986341037576439206e-01	5.543881867946309772e-01	5.986341037576439206e-01	6.847584264675540267e-01	6.197657758517269855e-01	6.717890212474569855e-01	5.934605065591750384e-01	6.040251021467689663e-01	5.986341037576439206e-01	6.323098229726209496e-01	5.986341037576439206e-01	5.599379456632870289e-01	5.986341037576439206e-01	6.316617344060649897e-01	5.625278394358810274e-01	6.360949167888410027e-01	6.049632120282769643e-01	5.986341037576439206e-01	6.361297072048179846e-01	5.986341037576439206e-01	5.003854455558499614e-01	5.986341037576439206e-01	5.715289006869560540e-01	5.867676190144049952e-01	5.986341037576439206e-01	5.986341037576439206e-01	5.986341037576439206e-01	5.986341037576439206e-01	5.986341037576439206e-01	6.237827484750040341e-01	6.031420487968229827e-01	5.870203951387079622e-01	5.986341037576439206e-01	5.525303712580400539e-01	5.720214294971309732e-01	5.986341037576439206e-01	6.073418540808459554e-01	5.986341037576439206e-01	6.156147211004290298e-01	5.751073996162999746e-01	5.986341037576439206e-01	5.986341037576439206e-01	5.986341037576439206e-01	5.986341037576439206e-01	4.357292061614609913e-01	5.619627997131020347e-01	5.986341037576439206e-01	5.986341037576439206e-01	5.315150931073350238e-01	6.174566597867400253e-01	5.986341037576439206e-01	5.679454882104809643e-01	5.986341037576439206e-01	3.080341169035599735e-01	4.487622564496849820e-01	5.986341037576439206e-01	5.849172503137619605e-01	5.986341037576439206e-01	6.160652134936960289e-01	5.986341037576439206e-01	5.986341037576439206e-01	5.986341037576439206e-01	4.541262049947979995e-01	5.824950048379670120e-01	6.191686398805360536e-01	5.979607020158910213e-01	5.407033432684339447e-01	5.986341037576439206e-01	5.251078065391260319e-01	5.986341037576439206e-01	5.188912631833639821e-01	5.986341037576439206e-01	5.986341037576439206e-01	5.986341037576439206e-01	5.986341037576439206e-01	6.139335529927729684e-01	6.126966337255209671e-01	6.113953257002010533e-01	5.986341037576439206e-01	5.986341037576439206e-01	4.284770930878740169e-01	5.986341037576439206e-01	5.986341037576439206e-01	6.434384213864300373e-01	5.986341037576439206e-01	5.986341037576439206e-01	4.996607398511460074e-01	5.986341037576439206e-01	5.330871804023310512e-01	5.488859287026279787e-01	6.339329550054230156e-01	5.986341037576439206e-01	5.986341037576439206e-01	5.986341037576439206e-01	6.290975198037239702e-01	5.879642512627959450e-01	5.986341037576439206e-01	5.986341037576439206e-01	5.986341037576439206e-01	5.986341037576439206e-01	5.613599486903170233e-01	5.491336480053660152e-01	6.017170385365759877e-01
7.745754771185000553e-01	5.203441869080019933e-01	5.986341037576439206e-01	5.986341037576439206e-01	1.000000000000000000e+00	5.986341037576439206e-01	7.581665545520800409e-01	7.272040291682350110e-01	5.986341037576439206e-01	5.986341037576439206e-01	8.297956717116830028e-01	5.986341037576439206e-01	7.524400884600069839e-01	2.446862230040099950e-01	5.986341037576439206e-01	5.986341037576439206e-01	7.313021502481330538e-01	3.403063220775390252e-01	5.986341037576439206e-01	5.986341037576439206e-01	4.740804004421479978e-01	7.199373673339040103e-01	5.986341037576439206e-01	5.986341037576439206e-01	7.844824651346270494e-01	5.986341037576439206e-01	5.986341037576439206e-01	6.939482228119370211e-01	5.986341037576439206e-01	7.286820805784880450e-01	5.986341037576439206e-01	6.898518844666090555e-01	6.398457999322769707e-01	5.986341037576439206e-01	7.088558050635700436e-01	6.285687382060519690e-01	7.647674591782920306e-01	5.986341037576439206e-01	5.986341037576439206e-01	5.986341037576439206e-01	6.847958784733340076e-01	5.698200737695270357e-01	5.986341037576439206e-01	6.620185967279049732e-01	5.986341037576439206e-01	5.986341037576439206e-01	5.986341037576439206e-01	5.986341037576439206e-01	5.986341037576439206e-01	5.986341037576439206e-01	7.077130440028519542e-01	6.855875309704120291e-01	5.986341037576439206e-01	5.986341037576439206e-01	5.986341037576439206e-01	6.421464473865430289e-01	5.986341037576439206e-01	7.086862113225990134e-01	5.986341037576439206e-01	5.986341037576439206e-01	5.986341037576439206e-01	5.100039309271630072e-01	6.518196307763980402e-01	5.986341037576439206e-01	7.492933653335249744e-01	4.967622092219209917e-01	6.638450538164759607e-01	5.986341037576439206e-01	5.986341037576439206e-01	5.986341037576439206e-01	6.834488958812789949e-01	5.986341037576439206e-01	6.784398181481009482e-01	5.986341037576439206e-01	5.986341037576439206e-01	5.757289501634009765e-01	6.763928389335690516e-01	7.385067920868120250e-01	5.986341037576439206e-01	6.910697363165669849e-01	5.986341037576439206e-01	7.009381880481030391e-01	5.986341037576439206e-01	5.986341037576439206e-01	6.667787838563650205e-01	7.059444388229819678e-01	6.916983832575900326e-01	5.986341037576439206e-01	5.986341037576439206e-01	5.986341037576439206e-01	5.986341037576439206e-01	5.986341037576439206e-01	7.713889176926349567e-01	6.490448936901209720e-01	7.135380099205530513e-01	5.986341037576439206e-01	7.069296728486700321e-01	7.174708211994630380e-01	5.986341037576439206e-01	5.986341037576439206e-01	5.986341037576439206e-01	5.010084370303069523e-01	5.986341037576439206e-01	5.986341037576439206e-01	5.986341037576439206e-01	5.986341037576439206e-01	4.957884753261270205e-01	5.986341037576439206e-01	5.986341037576439206e-01	6.068686977345469913e-01	6.596196947943380184e-01	5.986341037576439206e-01	6.621045946246689740e-01	5.986341037576439206e-01	5.571542517153299512e-01	7.054089325526330390e-01	5.986341037576439206e-01	8.172465814633259606e-01	5.986341037576439206e-01	5.986341037576439206e-01	5.986341037576439206e-01	6.592184703934730328e-01	5.986341037576439206e-01	7.226544345516340284e-01
5.986341037576439206e-01	5.986341037576439206e-01	5.529422603687419446e-01	5.986341037576439206e-01	5.986341037576439206e-01	1.000000000000000000e+00	5.503174856744039722e-01	5.649751923437319467e-01	5.986341037576439206e-01	5.986341037576439206e-01	6.683487374964719452e-01	4.881771261632419923e-01	5.986341037576439206e-01	5.986341037576439206e-01	5.986341037576439206e-01	6.417075919604710021e-01	6.338679497972320442e-01	5.986341037576439206e-01	5.477613395216760495e-01	5.422321697491769843e-01	5.986341037576439206e-01	5.986341037576439206e-01	5.986341037576439206e-01	6.365952119830580180e-01	6.022767561364410493e-01	5.986341037576439206e-01	5.986341037576439206e-01	5.986341037576439206e-01	5.986341037576439206e-01	6.072837272966890021e-01	5.936593432287620153e-01	5.191006029778979514e-01	5.124749651413379459e-01	5.986341037576439206e-01	5.986341037576439206e-01	5.986341037576439206e-01	6.314760715513549894e-01	5.918560236359799998e-01	5.265961370711850220e-01	5.986341037576439206e-01	5.208566974734309962e-01	5.986341037576439206e-01	5.986341037576439206e-01	5.051458952222499521e-01	5.139204630754590220e-01	5.986341037576439206e-01	5.986341037576439206e-01	5.986341037576439206e-01	7.110253318283830115e-01	6.291061215528279682e-01	5.986341037576439206e-01	5.735446940822319650e-01	5.986341037576439206e-01	5.986341037576439206e-01	4.999135838438439894e-01	5.986341037576439206e-01	5.141980992926530325e-01	5.986341037576439206e-01	4.832295846151299923e-01	5.986341037576439206e-01	5.033360859137869792e-01	5.986341037576439206e-01	5.986341037576439206e-01	2.710025212224220215e-01	6.186566627770629934e-01	5.103910968536370385e-01	5.986341037576439206e-01	5.986341037576439206e-01	5.986341037576439206e-01	5.986341037576439206e-01	5.318894980516020166e-01	5.986341037576439206e-01	5.986341037576439206e-01	5.281500646105730112e-01	3.776185272946390170e-01	5.986341037576439206e-01	5.986341037576439206e-01	5.483308431124640503e-01	5.668244733492560083e-01	5.541684050107289483e-01	5.149262880681959587e-01	5.388434953448330011e-01	5.986341037576439206e-01	5.358385401660390457e-01	5.986341037576439206e-01	5.986341037576439206e-01	5.335028116310960300e-01	5.019718320865850236e-01	1.000000000000000021e-03	6.009277344126889853e-01	4.919428568336399743e-01	5.986341037576439206e-01	6.195497240509120207e-01	5.115019028372500554e-01	5.338056241739730368e-01	5.041591746407489971e-01	5.926293607427089993e-01	5.356407597083330252e-01	5.479186431906779564e-01	5.986341037576439206e-01	6.110192572888669682e-01	4.898018187996420192e-01	5.986341037576439206e-01	5.798330015769249668e-01	5.986341037576439206e-01	5.771910555917300067e-01	4.626814829602949874e-01	4.932258997931859845e-01	5.986341037576439206e-01	5.986341037576439206e-01	5.986341037576439206e-01	6.034348812427029474e-01	5.986341037576439206e-01	5.177113170839490186e-01	5.986341037576439206e-01	5.986341037576439206e-01	5.233373792160279647e-01	6.299496637582869818e-01	5.986341037576439206e-01	5.368065186030690494e-01	5.688703414263980296e-01	5.986341037576439206e-01	5.986341037576439206e-01	5.488784238018109551e-01
6.406906020857040529e-01	5.621510831966569643e-01	5.986341037576439206e-01	5.986341037576439206e-01	7.581665545520800409e-01	5.503174856744039722e-01	1.000000000000000000e+00	7.944672815611270034e-01	7.029441030180380023e-01	5.986341037576439206e-01	5.986341037576439206e-01	4.839668524793520055e-01	5.986341037576439206e-01	2.455609872230599955e-01	5.704086120404090465e-01	5.986341037576439206e-01	5.986341037576439206e-01	3.443692140133440271e-01	5.986341037576439206e-01	5.986341037576439206e-01	4.792355938424899819e-01	5.986341037576439206e-01	5.697460623092910348e-01	6.191728728610510490e-01	5.986341037576439206e-01	6.083932473840759636e-01	5.986341037576439206e-01	5.993194518949790384e-01	5.382176096106070506e-01	5.986341037576439206e-01	5.603476951000320172e-01	5.532258486136889530e-01	5.627817155089750445e-01	5.986341037576439206e-01	5.986341037576439206e-01	5.986341037576439206e-01	6.704905416940819540e-01	6.345096262037630552e-01	5.986341037576439206e-01	5.986341037576439206e-01	5.986341037576439206e-01	5.966335842806860246e-01	6.267707751552630269e-01	5.944716125988680488e-01	5.986341037576439206e-01	5.092757397509809492e-01	5.800867560757689834e-01	6.065783458179739851e-01	5.986341037576439206e-01	5.986341037576439206e-01	5.533960713691410405e-01	5.986341037576439206e-01	5.986341037576439206e-01	5.986341037576439206e-01	5.772068397473859580e-01	5.716422229084709983e-01	5.986341037576439206e-01	5.729490030558009872e-01	5.986341037576439206e-01	5.986341037576439206e-01	5.435794772743069991e-01	5.025899266580999836e-01	5.743569273617350479e-01	5.986341037576439206e-01	5.986341037576439206e-01	5.986341037576439206e-01	5.807216282796670015e-01	5.986341037576439206e-01	6.714859709635510043e-01	5.918236545813250205e-01	5.458398965373519873e-01	5.986341037576439206e-01	5.986341037576439206e-01	5.986341037576439206e-01	5.986341037576439206e-01	5.432265530514930330e-01	5.986341037576439206e-01	5.986341037576439206e-01	5.986341037576439206e-01	5.812816853483869783e-01	6.024373594276399846e-01	5.986341037576439206e-01	6.127008224598099462e-01	5.355785105999819606e-01	5.986341037576439206e-01	5.986341037576439206e-01	5.986341037576439206e-01	5.986341037576439206e-01	5.986341037576439206e-01	6.783424234575390344e-01	5.986341037576439206e-01	5.344336865677550286e-01	5.986341037576439206e-01	6.017952031078079855e-01	5.986341037576439206e-01	5.028545661489319807e-01	5.978012921531929980e-01	5.986341037576439206e-01	5.786133597122240513e-01	5.993850117436180236e-01	5.986341037576439206e-01	5.986341037576439206e-01	6.397758145422950404e-01	6.489517188426400240e-01	5.986341037576439206e-01	5.986341037576439206e-01	5.986341037576439206e-01	5.986341037576439206e-01	5.986341037576439206e-01	5.300454720697980182e-01	5.462990827408970018e-01	5.799559000474819870e-01	5.986341037576439206e-01	5.986341037576439206e-01	5.703033321099549857e-01	6.460213396712169986e-01	5.986341037576439206e-01	6.961911015199310215e-01	6.425504594462909669e-01	5.986341037576439206e-01	5.986341037576439206e-01	5.986341037576439206e-01	5.986341037576439206e-01	5.986341037576439206e-01
5.986341037576439206e-01	5.534376893417449761e-01	5.986341037576439206e-01	5.986341037576439206e-01	7.272040291682350110e-01	5.649751923437319467e-01	7.944672815611270034e-01	1.000000000000000000e+00	5.986341037576439206e-01	5.986341037576439206e-01	7.179320405117299853e-01	5.986341037576439206e-01	6.869340322520329778e-01	5.986341037576439206e-01	5.986341037576439206e-01	6.808559614690470330e-01	6.503729781966509638e-01	3.438305031654450006e-01	5.986341037576439206e-01	6.362384395194790043e-01	5.986341037576439206e-01	5.986341037576439206e-01	5.681085882736709447e-01	5.986341037576439206e-01	7.499493409919619769e-01	6.408088757450569606e-01	6.387706200750530305e-01	6.676500173235320190e-01	5.986341037576439206e-01	6.511604488489529663e-01	5.986341037576439206e-01	5.986341037576439206e-01	6.320764345228819803e-01	5.986341037576439206e-01	5.986341037576439206e-01	5.418504844441689450e-01	6.896774073459509546e-01	5.986341037576439206e-01	5.986341037576439206e-01	6.761385567823799958e-01	6.676682752152559575e-01	5.986341037576439206e-01	5.986341037576439206e-01	5.986341037576439206e-01	5.905989790383819882e-01	4.586252476782169962e-01	5.596394386446470470e-01	5.986341037576439206e-01	6.694553960316530494e-01	5.772936603194009919e-01	5.986341037576439206e-01	5.986341037576439206e-01	5.986341037576439206e-01	6.007387840950330071e-01	5.986341037576439206e-01	5.837866824331809923e-01	6.654444935519030491e-01	5.986341037576439206e-01	5.986341037576439206e-01	6.483486245096800049e-01	5.921919570624349927e-01	5.986341037576439206e-01	6.275382486062119902e-01	2.349327501357549863e-01	6.739234208022250039e-01	5.736309638125739463e-01	5.986341037576439206e-01	6.289341089150970454e-01	7.244896679045219612e-01	6.503818708484350175e-01	5.986341037576439206e-01	6.754363104272920193e-01	5.986341037576439206e-01	5.986341037576439206e-01	3.077478496438110223e-01	5.986341037576439206e-01	5.986341037576439206e-01	6.102594701078839501e-01	5.986341037576439206e-01	5.986341037576439206e-01	5.986341037576439206e-01	5.986341037576439206e-01	6.639993772755029555e-01	5.986341037576439206e-01	6.720186958472940120e-01	5.986341037576439206e-01	6.085762841003780066e-01	5.986341037576439206e-01	5.986341037576439206e-01	6.971436591002260208e-01	5.986341037576439206e-01	5.131410724221080466e-01	6.616023438205690388e-01	5.986341037576439206e-01	6.217858960269530000e-01	5.560963545754029624e-01	6.285859273615459486e-01	6.131911021017519836e-01	6.317481078205430256e-01	5.986341037576439206e-01	7.005453553037479519e-01	5.986341037576439206e-01	5.986341037576439206e-01	5.986341037576439206e-01	5.986341037576439206e-01	5.986341037576439206e-01	5.633437273009459512e-01	4.923297749501139853e-01	7.055873894922509715e-01	6.237230481844050489e-01	5.991965465058169960e-01	6.409753719587959475e-01	7.109572818237339664e-01	5.986341037576439206e-01	5.160116858517439509e-01	6.876811413972999665e-01	5.986341037576439206e-01	6.866476209526669594e-01	5.986341037576439206e-01	5.986341037576439206e-01	5.986341037576439206e-01	6.459904245932930333e-01	5.986341037576439206e-01	6.035792875784079525e-01
7.600555996296619599e-01	5.986341037576439206e-01	5.986341037576439206e-01	5.986341037576439206e-01	5.986341037576439206e-01	5.986341037576439206e-01	7.029441030180380023e-01	5.986341037576439206e-01	1.000000000000000000e+00	7.128164125054460287e-01	8.157227168713669929e-01	4.990121313599990005e-01	5.986341037576439206e-01	2.312169648730159899e-01	7.165296767051699822e-01	5.986341037576439206e-01	7.418769762307629856e-01	3.643851732656390174e-01	7.551507456816639596e-01	6.825383810197880319e-01	5.986341037576439206e-01	5.986341037576439206e-01	6.318949697315739966e-01	7.293549148720489539e-01	5.986341037576439206e-01	7.359917207904670411e-01	5.986341037576439206e-01	5.986341037576439206e-01	5.986341037576439206e-01	5.986341037576439206e-01	5.986341037576439206e-01	7.055632710516229755e-01	6.532561030520770418e-01	5.986341037576439206e-01	5.986341037576439206e-01	6.384780997087160515e-01	5.986341037576439206e-01	5.986341037576439206e-01	5.986341037576439206e-01	7.730624695449890282e-01	5.986341037576439206e-01	6.292179549945500217e-01	5.986341037576439206e-01	5.986341037576439206e-01	6.892908855766040066e-01	5.986341037576439206e-01	6.335603489145630318e-01	6.949594733101349675e-01	5.986341037576439206e-01	6.243715286264690523e-01	5.986341037576439206e-01	5.986341037576439206e-01	7.133038983235050479e-01	6.926447937141599898e-01	6.537654261924390475e-01	6.887680121448980231e-01	5.986341037576439206e-01	7.382998192657019842e-01	5.986341037576439206e-01	7.479882484752039540e-01	6.725794314673839702e-01	5.986341037576439206e-01	5.986341037576439206e-01	2.637443484233010227e-01	5.986341037576439206e-01	5.986341037576439206e-01	5.986341037576439206e-01	6.661135815633389967e-01	7.028624108711279961e-01	5.986341037576439206e-01	5.986341037576439206e-01	7.005740916963709708e-01	6.943088756239820247e-01	5.986341037576439206e-01	3.582029186121519770e-01	5.664835659197640094e-01	5.986341037576439206e-01	7.315221644326790340e-01	5.986341037576439206e-01	7.120565997929589885e-01	7.624965023495110517e-01	5.986341037576439206e-01	6.519934451846469692e-01	5.986341037576439206e-01	5.986341037576439206e-01	5.986341037576439206e-01	7.124315342793410277e-01	5.986341037576439206e-01	1.000000000000000021e-03	5.986341037576439206e-01	5.986341037576439206e-01	5.986341037576439206e-01	5.986341037576439206e-01	5.986341037576439206e-01	7.185114376730260544e-01	6.714262953586049854e-01	5.986341037576439206e-01	7.171765808294769950e-01	7.341875802233339687e-01	7.725341435520109989e-01	7.834641301976169592e-01	4.843640539544880053e-01	5.986341037576439206e-01	6.793123557135569701e-01	7.523886494130319624e-01	7.108503592605239785e-01	5.042936138697410309e-01	5.458958741839969875e-01	5.986341037576439206e-01	5.986341037576439206e-01	5.986341037576439206e-01	5.986341037576439206e-01	6.401433232591270395e-01	5.986341037576439206e-01	5.698044916105490243e-01	6.945082641636179943e-01	7.005118310021219985e-01	7.608458240612839818e-01	7.871847678237160473e-01	5.986341037576439206e-01	5.986341037576439206e-01	5.986341037576439206e-01	5.986341037576439206e-01	7.145973486819310327e-01
5.562142219463079851e-01	6.229261705202769894e-01	5.986341037576439206e-01	5.986341037576439206e-01	5.986341037576439206e-01	5.986341037576439206e-01	5.986341037576439206e-01	5.986341037576439206e-01	7.128164125054460287e-01	1.000000000000000000e+00	6.593581950065140473e-01	5.837906735229959621e-01	6.134510674189760371e-01	5.986341037576439206e-01	5.986341037576439206e-01	5.986341037576439206e-01	5.986341037576439206e-01	5.986341037576439206e-01	5.986341037576439206e-01	5.303136916891929564e-01	5.594290485988669959e-01	5.008098171270269905e-01	6.975727351157889888e-01	6.989427754672049575e-01	6.890929949104289687e-01	5.986341037576439206e-01	5.986341037576439206e-01	6.484904786157339451e-01	4.654161566644179904e-01	6.285171735598209519e-01	6.370784787974680397e-01	4.712271601151880041e-01	4.629979047727900143e-01	5.986341037576439206e-01	5.986341037576439206e-01	5.986341037576439206e-01	5.986341037576439206e-01	6.350216984550239863e-01	4.799897377437539747e-01	6.559008519500859613e-01	5.986341037576439206e-01	6.617968642234319798e-01	5.601791637182179651e-01	4.855509763837669857e-01	5.986341037576439206e-01	5.986341037576439206e-01	7.291056445775649930e-01	5.986341037576439206e-01	6.835002944344980014e-01	7.067798673624650085e-01	5.986341037576439206e-01	5.986341037576439206e-01	6.943658379363150113e-01	5.986341037576439206e-01	4.734585240597989908e-01	6.691899969761040401e-01	5.986341037576439206e-01	5.986341037576439206e-01	5.986341037576439206e-01	5.986341037576439206e-01	5.986341037576439206e-01	5.986341037576439206e-01	4.685191962768029961e-01	3.552495846063309926e-01	7.207351527262120250e-01	6.737207301400910398e-01	5.986341037576439206e-01	5.986341037576439206e-01	5.258730156909250386e-01	4.762178256023690270e-01	5.986341037576439206e-01	5.036252190677209528e-01	4.541603574092010209e-01	5.488108843119380298e-01	3.896373068037299880e-01	5.986341037576439206e-01	5.986341037576439206e-01	5.986341037576439206e-01	5.986341037576439206e-01	5.168731703620059736e-01	5.986341037576439206e-01	4.837948330112070150e-01	5.986341037576439206e-01	6.717568730680320011e-01	5.986341037576439206e-01	5.986341037576439206e-01	5.986341037576439206e-01	4.498404095803310021e-01	1.000000000000000021e-03	7.124217932243720464e-01	5.986341037576439206e-01	6.474317550432220347e-01	5.704047124371699473e-01	4.884842670764479866e-01	5.986341037576439206e-01	4.396971544829609835e-01	5.986341037576439206e-01	5.986341037576439206e-01	5.004436042519160299e-01	5.525077073744150136e-01	5.918560236359799998e-01	5.806541401303709771e-01	4.909080863021190178e-01	6.426471086794529608e-01	5.110160647557200342e-01	5.515415805200080124e-01	5.986341037576439206e-01	5.986341037576439206e-01	6.414619639410960028e-01	5.986341037576439206e-01	5.986341037576439206e-01	6.416900439831779712e-01	5.986341037576439206e-01	5.986341037576439206e-01	6.547315487729039596e-01	5.409806545234140396e-01	5.371222223537650553e-01	5.522056110762399994e-01	5.986341037576439206e-01	4.813468978772780238e-01	6.503463009708230214e-01	4.884274982262110099e-01	4.098086885684150138e-01	5.986341037576439206e-01
5.986341037576439206e-01	5.068859686741240544e-01	5.986341037576439206e-01	5.986341037576439206e-01	8.297956717116830028e-01	6.683487374964719452e-01	5.986341037576439206e-01	7.179320405117299853e-01	8.157227168713669929e-01	6.593581950065140473e-01	1.000000000000000000e+00	4.471636264342179756e-01	5.986341037576439206e-01	5.986341037576439206e-01	7.668878779084880026e-01	5.986341037576439206e-01	7.129041353590740426e-01	5.986341037576439206e-01	5.986341037576439206e-01	7.575344641651190480e-01	4.676711574148180173e-01	8.190644181739490381e-01	5.986341037576439206e-01	6.962482182533630271e-01	7.839516939858830469e-01	5.986341037576439206e-01	5.986341037576439206e-01	5.986341037576439206e-01	7.380172183979819556e-01	5.986341037576439206e-01	5.986341037576439206e-01	5.986341037576439206e-01	5.986341037576439206e-01	7.205233087301989858e-01	7.609290533589579963e-01	7.322026268492339840e-01	5.986341037576439206e-01	7.614754715938000240e-01	7.899989886663100203e-01	5.986341037576439206e-01	5.986341037576439206e-01	5.556289333734829583e-01	5.986341037576439206e-01	7.532532923049849449e-01	5.986341037576439206e-01	5.986341037576439206e-01	5.986341037576439206e-01	5.986341037576439206e-01	7.956794076695410389e-01	6.209108354024940324e-01	7.764523223850550160e-01	7.663166197705589822e-01	5.986341037576439206e-01	5.986341037576439206e-01	5.986341037576439206e-01	6.731866560140929989e-01	5.986341037576439206e-01	8.211837890759999814e-01	5.986341037576439206e-01	5.986341037576439206e-01	5.986341037576439206e-01	4.953954522458000054e-01	7.283633241955219662e-01	2.358984044185709894e-01	7.557808470824990410e-01	4.471605693963520145e-01	6.988615483317189847e-01	5.986341037576439206e-01	7.495187922226750343e-01	5.986341037576439206e-01	5.986341037576439206e-01	5.986341037576439206e-01	5.986341037576439206e-01	5.986341037576439206e-01	3.199988409677609891e-01	5.101294660644110079e-01	7.442747632979269667e-01	7.710251233925580205e-01	5.986341037576439206e-01	8.058673381254589652e-01	5.986341037576439206e-01	8.024916946360639569e-01	7.386279738307159892e-01	4.988449952550679800e-01	5.986341037576439206e-01	5.986341037576439206e-01	5.986341037576439206e-01	5.986341037576439206e-01	1.000000000000000021e-03	6.218666675937329913e-01	5.986341037576439206e-01	5.402119274852339448e-01	8.426641876504959994e-01	7.271493441369359934e-01	8.093678389128280415e-01	7.603726305276630182e-01	7.245887346089969760e-01	5.986341037576439206e-01	5.986341037576439206e-01	5.986341037576439206e-01	8.537980288355699887e-01	4.371225645817209959e-01	7.535777895023040296e-01	5.986341037576439206e-01	5.986341037576439206e-01	5.986341037576439206e-01	5.986341037576439206e-01	5.911483546117149990e-01	5.986341037576439206e-01	6.791637594733219707e-01	5.986341037576439206e-01	7.068040273902990167e-01	6.214416717653240552e-01	5.986341037576439206e-01	5.986341037576439206e-01	7.680211707775329577e-01	5.986341037576439206e-01	5.986341037576439206e-01	5.986341037576439206e-01	7.822652646606199633e-01	5.986341037576439206e-01	5.986341037576439206e-01	5.986341037576439206e-01	7.894590879253200466e-01
3.285938886505569978e-01	5.766546510418140148e-01	5.986341037576439206e-01	5.986341037576439206e-01	5.986341037576439206e-01	4.881771261632419923e-01	4.839668524793520055e-01	5.986341037576439206e-01	4.990121313599990005e-01	5.837906735229959621e-01	4.471636264342179756e-01	1.000000000000000000e+00	4.659191577855960054e-01	5.986341037576439206e-01	2.771859772499570274e-01	5.986341037576439206e-01	5.986341037576439206e-01	5.986341037576439206e-01	3.228775762131489979e-01	2.794903367989099996e-01	5.986341037576439206e-01	2.737846648298349894e-01	5.986341037576439206e-01	5.986341037576439206e-01	4.264139921157010238e-01	3.082679588546199945e-01	5.986341037576439206e-01	4.491336353000690007e-01	5.986341037576439206e-01	5.986341037576439206e-01	5.986341037576439206e-01	2.414359960461290033e-01	2.339566532641980112e-01	5.986341037576439206e-01	5.986341037576439206e-01	5.986341037576439206e-01	5.986341037576439206e-01	5.986341037576439206e-01	5.986341037576439206e-01	5.986341037576439206e-01	5.986341037576439206e-01	5.556175377658609804e-01	5.986341037576439206e-01	2.438445800412779862e-01	2.598391912742830101e-01	6.429371436126589678e-01	5.986341037576439206e-01	2.573183541337160096e-01	4.614558122561550069e-01	7.198094099655959477e-01	2.920943952647510056e-01	5.986341037576439206e-01	5.986341037576439206e-01	5.986341037576439206e-01	2.344978931611899908e-01	5.986341037576439206e-01	2.487476765933850087e-01	2.814326388838779835e-01	2.218517060152520037e-01	5.986341037576439206e-01	5.986341037576439206e-01	6.973009563194929594e-01	5.986341037576439206e-01	5.927468667439179661e-01	5.553023519531630203e-01	6.985701639560180087e-01	5.986341037576439206e-01	5.986341037576439206e-01	3.000199221733459987e-01	5.986341037576439206e-01	2.758324792499720068e-01	2.594043378309749959e-01	2.373089024300299998e-01	2.960002806936870012e-01	5.986341037576439206e-01	6.588039781024289665e-01	5.986341037576439206e-01	5.986341037576439206e-01	6.117507139498550295e-01	5.986341037576439206e-01	5.986341037576439206e-01	5.986341037576439206e-01	5.986341037576439206e-01	8.532495254711099930e-01	5.986341037576439206e-01	5.986341037576439206e-01	5.986341037576439206e-01	2.457692448830159915e-01	5.986341037576439206e-01	5.801819426406989999e-01	5.986341037576439206e-01	5.986341037576439206e-01	3.741187060063950187e-01	2.560758746403650199e-01	2.737060631380879849e-01	2.293748969335620003e-01	5.986341037576439206e-01	5.986341037576439206e-01	5.986341037576439206e-01	3.709884927614189865e-01	3.447508204432440104e-01	7.873247022144980178e-01	5.986341037576439206e-01	5.892841712836589529e-01	2.993274521917039799e-01	3.057953130903169892e-01	5.986341037576439206e-01	5.986341037576439206e-01	5.426252528275500309e-01	5.986341037576439206e-01	2.135085191880989886e-01	3.937773318313150250e-01	5.986341037576439206e-01	5.986341037576439206e-01	5.986341037576439206e-01	2.822997824804590050e-01	2.927621261313340106e-01	5.986341037576439206e-01	3.900744097162749946e-01	5.986341037576439206e-01	5.939841177083560186e-01	5.986341037576439206e-01	2.302877915621709959e-01	2.778291240915909954e-01
