1.000000000000000000e+00	5.164764108475469739e-02	6.236899427362210119e-02	2.597015047011248523e-01	2.597015047011248523e-01	2.597015047011248523e-01	2.159797027415089887e-01	2.597015047011248523e-01	2.597015047011248523e-01	1.327486537399600042e-01	5.161429300743419768e-01	2.168528907124750091e-02	2.597015047011248523e-01	2.597015047011248523e-01	2.597015047011248523e-01	2.597015047011248523e-01	2.597015047011248523e-01	2.597015047011248523e-01	5.371353178815719831e-01	2.597015047011248523e-01	2.597015047011248523e-01	2.597015047011248523e-01	9.460955430418560574e-02	2.597015047011248523e-01	3.748623206343310033e-01	2.597015047011248523e-01	2.597015047011248523e-01	2.578906005566570236e-01	2.597015047011248523e-01	2.489691115675830013e-01	2.597015047011248523e-01	6.348043201631200505e-01	2.597015047011248523e-01	2.342580431566030075e-01	6.010034121881430158e-01	5.033910228865350334e-01	4.358683019080770160e-01	3.825535023992889805e-01	6.733208757256630150e-01	3.815644582362819892e-01	6.340279473164229795e-01	6.800002454347679748e-02	2.597015047011248523e-01	6.003390154943419876e-01	2.597015047011248523e-01	2.285911430401000102e-02	2.597015047011248523e-01	6.240945170752649762e-01	3.346320469373990081e-01	8.647940212931599924e-02	2.597015047011248523e-01	2.597015047011248523e-01	2.462536416995000088e-01	5.780044122899480330e-01	5.433140417263460087e-01	2.597015047011248523e-01	5.767950421216629930e-01	2.597015047011248523e-01	5.291680529482439832e-01	5.754527602638539463e-01	2.597015047011248523e-01	2.597015047011248523e-01	5.456718159628649589e-01	2.597015047011248523e-01	2.597015047011248523e-01	3.301688586297590183e-02	1.837416096499739915e-01	2.597015047011248523e-01	4.594510510748889831e-01	4.833191672306400011e-01	2.597015047011248523e-01	2.597015047011248523e-01	5.276260876243099585e-01	2.597015047011248523e-01	2.597015047011248523e-01	3.610983953125399687e-02	5.342734942071599713e-01	2.597015047011248523e-01	1.140719028304619936e-01	6.150979024986580335e-01	2.597015047011248523e-01	6.702064728391220472e-01	4.411312266067379806e-01	3.110768733605339884e-02	5.991252118506660285e-01	6.307092549720110242e-01	2.597015047011248523e-01	4.251697074868729942e-01	2.597015047011248523e-01	1.218360959277299954e-01	5.177785998268490120e-02	5.118541334273989801e-02	5.098890705581470284e-01	2.597015047011248523e-01	5.920052004887409458e-01	2.597015047011248523e-01	2.590646119586549889e-01	2.597015047011248523e-01	6.938794553475450266e-01	4.600677855907009950e-01	6.642552626426520002e-01	1.730411898846229840e-02	2.597015047011248523e-01	1.034650768766880030e-01	6.654443940965240056e-01	6.026605310939510129e-01	3.189195470794600057e-02	1.403862371327699865e-01	2.597015047011248523e-01	2.597015047011248523e-01	2.597015047011248523e-01	2.597015047011248523e-01	1.455400499722540042e-01	2.597015047011248523e-01	2.597015047011248523e-01	2.597015047011248523e-01	2.597015047011248523e-01	2.597015047011248523e-01	6.056463157432789846e-01	2.597015047011248523e-01	5.789089522217240324e-02	2.597015047011248523e-01	2.597015047011248523e-01	2.597015047011248523e-01
5.164764108475469739e-02	1.000000000000000000e+00	2.597116779768520178e-01	2.597015047011248523e-01	1.055282856639299938e-01	1.081149865188080067e-01	2.597015047011248523e-01	2.597015047011248523e-01	2.597015047011248523e-01	1.960539238806920104e-01	2.597015047011248523e-01	1.503089239904910057e-01	2.597015047011248523e-01	3.072136988446420164e-02	2.597015047011248523e-01	6.076657206632730263e-02	2.597015047011248523e-01	2.597015047011248523e-01	2.266519895745720131e-02	2.664878327886099907e-02	2.597015047011248523e-01	2.597015047011248523e-01	1.500756403446379950e-01	2.597015047011248523e-01	2.597015047011248523e-01	2.699786283190040020e-02	2.597015047011248523e-01	2.597015047011248523e-01	1.404670233690659929e-02	6.294258298864910395e-02	4.179026765382749808e-02	2.597015047011248523e-01	2.597015047011248523e-01	2.597015047011248523e-01	2.597015047011248523e-01	2.597015047011248523e-01	2.597015047011248523e-01	2.597015047011248523e-01	2.597015047011248523e-01	9.181290081985039875e-02	2.928544590128310046e-02	2.597015047011248523e-01	5.712758131918480031e-02	2.070141049559250102e-02	2.597015047011248523e-01	2.597015047011248523e-01	1.549457195690210065e-01	2.193680215543659939e-02	2.597015047011248523e-01	1.858552086389569924e-01	2.026612511615820053e-02	2.458219540035160022e-02	2.597015047011248523e-01	2.597015047011248523e-01	1.685477045643839905e-02	2.597015047011248523e-01	2.284566919010510080e-02	1.801850416468190122e-02	2.597015047011248523e-01	1.891133133348840006e-02	1.702459641753180028e-02	1.252167860361499963e-01	1.754028188594190102e-02	2.597015047011248523e-01	2.597015047011248523e-01	2.687713161797830042e-01	2.597015047011248523e-01	2.597015047011248523e-01	3.637252982743360147e-02	2.389094221877850061e-02	2.597015047011248523e-01	2.513383206241969967e-02	2.597015047011248523e-01	2.597015047011248523e-01	2.597015047011248523e-01	2.597015047011248523e-01	2.597015047011248523e-01	2.136413650574970138e-02	9.542798258282760016e-02	2.597015047011248523e-01	2.597015047011248523e-01	1.554074849632659967e-02	2.524290323884920140e-02	2.597015047011248523e-01	2.597015047011248523e-01	2.597015047011248523e-01	2.597015047011248523e-01	2.006821392722139830e-02	1.000000000000000048e-04	2.165803104913699983e-01	2.597015047011248523e-01	2.597015047011248523e-01	2.597015047011248523e-01	2.597015047011248523e-01	2.597015047011248523e-01	1.045726358662710069e-02	2.597015047011248523e-01	2.597015047011248523e-01	2.597015047011248523e-01	3.053540312645559862e-02	5.416600433092590150e-02	2.597015047011248523e-01	2.597015047011248523e-01	2.597015047011248523e-01	2.244755697163260122e-02	6.005148717426069677e-02	2.597015047011248523e-01	2.597015047011248523e-01	1.391363796652710094e-01	1.204688123358219932e-02	2.597015047011248523e-01	2.597015047011248523e-01	2.597015047011248523e-01	2.597015047011248523e-01	2.597015047011248523e-01	2.597015047011248523e-01	2.597015047011248523e-01	8.088266690113020407e-02	2.597015047011248523e-01	1.493830404275629971e-02	2.471419199607139960e-01	2.291567024343110076e-02	7.967815324849769967e-03	1.701818715774780152e-02
6.236899427362210119e-02	2.597116779768520178e-01	1.000000000000000000e+00	8.860751899106110441e-02	1.945143435766669981e-01	2.597015047011248523e-01	2.597015047011248523e-01	2.597015047011248523e-01	1.792948658853910082e-01	2.670060765126079927e-01	2.597015047011248523e-01	2.597015047011248523e-01	9.407005251874969720e-02	5.249192458581879855e-02	3.026568342178730109e-02	1.404523292354210029e-01	2.597015047011248523e-01	2.597015047011248523e-01	4.905319933431689927e-02	2.597015047011248523e-01	2.597015047011248523e-01	3.173771759405100146e-02	2.597015047011248523e-01	2.597015047011248523e-01	2.597015047011248523e-01	4.194002514933659748e-02	5.163670303643679710e-02	1.166976265635940035e-01	2.597015047011248523e-01	2.597015047011248523e-01	7.305006883476000690e-02	2.244650044198870029e-02	1.801002526772560106e-02	1.748610639526360089e-01	2.597015047011248523e-01	2.597015047011248523e-01	2.597015047011248523e-01	2.597015047011248523e-01	2.410612106050409945e-02	2.597015047011248523e-01	2.405455112362680017e-02	2.079836947707910111e-01	6.228538678644349874e-02	2.597015047011248523e-01	2.340621122834200124e-02	2.597015047011248523e-01	2.597015047011248523e-01	2.331275582679160144e-02	1.766021541007249951e-01	3.360130448400600045e-01	2.884766364851660062e-02	2.597015047011248523e-01	1.314863151613940018e-01	2.636867622407719838e-02	1.688772520395930010e-02	2.597015047011248523e-01	2.597015047011248523e-01	2.597015047011248523e-01	1.626939766783390071e-02	3.895713858519479766e-02	2.597015047011248523e-01	3.090159952859780068e-01	1.752336564941999950e-02	2.597015047011248523e-01	2.004723418606199903e-01	2.032800920614540041e-01	2.597015047011248523e-01	2.597789188287940032e-01	2.597015047011248523e-01	2.597015047011248523e-01	2.597015047011248523e-01	2.425921141929539976e-02	2.597015047011248523e-01	4.285394148793390118e-02	1.052579325938710064e-01	2.878632597781999869e-01	2.597015047011248523e-01	5.499189141555869964e-02	2.597015047011248523e-01	3.850957512139820127e-02	2.597015047011248523e-01	2.597015047011248523e-01	2.070189768504440003e-02	2.597015047011248523e-01	2.597015047011248523e-01	2.597015047011248523e-01	2.989404340755990111e-02	1.743984970226840001e-02	2.597015047011248523e-01	1.999022898750059951e-01	1.935736257298260043e-01	2.765153236073190079e-01	8.633502411145900501e-02	2.597015047011248523e-01	2.871017636434319842e-02	2.597015047011248523e-01	1.101464252866620058e-01	2.423866727525330125e-02	2.597015047011248523e-01	5.938114022294980338e-02	2.597015047011248523e-01	2.597015047011248523e-01	2.542534247755599830e-02	2.232457128079650133e-01	2.597015047011248523e-01	2.597015047011248523e-01	2.597015047011248523e-01	2.597015047011248523e-01	1.202154932618829941e-01	2.597015047011248523e-01	2.597015047011248523e-01	6.860279358922130588e-02	1.006574404393699995e-01	2.597015047011248523e-01	2.852534200076489723e-01	3.688629173632090169e-02	3.257234549117019734e-02	2.597015047011248523e-01	9.283188706214380581e-02	2.165061382904880094e-02	2.597015047011248523e-01	1.997256929323370025e-02	2.597015047011248523e-01	2.987153918838670111e-02
2.597015047011248523e-01	2.597015047011248523e-01	8.860751899106110441e-02	1.000000000000000000e+00	2.601521159933830041e-01	2.597015047011248523e-01	1.467990569874370044e-01	1.856934452553319903e-01	2.771668367245510023e-01	2.597015047011248523e-01	2.524857997556140266e-01	5.438186338149109816e-02	3.000368008056730207e-01	4.446530256296710171e-03	2.189118912536940076e-01	2.597015047011248523e-01	2.450627002432720081e-01	2.218601053569990017e-02	2.597015047011248523e-01	2.597015047011248523e-01	6.735815152803030503e-02	1.815836604651870079e-01	1.312544414942150017e-01	1.824532282452940024e-01	2.715560910797700234e-01	2.597015047011248523e-01	2.542567439747899782e-01	1.659326316721450034e-01	2.597015047011248523e-01	2.597015047011248523e-01	2.064087147223589991e-01	1.597255530502010024e-01	1.358330486701750106e-01	1.987109190980859974e-01	2.056813607799329868e-01	1.380080327137060137e-01	2.106932531302130041e-01	1.772683879814339891e-01	2.597015047011248523e-01	2.597015047011248523e-01	2.597015047011248523e-01	9.223520758739589542e-02	2.597015047011248523e-01	1.457594225931329868e-01	1.595790210256219921e-01	5.347319358443269888e-02	9.844821367608240503e-02	2.597015047011248523e-01	2.894937468571299743e-01	2.597015047011248523e-01	2.597015047011248523e-01	2.597015047011248523e-01	2.597015047011248523e-01	1.561022987047679944e-01	2.597015047011248523e-01	1.461922792209419952e-01	2.597015047011248523e-01	1.796792515622880060e-01	1.392149877876769914e-01	1.882454692149050091e-01	2.597015047011248523e-01	6.430962617339310017e-02	2.597015047011248523e-01	3.627289740383449982e-03	2.280084915959020020e-01	2.597015047011248523e-01	2.597015047011248523e-01	1.614716658957049966e-01	2.597015047011248523e-01	2.597015047011248523e-01	1.901914292527620010e-01	1.798908031573079880e-01	2.597015047011248523e-01	2.597015047011248523e-01	2.597015047011248523e-01	6.340345914813830253e-02	2.597015047011248523e-01	1.578533747523880038e-01	2.597015047011248523e-01	1.887200914246839889e-01	2.597015047011248523e-01	1.852613109190809904e-01	1.412212753223049955e-01	2.597015047011248523e-01	2.597015047011248523e-01	1.920128493055630048e-01	2.597015047011248523e-01	2.597015047011248523e-01	2.597015047011248523e-01	1.088912457388249988e-01	2.597015047011248523e-01	2.597015047011248523e-01	2.134029526875370064e-01	2.597015047011248523e-01	1.655971385128970075e-01	1.637678684666930007e-01	2.597015047011248523e-01	1.851915654848579895e-01	1.838410919286619927e-01	2.597015047011248523e-01	2.794789759836789900e-01	2.597015047011248523e-01	1.522420282486849907e-01	2.597015047011248523e-01	2.191851090137389990e-01	1.958602357341500122e-01	4.983982119580129821e-02	2.597015047011248523e-01	2.597015047011248523e-01	2.597015047011248523e-01	1.268241987529949988e-01	2.597015047011248523e-01	2.597015047011248523e-01	2.597015047011248523e-01	2.597015047011248523e-01	2.028213501563350118e-01	1.607020957466130107e-01	1.965158574235670030e-01	2.982697093750559802e-01	2.597015047011248523e-01	2.597015047011248523e-01	2.597015047011248523e-01	2.597015047011248523e-01	2.597015047011248523e-01
2.597015047011248523e-01	1.055282856639299938e-01	1.945143435766669981e-01	2.601521159933830041e-01	1.000000000000000000e+00	2.473630343717319879e-01	2.597015047011248523e-01	2.597015047011248523e-01	5.063137693609469636e-01	2.551378619825089844e-01	5.261009965307239522e-01	2.597015047011248523e-01	3.756394567203160118e-01	7.859056643373019471e-03	2.597015047011248523e-01	4.521144075470079904e-01	2.597015047011248523e-01	2.446388575165630089e-02	2.597015047011248523e-01	2.597015047011248523e-01	7.658858942067230113e-02	2.597015047011248523e-01	2.597015047011248523e-01	2.597015047011248523e-01	2.597015047011248523e-01	3.911289879339019948e-01	4.157108922944369733e-01	2.597015047011248523e-01	2.597015047011248523e-01	3.363611628698450207e-01	2.597015047011248523e-01	2.597015047011248523e-01	2.597015047011248523e-01	2.597015047011248523e-01	3.058902631839159891e-01	2.597015047011248523e-01	3.972515604630130204e-01	3.881031792638380273e-01	2.597015047011248523e-01	2.597015047011248523e-01	2.716072219575019764e-01	2.597015047011248523e-01	4.248596384305090012e-01	2.597015047011248523e-01	2.597015047011248523e-01	2.597015047011248523e-01	2.597015047011248523e-01	2.833132466320649745e-01	4.395250234616400187e-01	1.992681943944769885e-01	3.041960618833889907e-01	2.597015047011248523e-01	2.836668419081950221e-01	2.597015047011248523e-01	2.196756926412329891e-01	2.176738126375570015e-01	2.496027099862180021e-01	3.056384098650170023e-01	2.597015047011248523e-01	2.597015047011248523e-01	2.597015047011248523e-01	9.848297278110100528e-02	2.597015047011248523e-01	2.597015047011248523e-01	3.702592909841380120e-01	2.597015047011248523e-01	2.440555040041569868e-01	2.597015047011248523e-01	2.597015047011248523e-01	1.934324557677840062e-01	2.697725615326059811e-01	2.597015047011248523e-01	2.630270360487499959e-01	2.597015047011248523e-01	3.480163357466060231e-02	1.494799420139190094e-01	2.597015047011248523e-01	3.522313726136370171e-01	2.597015047011248523e-01	2.802693571809969919e-01	2.597015047011248523e-01	2.597015047011248523e-01	2.597015047011248523e-01	2.597015047011248523e-01	2.477883620007589882e-01	3.015871556426980016e-01	2.811479748569509773e-01	1.726123148800799978e-01	2.597015047011248523e-01	2.207432597945880037e-01	2.597015047011248523e-01	2.597015047011248523e-01	4.092171351921580214e-01	2.597015047011248523e-01	3.129018334581740168e-01	2.505679255893720203e-01	2.597015047011248523e-01	3.188786806531579976e-01	3.247632690785680065e-01	2.597015047011248523e-01	2.597015047011248523e-01	2.597015047011248523e-01	2.597015047011248523e-01	2.826805464977040216e-01	3.986845135879180102e-01	2.597015047011248523e-01	2.597015047011248523e-01	1.102813005616640057e-01	2.056716800625560115e-01	1.791978437146219960e-01	2.387495433353349905e-01	2.574176405674630241e-01	2.597015047011248523e-01	1.157948433357459950e-01	2.597015047011248523e-01	2.597015047011248523e-01	2.499259952527299877e-01	4.992147029212469778e-01	3.972141668015879978e-01	2.792948746548439831e-01	1.603998253636109983e-01	2.382500029005880093e-01	2.597015047011248523e-01	2.597015047011248523e-01
2.597015047011248523e-01	1.081149865188080067e-01	2.597015047011248523e-01	2.597015047011248523e-01	2.473630343717319879e-01	1.000000000000000000e+00	1.279664678163300040e-01	1.400859105323520037e-01	2.391994622535250081e-01	2.001470720025269878e-01	2.498025096737719886e-01	2.597015047011248523e-01	2.079983792552559940e-01	1.186874988393809942e-02	1.196538121833600060e-01	2.171621448424939926e-01	2.597015047011248523e-01	2.597015047011248523e-01	2.597015047011248523e-01	2.597015047011248523e-01	2.597015047011248523e-01	2.597015047011248523e-01	1.399244624147960026e-01	2.112642439377289960e-01	1.745732404106090097e-01	2.597015047011248523e-01	2.597015047011248523e-01	1.892627096856210056e-01	2.597015047011248523e-01	1.796200617104879993e-01	2.597015047011248523e-01	2.597015047011248523e-01	1.001352822460030018e-01	2.597015047011248523e-01	2.597015047011248523e-01	6.629971856775070116e-02	2.597015047011248523e-01	2.597015047011248523e-01	2.597015047011248523e-01	2.597015047011248523e-01	1.058865142976779944e-01	2.597015047011248523e-01	2.597015047011248523e-01	9.529108785726900233e-02	1.011109103903460038e-01	8.024939672758210629e-02	1.347758883752629977e-01	1.116838433521129964e-01	2.597015047011248523e-01	2.028308967121290052e-01	2.597015047011248523e-01	2.597015047011248523e-01	2.597015047011248523e-01	1.058541243384559932e-01	2.597015047011248523e-01	2.597015047011248523e-01	1.012990679701760016e-01	2.597015047011248523e-01	8.179766713706479453e-02	1.153759378768710042e-01	9.412098438550929591e-02	1.302175920416810129e-01	2.597015047011248523e-01	1.117086716222069967e-02	2.597015047011248523e-01	2.597015047011248523e-01	1.137207683059340002e-01	2.597015047011248523e-01	1.142949382474510028e-01	2.597015047011248523e-01	2.597015047011248523e-01	2.597015047011248523e-01	9.864534427623100621e-02	1.110783418658150001e-01	2.597015047011248523e-01	1.171351131778169963e-01	9.729886005942910143e-02	2.597015047011248523e-01	1.416706584900929988e-01	2.597015047011248523e-01	1.017937508583340034e-01	1.190135032119749997e-01	8.580029312916580275e-02	2.597015047011248523e-01	2.597015047011248523e-01	1.172757861808740032e-01	2.597015047011248523e-01	2.597015047011248523e-01	1.000000000000000048e-04	2.597015047011248523e-01	8.698765277988360078e-02	1.197185957340889950e-01	1.924199723073400092e-01	9.948229475726899640e-02	2.597015047011248523e-01	9.465186776292240645e-02	1.651340280063419985e-01	1.165960560826150016e-01	2.597015047011248523e-01	1.472003550056669996e-01	1.834521201587439865e-01	8.569132501540729918e-02	2.597015047011248523e-01	1.531800272397260132e-01	1.497122996821899921e-01	1.507907737992399966e-01	2.597015047011248523e-01	8.777112553697259678e-02	1.266541871519629991e-01	7.330322133765590498e-02	7.875452252810230536e-02	2.597015047011248523e-01	1.235773866096400025e-01	1.037015349478619952e-01	1.156967813707590054e-01	2.597015047011248523e-01	1.076326371306949997e-01	2.037686422729340086e-01	1.824746986355010037e-01	1.174719064197420060e-01	1.434386463284650082e-01	9.802975304370549481e-02	2.597015047011248523e-01	2.597015047011248523e-01
2.159797027415089887e-01	2.597015047011248523e-01	2.597015047011248523e-01	1.467990569874370044e-01	2.597015047011248523e-01	1.279664678163300040e-01	1.000000000000000000e+00	4.529237702920230202e-01	2.597015047011248523e-01	2.597015047011248523e-01	2.597015047011248523e-01	2.597015047011248523e-01	2.597015047011248523e-01	7.956197977413740144e-03	2.597015047011248523e-01	2.531581349155199723e-01	2.143441720184930122e-01	2.548404903622290135e-02	1.526546128822990067e-01	2.597015047011248523e-01	7.949376891591310168e-02	2.597015047011248523e-01	1.442001848076150117e-01	2.597015047011248523e-01	3.064378594979260129e-01	1.807522641828349930e-01	2.597015047011248523e-01	1.716401275629740042e-01	2.597015047011248523e-01	2.597015047011248523e-01	2.597015047011248523e-01	1.303095601095390077e-01	2.597015047011248523e-01	1.722795331458419898e-01	2.597015047011248523e-01	7.378090037218859587e-02	2.597015047011248523e-01	2.088911800669379926e-01	2.597015047011248523e-01	2.597015047011248523e-01	1.902406709111829908e-01	2.597015047011248523e-01	2.597015047011248523e-01	1.669078392466800120e-01	2.597015047011248523e-01	2.597015047011248523e-01	2.597015047011248523e-01	2.597015047011248523e-01	2.106337604709500044e-01	1.569347637534329876e-01	2.597015047011248523e-01	1.487675241378539903e-01	2.072556682951089968e-01	2.597015047011248523e-01	2.597015047011248523e-01	2.597015047011248523e-01	2.597015047011248523e-01	2.597015047011248523e-01	1.290157516230900081e-01	1.541564530480669937e-01	1.226531283286610013e-01	9.364154847659010572e-02	2.597015047011248523e-01	2.597015047011248523e-01	2.052558399651809862e-01	2.597015047011248523e-01	2.597015047011248523e-01	2.597015047011248523e-01	2.538621304106549736e-01	1.643624747195339963e-01	2.597015047011248523e-01	2.597015047011248523e-01	2.597015047011248523e-01	2.002554366066769953e-01	2.597015047011248523e-01	1.223792172013279944e-01	1.494518019645360019e-01	2.597015047011248523e-01	2.597015047011248523e-01	2.597015047011248523e-01	1.747335407445149980e-01	2.597015047011248523e-01	2.597015047011248523e-01	2.597015047011248523e-01	1.726935786212190072e-01	2.597015047011248523e-01	1.289034597767839962e-01	1.228929419106469939e-01	2.597015047011248523e-01	2.597015047011248523e-01	1.566985718845370079e-01	1.156940586130500020e-01	2.093193112471050110e-01	2.597015047011248523e-01	2.597015047011248523e-01	2.597015047011248523e-01	1.701480512961210112e-01	1.440645053054669944e-01	2.597015047011248523e-01	1.717047693580550094e-01	2.597015047011248523e-01	9.785687940052040235e-02	2.149199990729500076e-01	2.257180951292679927e-01	1.810886265837479969e-01	2.597015047011248523e-01	2.597015047011248523e-01	6.572182507241400296e-02	2.597015047011248523e-01	1.124566110880090009e-01	1.247784769872870014e-01	2.597015047011248523e-01	3.054873974184890151e-01	1.405085319865370108e-01	2.597015047011248523e-01	2.597015047011248523e-01	2.011386684724469909e-01	2.874841360647429900e-01	2.181456117006269901e-01	1.186415732073130003e-01	1.635714279344090138e-01	1.608383031942169916e-01	9.400366106622559670e-02	2.597015047011248523e-01
2.597015047011248523e-01	2.597015047011248523e-01	2.597015047011248523e-01	1.856934452553319903e-01	2.597015047011248523e-01	1.400859105323520037e-01	4.529237702920230202e-01	1.000000000000000000e+00	2.597015047011248523e-01	2.597015047011248523e-01	2.597015047011248523e-01	6.695828850549509492e-02	2.597015047011248523e-01	2.597015047011248523e-01	2.597015047011248523e-01	2.662656310009660077e-01	2.274243563063469975e-01	2.534707854647130082e-02	2.597015047011248523e-01	2.108569446003160097e-01	8.855540244053269894e-02	2.597015047011248523e-01	2.597015047011248523e-01	2.115428516055430086e-01	2.597015047011248523e-01	2.597015047011248523e-01	2.137598263391169984e-01	2.489046687126950097e-01	1.662805437726919966e-01	2.597015047011248523e-01	2.597015047011248523e-01	1.795862476927780060e-01	2.061465714651939951e-01	1.861791582804339928e-01	2.597015047011248523e-01	2.597015047011248523e-01	2.783303304605420081e-01	2.460856355035589971e-01	2.597015047011248523e-01	2.597015047011248523e-01	2.597015047011248523e-01	2.597015047011248523e-01	2.597015047011248523e-01	2.283736659845760075e-01	2.597015047011248523e-01	6.833048710743690191e-02	2.597015047011248523e-01	2.328071252375270017e-01	2.597015047011248523e-01	2.597015047011248523e-01	2.597015047011248523e-01	2.597015047011248523e-01	2.597015047011248523e-01	2.597015047011248523e-01	2.597015047011248523e-01	1.568055522489849862e-01	2.597015047011248523e-01	2.597015047011248523e-01	1.880196676549359958e-01	2.249968161131249977e-01	2.597015047011248523e-01	9.146137969540039936e-02	2.010960708933879904e-01	6.832155526949579803e-03	2.570483661019909993e-01	1.476131713815209967e-01	2.597015047011248523e-01	2.026400509436389885e-01	3.297460819718979752e-01	2.274350608959020137e-01	1.918366969553799983e-01	2.590402259641090277e-01	1.698759809138009891e-01	2.597015047011248523e-01	2.597015047011248523e-01	2.597015047011248523e-01	2.104950095861519987e-01	2.597015047011248523e-01	1.919495965259830073e-01	1.984959196524349878e-01	2.597015047011248523e-01	1.792990854320480054e-01	2.442508633151539987e-01	1.007759529659439934e-01	2.597015047011248523e-01	2.597015047011248523e-01	2.597015047011248523e-01	2.597015047011248523e-01	2.597015047011248523e-01	2.597015047011248523e-01	2.597015047011248523e-01	2.597015047011248523e-01	2.412289356814500130e-01	2.597015047011248523e-01	2.597015047011248523e-01	2.597015047011248523e-01	2.022541380713039905e-01	1.857065559586260073e-01	2.057781930185320074e-01	2.222967921656419932e-01	2.937210606046209982e-01	6.719191141823339930e-02	2.516671392456599765e-01	2.119863949707989914e-01	2.168965530888929960e-01	2.597015047011248523e-01	2.597015047011248523e-01	2.597015047011248523e-01	2.597015047011248523e-01	2.597015047011248523e-01	1.715189897824029863e-01	2.597015047011248523e-01	3.090232677050929744e-01	1.548035725577590060e-01	1.025342756269110034e-01	2.755668636566980245e-01	2.660025783900529794e-01	2.597015047011248523e-01	2.597015047011248523e-01	2.597015047011248523e-01	1.443190091894900051e-01	2.597015047011248523e-01	2.597015047011248523e-01	2.597015047011248523e-01
2.597015047011248523e-01	2.597015047011248523e-01	1.792948658853910082e-01	2.771668367245510023e-01	5.063137693609469636e-01	2.391994622535250081e-01	2.597015047011248523e-01	2.597015047011248523e-01	1.000000000000000000e+00	2.597015047011248523e-01	2.597015047011248523e-01	2.597015047011248523e-01	2.597015047011248523e-01	2.597015047011248523e-01	2.597015047011248523e-01	2.597015047011248523e-01	3.577955761090220177e-01	3.095505757514540116e-02	3.803183223449039807e-01	2.685373848423450172e-01	1.104423292575249932e-01	3.437393526181660164e-01	2.597015047011248523e-01	2.597015047011248523e-01	4.426391172231319837e-01	3.481191760902520027e-01	3.811695569156189900e-01	3.652053444943940130e-01	2.597015047011248523e-01	2.597015047011248523e-01	2.696392699919870073e-01	2.597015047011248523e-01	2.597015047011248523e-01	3.488737101296299770e-01	3.073044818312909987e-01	2.597015047011248523e-01	2.597015047011248523e-01	2.597015047011248523e-01	2.597015047011248523e-01	2.597015047011248523e-01	2.729657038053610041e-01	2.597015047011248523e-01	3.893748227078259738e-01	2.597015047011248523e-01	2.777937334620830256e-01	8.874316561052669750e-02	2.597015047011248523e-01	2.857371735742800234e-01	4.352430338268040155e-01	1.976242925168180120e-01	3.330763890280690198e-01	2.977647382019910083e-01	2.597015047011248523e-01	2.824743923696900194e-01	2.315340476847690121e-01	2.597015047011248523e-01	2.597015047011248523e-01	3.518916728728729848e-01	2.301162472898120037e-01	2.597015047011248523e-01	2.552880155012020036e-01	2.597015047011248523e-01	2.597015047011248523e-01	1.017421275172149947e-02	4.241702962847569980e-01	2.597015047011248523e-01	2.597015047011248523e-01	2.597015047011248523e-01	2.970787897858909732e-01	2.597015047011248523e-01	2.597015047011248523e-01	2.937625378427169975e-01	2.597015047011248523e-01	2.622729346564730002e-01	2.918430868257640073e-02	2.597015047011248523e-01	2.830799819942519946e-01	2.597015047011248523e-01	2.597015047011248523e-01	3.106712323521440000e-01	2.597015047011248523e-01	2.597015047011248523e-01	2.293809140399520052e-01	1.295817293942939930e-01	2.597015047011248523e-01	2.597015047011248523e-01	3.112347118875999907e-01	1.955976792773939932e-01	1.000000000000000048e-04	2.257021596499949878e-01	2.597015047011248523e-01	1.565916645072890079e-01	2.597015047011248523e-01	2.597015047011248523e-01	3.204735973722879772e-01	2.597015047011248523e-01	2.597015047011248523e-01	2.597015047011248523e-01	3.451904286925550069e-01	4.113122883837480037e-01	2.597015047011248523e-01	2.597015047011248523e-01	2.597015047011248523e-01	2.641933411145970245e-01	2.597015047011248523e-01	2.597015047011248523e-01	9.473878100329929941e-02	2.597015047011248523e-01	2.227209476088559958e-01	2.073483619372349929e-01	2.258934596759329949e-01	2.597015047011248523e-01	2.153452823268290073e-01	1.389956511003420103e-01	2.597015047011248523e-01	2.850990602835620225e-01	2.936726778951619932e-01	3.902830653934100114e-01	4.387912331008890221e-01	2.597015047011248523e-01	2.597015047011248523e-01	2.756122634248909797e-01	2.305878801299169889e-01	2.597015047011248523e-01
1.327486537399600042e-01	1.960539238806920104e-01	2.670060765126079927e-01	2.597015047011248523e-01	2.551378619825089844e-01	2.001470720025269878e-01	2.597015047011248523e-01	2.597015047011248523e-01	2.597015047011248523e-01	1.000000000000000000e+00	2.384238813933790002e-01	1.568092425294649872e-01	2.597015047011248523e-01	2.338253717181909899e-02	2.597015047011248523e-01	2.033183673565910066e-01	2.621927071627739858e-01	6.814420434297040197e-02	1.211384865481409945e-01	2.597015047011248523e-01	1.354085557759930059e-01	2.597015047011248523e-01	2.597015047011248523e-01	2.914145157988189960e-01	2.775192918580070001e-01	1.239968851174459985e-01	1.274285355205949932e-01	2.597015047011248523e-01	7.187681833324580105e-02	2.021779953374910066e-01	2.118168417684060112e-01	2.597015047011248523e-01	2.597015047011248523e-01	2.597015047011248523e-01	2.597015047011248523e-01	2.597015047011248523e-01	2.597015047011248523e-01	2.597015047011248523e-01	7.992521810253229442e-02	2.597015047011248523e-01	2.597015047011248523e-01	2.414731721138070053e-01	2.597015047011248523e-01	8.315829392310210288e-02	2.597015047011248523e-01	1.398421626235520077e-01	2.597015047011248523e-01	9.087137061634249779e-02	2.698424072053510203e-01	3.028175268438330070e-01	2.597015047011248523e-01	1.183710491733550030e-01	2.597015047011248523e-01	2.597015047011248523e-01	2.597015047011248523e-01	2.508865566084970133e-01	9.726909700479860477e-02	9.901981538598969568e-02	2.597015047011248523e-01	2.597015047011248523e-01	7.355725113184999331e-02	2.597015047011248523e-01	2.597015047011248523e-01	2.597015047011248523e-01	2.597015047011248523e-01	2.597015047011248523e-01	2.597015047011248523e-01	2.597015047011248523e-01	1.094384561473349948e-01	2.597015047011248523e-01	7.406272563956879662e-02	2.597015047011248523e-01	2.597015047011248523e-01	1.267645195863459917e-01	3.898557010023429720e-02	2.328400006348310125e-01	2.597015047011248523e-01	2.597015047011248523e-01	2.438947371971419975e-01	1.031247475276659969e-01	1.401551595954959872e-01	2.597015047011248523e-01	2.597015047011248523e-01	2.542148619587489833e-01	2.597015047011248523e-01	2.597015047011248523e-01	9.295649800554089959e-02	2.597015047011248523e-01	1.000000000000000048e-04	3.112200631354110070e-01	2.597015047011248523e-01	2.239034083755900018e-01	2.597015047011248523e-01	2.597015047011248523e-01	2.597015047011248523e-01	2.597015047011248523e-01	2.023445948141620043e-01	7.712941467966770437e-02	9.227211599927069574e-02	1.297281907859340055e-01	2.597015047011248523e-01	1.539280651022799928e-01	2.597015047011248523e-01	2.597015047011248523e-01	9.915739956491599616e-02	2.597015047011248523e-01	1.576900039121139907e-01	2.597015047011248523e-01	2.168761364132200109e-01	6.471803629130100377e-02	2.597015047011248523e-01	2.171417031664210073e-01	2.597015047011248523e-01	2.281963760158310095e-01	2.327140034837600069e-01	1.206462914405739967e-01	2.597015047011248523e-01	2.597015047011248523e-01	1.812719729139559977e-01	8.070583685164879617e-02	2.273922455605560111e-01	2.597015047011248523e-01	2.597015047011248523e-01	2.597015047011248523e-01
5.161429300743419768e-01	2.597015047011248523e-01	2.597015047011248523e-01	2.524857997556140266e-01	5.261009965307239522e-01	2.498025096737719886e-01	2.597015047011248523e-01	2.597015047011248523e-01	2.597015047011248523e-01	2.384238813933790002e-01	1.000000000000000000e+00	2.597015047011248523e-01	2.597015047011248523e-01	4.250485592636810313e-03	2.597015047011248523e-01	2.597015047011248523e-01	3.119460046433489842e-01	1.245919869869360069e-02	4.475306864134719897e-01	2.597015047011248523e-01	2.597015047011248523e-01	5.030475850789050130e-01	1.998176273686680104e-01	2.875653348037879864e-01	2.597015047011248523e-01	2.597015047011248523e-01	2.597015047011248523e-01	2.597015047011248523e-01	3.514282220043700167e-01	2.597015047011248523e-01	2.547298910705579900e-01	4.350177474569459912e-01	2.597015047011248523e-01	3.235731583567360015e-01	2.597015047011248523e-01	3.419884041975799760e-01	4.282526351062639902e-01	3.913960173086579730e-01	2.597015047011248523e-01	4.589971442070829855e-01	2.597015047011248523e-01	2.597015047011248523e-01	3.973450600183139891e-01	3.770388146046469990e-01	2.597015047011248523e-01	2.597015047011248523e-01	1.507588390054130090e-01	4.114865609425850113e-01	4.553069835352420158e-01	2.597015047011248523e-01	2.597015047011248523e-01	4.000284824668730033e-01	2.597015047011248523e-01	4.262918438774569996e-01	2.597015047011248523e-01	2.560822923850240018e-01	2.597015047011248523e-01	2.597015047011248523e-01	2.597015047011248523e-01	2.597015047011248523e-01	2.597015047011248523e-01	2.597015047011248523e-01	2.597015047011248523e-01	2.597015047011248523e-01	2.597015047011248523e-01	2.597015047011248523e-01	2.597015047011248523e-01	2.251080394236419924e-01	3.706428889928050086e-01	3.011828691131129832e-01	4.345061665605279844e-01	4.210176635304510029e-01	2.597015047011248523e-01	2.597015047011248523e-01	1.979428783865970140e-02	9.856644471276840291e-02	3.617921154556489882e-01	4.085531732797160198e-01	2.213623237397739918e-01	4.756909411677009980e-01	2.597015047011248523e-01	2.597015047011248523e-01	2.597015047011248523e-01	9.126142189335430255e-02	3.823284947569959846e-01	4.777889885646510182e-01	4.320487724449429967e-01	2.789204715892870112e-01	2.597015047011248523e-01	2.597015047011248523e-01	2.597015047011248523e-01	1.200571661997369977e-01	2.597015047011248523e-01	3.339318896266360026e-01	4.828416802625840054e-01	2.597015047011248523e-01	3.299013223454809740e-01	2.597015047011248523e-01	2.597015047011248523e-01	5.204118763808890380e-01	5.803624702168349581e-01	2.597015047011248523e-01	3.775982390363930019e-01	2.208471829887969917e-01	2.597015047011248523e-01	2.597015047011248523e-01	7.195467119855339377e-02	2.597015047011248523e-01	2.597015047011248523e-01	2.597015047011248523e-01	2.597015047011248523e-01	2.597015047011248523e-01	2.597015047011248523e-01	1.094333052539329942e-01	2.597015047011248523e-01	2.597015047011248523e-01	2.597015047011248523e-01	5.308019600650839553e-01	5.053257474554450068e-01	2.597015047011248523e-01	1.091401047230580040e-01	3.647672785115059768e-01	2.597015047011248523e-01	2.597015047011248523e-01
2.168528907124750091e-02	1.503089239904910057e-01	2.597015047011248523e-01	5.438186338149109816e-02	2.597015047011248523e-01	2.597015047011248523e-01	2.597015047011248523e-01	6.695828850549509492e-02	2.597015047011248523e-01	1.568092425294649872e-01	2.597015047011248523e-01	1.000000000000000000e+00	7.214457878981080097e-02	2.597015047011248523e-01	2.597015047011248523e-01	2.597015047011248523e-01	6.152201653395539954e-02	2.597015047011248523e-01	2.041403666018840046e-02	2.597015047011248523e-01	1.596579061730399873e-01	2.597015047011248523e-01	1.793033050780080129e-01	1.863018810138289960e-01	5.317953037182569787e-02	1.740622716825170058e-02	2.029762760079559941e-02	6.358426381928429516e-02	2.597015047011248523e-01	6.376408345112309639e-02	2.597015047011248523e-01	2.597015047011248523e-01	6.734934678919520142e-03	2.597015047011248523e-01	2.597015047011248523e-01	2.597015047011248523e-01	3.647539324881730188e-02	2.597015047011248523e-01	2.597015047011248523e-01	7.317223042851900283e-02	2.597015047011248523e-01	1.322590772709379969e-01	2.597015047011248523e-01	2.597015047011248523e-01	2.597015047011248523e-01	2.597015047011248523e-01	3.262493868949549736e-01	9.345979551636820343e-03	6.979319380940350592e-02	2.597015047011248523e-01	1.445890880185000081e-02	2.132043937660769994e-02	2.597015047011248523e-01	8.724483799696109571e-03	6.788720938921580066e-03	2.597015047011248523e-01	8.317286587421410249e-03	2.597015047011248523e-01	5.609303881719729726e-03	1.566117327718220126e-02	2.597015047011248523e-01	2.597015047011248523e-01	6.491854584400339780e-03	2.597015047011248523e-01	1.320009865899159918e-01	2.597015047011248523e-01	2.597015047011248523e-01	3.222584554078949948e-01	2.597015047011248523e-01	6.639878536526989602e-03	1.187126400571720045e-02	9.609380179900029600e-03	7.072981028535589576e-03	1.513540960059529990e-02	2.597015047011248523e-01	2.377347226376989864e-01	9.193494376631999865e-03	2.052000329766080072e-02	1.842092114041780082e-01	2.597015047011248523e-01	2.057416106579380149e-02	2.597015047011248523e-01	8.607624770130800629e-03	5.790800223396209701e-01	9.144296805569910799e-03	1.049572568150130072e-02	2.597015047011248523e-01	2.597015047011248523e-01	1.000000000000000048e-04	2.597015047011248523e-01	2.019022181457829912e-01	2.814657459180929799e-01	2.597015047011248523e-01	2.597015047011248523e-01	2.597015047011248523e-01	2.597015047011248523e-01	4.234765442542939851e-02	2.597015047011248523e-01	2.597015047011248523e-01	2.597015047011248523e-01	2.558139196504780055e-02	4.390598027885340149e-01	2.597015047011248523e-01	1.619473713308549889e-01	2.597015047011248523e-01	1.693030412757360118e-02	2.243095128854389886e-01	2.137167954017060029e-02	1.219135368565709976e-01	2.597015047011248523e-01	4.915887837858520272e-03	4.043011385005070013e-02	2.597015047011248523e-01	2.597015047011248523e-01	2.597015047011248523e-01	2.597015047011248523e-01	1.457300804819510083e-02	2.597015047011248523e-01	2.597015047011248523e-01	2.597015047011248523e-01	2.597015047011248523e-01	9.458160502777359854e-03	2.597015047011248523e-01	2.597015047011248523e-01
