1.000000000000150102e+00	8.656494532482560400e-01	6.970778157432383493e-01	6.970778157432383493e-01	6.970778157432383493e-01	7.950816367389690331e-01	7.933691797818660518e-01	6.970778157432383493e-01	7.921684836817090014e-01	6.970778157432383493e-01	7.516143267228260205e-01	7.113825770629480516e-01	6.970778157432383493e-01	6.970778157432383493e-01	6.970778157432383493e-01	6.970778157432383493e-01	7.064282343042449508e-01	7.658117146642200446e-01	7.418104614312329703e-01	6.970778157432383493e-01	7.708276305114289961e-01	6.970778157432383493e-01	7.353676265902769904e-01	7.348728792952760047e-01	7.360516688544329611e-01	6.970778157432383493e-01	7.747892921059440496e-01	7.328921782905120086e-01	6.970778157432383493e-01	7.125791454851929663e-01	6.970778157432383493e-01	6.970778157432383493e-01	6.970778157432383493e-01	8.132979589205689974e-01	7.037693066013640530e-01	7.904441236260929537e-01	6.970778157432383493e-01	6.970778157432383493e-01	6.970778157432383493e-01	6.970778157432383493e-01	6.765103054361609747e-01	7.201179888161060028e-01	7.675065548303440233e-01	6.970778157432383493e-01	7.982191144714110287e-01	6.991546747294650199e-01	6.875941410140119503e-01	6.970778157432383493e-01	6.970778157432383493e-01	7.544228070326539637e-01	8.029095538142260180e-01	7.192995062379490268e-01	7.300297657317199596e-01	6.571397540738069809e-01	6.970778157432383493e-01	6.970778157432383493e-01	6.235132740882569635e-01	6.970778157432383493e-01	7.148950799731199623e-01	6.970778157432383493e-01	7.565596637937950231e-01	7.342699868547789555e-01	8.108134399905400080e-01	6.970778157432383493e-01	6.564726206198769898e-01	7.427267292577039992e-01	6.970778157432383493e-01	6.970778157432383493e-01	6.879521999120290499e-01	6.379335347150290048e-01	6.889760115390990425e-01	6.770611726751190051e-01	7.655009165359469847e-01	6.970778157432383493e-01	6.970778157432383493e-01	6.970778157432383493e-01	6.970778157432383493e-01	7.936662988326470547e-01	6.970778157432383493e-01	6.970778157432383493e-01	7.922431737485660097e-01	6.725084800934120199e-01	6.970778157432383493e-01	7.631611986649839974e-01	6.792542277040399812e-01	6.970778157432383493e-01	7.534008889170860090e-01	6.970778157432383493e-01	6.970778157432383493e-01	7.411337685872300129e-01	7.652956897007640036e-01	7.696898346054800166e-01	6.705797613984070260e-01	6.560161178793399994e-01	6.970778157432383493e-01	7.833243167714799560e-01	6.970778157432383493e-01	6.970778157432383493e-01	6.970778157432383493e-01	6.970778157432383493e-01	6.970778157432383493e-01	6.970778157432383493e-01	6.483967240307649815e-01	6.970778157432383493e-01	6.491100742456999972e-01	6.970778157432383493e-01	7.810514774412500305e-01	6.970778157432383493e-01	6.830889740484159534e-01	6.970778157432383493e-01	6.970778157432383493e-01	7.775863858710779786e-01	6.970778157432383493e-01	6.970778157432383493e-01	7.967290296518160231e-01	6.970778157432383493e-01	8.997773220336759969e-01	9.084193006170380169e-01	6.970778157432383493e-01	6.970778157432383493e-01	8.117270309997279831e-01	6.970778157432383493e-01	6.970778157432383493e-01	7.844651749141120511e-01
8.656494532482560400e-01	1.000000000000039968e+00	8.394663792201899621e-01	7.399396764504879709e-01	7.426002790712500357e-01	7.307355580440310083e-01	6.970778157432383493e-01	7.217277002772409800e-01	7.343467722960129729e-01	7.164388723263820369e-01	7.499100779699819919e-01	6.970778157432383493e-01	7.337540184029219814e-01	6.970778157432383493e-01	6.970778157432383493e-01	7.307996607734019712e-01	6.327479093900070239e-01	7.076479031565540145e-01	7.002522364194050386e-01	6.970778157432383493e-01	7.023512051990590255e-01	6.970778157432383493e-01	6.970778157432383493e-01	6.970778157432383493e-01	7.080488826739870234e-01	7.552449488899839469e-01	6.970778157432383493e-01	7.180684839159799937e-01	5.696859287072060241e-01	6.504826775841600073e-01	6.970778157432383493e-01	6.970778157432383493e-01	7.306373463658589751e-01	6.970778157432383493e-01	6.383219709518489493e-01	7.566460162935190192e-01	6.744995616564369856e-01	6.970778157432383493e-01	6.339347730392990155e-01	6.970778157432383493e-01	6.970778157432383493e-01	7.032342425550299758e-01	6.970778157432383493e-01	6.315495412873870507e-01	6.970778157432383493e-01	6.970778157432383493e-01	6.970778157432383493e-01	6.970778157432383493e-01	7.286746893825080118e-01	7.175413595946570355e-01	6.970778157432383493e-01	6.970778157432383493e-01	6.963632868204180371e-01	6.000060046246239454e-01	6.599687616274310109e-01	6.970778157432383493e-01	6.064043430674700419e-01	6.970778157432383493e-01	6.970778157432383493e-01	5.857316036449780050e-01	6.970778157432383493e-01	6.882998502184239920e-01	6.970778157432383493e-01	6.970778157432383493e-01	5.910067758567599805e-01	7.265307134361319585e-01	6.878935470062450541e-01	6.734525485162500269e-01	6.557558572286059650e-01	5.741233552321759470e-01	6.475614441691670553e-01	6.179395644862120118e-01	7.165743487844969950e-01	7.533355353418189626e-01	7.164089650239490181e-01	6.970778157432383493e-01	6.970778157432383493e-01	7.491039795731999629e-01	6.970778157432383493e-01	6.970778157432383493e-01	6.970778157432383493e-01	6.319306080162500061e-01	6.314905143610100025e-01	6.970778157432383493e-01	6.111442726820109916e-01	6.108308507336229765e-01	6.970778157432383493e-01	6.970778157432383493e-01	8.755085766309119721e-01	6.970778157432383493e-01	6.970778157432383493e-01	6.970778157432383493e-01	6.970778157432383493e-01	6.970778157432383493e-01	6.034554443362539766e-01	6.970778157432383493e-01	7.652859857826349588e-01	6.052058239134100459e-01	6.970778157432383493e-01	6.970778157432383493e-01	6.970778157432383493e-01	6.086647961573180554e-01	5.932231238083269798e-01	6.970778157432383493e-01	5.871106185834720215e-01	6.513083715910340521e-01	6.970778157432383493e-01	6.883359037779940293e-01	6.970778157432383493e-01	6.354065959205920100e-01	7.520472201941319490e-01	7.178793586019279749e-01	6.970778157432383493e-01	6.970778157432383493e-01	6.970778157432383493e-01	6.970778157432383493e-01	6.970778157432383493e-01	6.970778157432383493e-01	6.970778157432383493e-01	7.257599209402649798e-01	7.718749924385389649e-01	6.970778157432383493e-01	6.970778157432383493e-01	7.491340276767020079e-01
6.970778157432383493e-01	8.394663792201899621e-01	1.000000000000049960e+00	6.970778157432383493e-01	7.379198200808559927e-01	6.970778157432383493e-01	7.777268175721000487e-01	6.970778157432383493e-01	8.033860014851900155e-01	6.970778157432383493e-01	7.246107028628659963e-01	6.970778157432383493e-01	6.970778157432383493e-01	6.970778157432383493e-01	1.000000000000000021e-03	7.525423935036510414e-01	7.425689570706209830e-01	7.759783739059039620e-01	7.159765398942370407e-01	6.970778157432383493e-01	7.736648048767640340e-01	6.121642709395660464e-01	6.970778157432383493e-01	6.970778157432383493e-01	6.970778157432383493e-01	7.897952882332309743e-01	6.970778157432383493e-01	7.197870852485519499e-01	6.970778157432383493e-01	6.970778157432383493e-01	6.970778157432383493e-01	7.741004113906110318e-01	6.970778157432383493e-01	6.970778157432383493e-01	6.970778157432383493e-01	7.706999394003849480e-01	6.970778157432383493e-01	6.970778157432383493e-01	6.970778157432383493e-01	7.007196985600450123e-01	6.989208123948249529e-01	6.970778157432383493e-01	7.891969096164860309e-01	6.970778157432383493e-01	6.970778157432383493e-01	6.970778157432383493e-01	6.816993652796410341e-01	6.970778157432383493e-01	6.970778157432383493e-01	6.970778157432383493e-01	8.131012135627589954e-01	6.970778157432383493e-01	7.065226684755420150e-01	6.529865639970979796e-01	7.047688854336060515e-01	8.212241390339319880e-01	6.970778157432383493e-01	6.970778157432383493e-01	7.006223490606320325e-01	5.942541882111069818e-01	6.970778157432383493e-01	6.970778157432383493e-01	8.043030640209819504e-01	6.970778157432383493e-01	6.970778157432383493e-01	6.970778157432383493e-01	6.970778157432383493e-01	6.970778157432383493e-01	6.562704741189949731e-01	6.970778157432383493e-01	6.574424906811889846e-01	6.970778157432383493e-01	6.970778157432383493e-01	6.970778157432383493e-01	7.652152204199129670e-01	6.970778157432383493e-01	6.970778157432383493e-01	6.970778157432383493e-01	6.970778157432383493e-01	6.970778157432383493e-01	7.925134967070649461e-01	6.970778157432383493e-01	6.458154691067460318e-01	7.905860073677060118e-01	6.970778157432383493e-01	6.970778157432383493e-01	6.970778157432383493e-01	7.885581207871490417e-01	8.761937220453700492e-01	7.094664932407149793e-01	7.251557326898989686e-01	6.970778157432383493e-01	6.970778157432383493e-01	6.970778157432383493e-01	6.970778157432383493e-01	6.970778157432383493e-01	7.722889158607459947e-01	5.959826557824909887e-01	6.970778157432383493e-01	6.970778157432383493e-01	7.822754492747350241e-01	6.759531724435019484e-01	6.970778157432383493e-01	6.970778157432383493e-01	6.616899938697859973e-01	6.970778157432383493e-01	6.970778157432383493e-01	7.617630571433610109e-01	6.970778157432383493e-01	6.970778157432383493e-01	6.970778157432383493e-01	6.970778157432383493e-01	7.452158872521790212e-01	6.970778157432383493e-01	7.793522502284350173e-01	8.556589773292549994e-01	8.619502546686169664e-01	8.905152584734250532e-01	6.970778157432383493e-01	6.970778157432383493e-01	6.970778157432383493e-01	6.970778157432383493e-01	6.970778157432383493e-01	6.970778157432383493e-01
6.970778157432383493e-01	7.399396764504879709e-01	6.970778157432383493e-01	9.999999999999239497e-01	7.445979031813190208e-01	7.207807269754330504e-01	6.970778157432383493e-01	6.970778157432383493e-01	7.280273306376749964e-01	6.970778157432383493e-01	6.970778157432383493e-01	6.970778157432383493e-01	6.970778157432383493e-01	6.970778157432383493e-01	6.970778157432383493e-01	7.708721225608220484e-01	6.613465855219620160e-01	6.970778157432383493e-01	7.662793653229149626e-01	6.970778157432383493e-01	7.422231277022039997e-01	6.970778157432383493e-01	6.970778157432383493e-01	7.856320168511530255e-01	6.970778157432383493e-01	6.970778157432383493e-01	7.925564497384219864e-01	7.518317519579660324e-01	6.970778157432383493e-01	6.970778157432383493e-01	6.970778157432383493e-01	6.970778157432383493e-01	6.970778157432383493e-01	8.122932262999119635e-01	6.667331853500589878e-01	6.970778157432383493e-01	7.303305984710170007e-01	6.970778157432383493e-01	6.970778157432383493e-01	6.970778157432383493e-01	5.934396006384360378e-01	7.505775888840829912e-01	6.970778157432383493e-01	6.603583522364250280e-01	6.970778157432383493e-01	6.893631842537569776e-01	6.970778157432383493e-01	6.642013271648250505e-01	6.970778157432383493e-01	6.970778157432383493e-01	7.124877194650980350e-01	6.970778157432383493e-01	7.276199753555000482e-01	6.970778157432383493e-01	6.866003213960250040e-01	6.970778157432383493e-01	6.596569612534169957e-01	7.041737188322679808e-01	6.970778157432383493e-01	6.234903035232890467e-01	6.970778157432383493e-01	6.970778157432383493e-01	7.404060607356820478e-01	6.518871973470760084e-01	6.020408706199319449e-01	7.926283921056349602e-01	6.970778157432383493e-01	6.970778157432383493e-01	7.542767642931319516e-01	6.970778157432383493e-01	6.970778157432383493e-01	6.970778157432383493e-01	6.970778157432383493e-01	7.975405139110860464e-01	7.817047719941010442e-01	6.970778157432383493e-01	6.970778157432383493e-01	7.773240461859060035e-01	7.315448351457940479e-01	7.585661716298940371e-01	7.401606222941450319e-01	6.970778157432383493e-01	6.562866490136860520e-01	6.970778157432383493e-01	6.167817631787659849e-01	6.970778157432383493e-01	6.970778157432383493e-01	7.822626984905890479e-01	6.970778157432383493e-01	7.625383367542329927e-01	7.755053536015410476e-01	7.476937424995609982e-01	6.255648415439869492e-01	6.970778157432383493e-01	6.424302715044120093e-01	6.970778157432383493e-01	6.970778157432383493e-01	6.970778157432383493e-01	6.970778157432383493e-01	7.581466953940489972e-01	7.373804785520560179e-01	6.970778157432383493e-01	6.150504582390999841e-01	6.970778157432383493e-01	6.970778157432383493e-01	6.970778157432383493e-01	7.722906350313859525e-01	6.970778157432383493e-01	7.513587715322369576e-01	6.715693910340470030e-01	7.710432758936910380e-01	6.970778157432383493e-01	7.412035829830030398e-01	6.970778157432383493e-01	6.970778157432383493e-01	6.970778157432383493e-01	7.731113039308870061e-01	7.614816447992069914e-01	7.654056829153760289e-01	7.051822517835989457e-01	7.683349648557410427e-01	7.284865372881420553e-01	6.970778157432383493e-01	7.336185295196600009e-01
6.970778157432383493e-01	7.426002790712500357e-01	7.379198200808559927e-01	7.445979031813190208e-01	9.999999999999039657e-01	7.087034306836850206e-01	8.002910712797880466e-01	6.970778157432383493e-01	7.522234967789780402e-01	7.787956233666749606e-01	6.970778157432383493e-01	6.970778157432383493e-01	6.970778157432383493e-01	6.559974631533099787e-01	6.970778157432383493e-01	7.384485036537290492e-01	6.121424203546750320e-01	7.006784419187289670e-01	6.989681494501299719e-01	6.970778157432383493e-01	6.689993277181079945e-01	6.673807009663880185e-01	7.586454553841429638e-01	7.212981380228380424e-01	6.970778157432383493e-01	8.164298119281210298e-01	7.388648905585170068e-01	7.655147549015419717e-01	6.154847332107370450e-01	6.970778157432383493e-01	6.970778157432383493e-01	7.003239709578199523e-01	7.041659277311099752e-01	7.658178617623050410e-01	6.206239883430909599e-01	6.970778157432383493e-01	6.586007269466730429e-01	6.970778157432383493e-01	6.191525149188039645e-01	7.287791586509869690e-01	6.970778157432383493e-01	6.970778157432383493e-01	6.970778157432383493e-01	6.402959774789449554e-01	7.306759045206180359e-01	6.575068890292390389e-01	6.098724499645119534e-01	6.970778157432383493e-01	6.970778157432383493e-01	6.970778157432383493e-01	6.970778157432383493e-01	6.970778157432383493e-01	6.970778157432383493e-01	5.868052060696909988e-01	6.970778157432383493e-01	7.031442807714539667e-01	6.250486253664260250e-01	6.970778157432383493e-01	6.439135315792819947e-01	5.981144175732769908e-01	7.571346438040930105e-01	6.660971453180379864e-01	6.970778157432383493e-01	6.970778157432383493e-01	6.970778157432383493e-01	7.259756399514409875e-01	6.970778157432383493e-01	6.694610043303399483e-01	6.970778157432383493e-01	6.970778157432383493e-01	6.438412916223520410e-01	6.970778157432383493e-01	7.129223621836400238e-01	6.970778157432383493e-01	7.156806643940260004e-01	6.609952827220150207e-01	7.799358296349390152e-01	7.456685411446910550e-01	6.970778157432383493e-01	7.133306055216840358e-01	6.970778157432383493e-01	6.970778157432383493e-01	6.970778157432383493e-01	6.970778157432383493e-01	5.839814741477670212e-01	5.899591691575849506e-01	6.776756021284620068e-01	6.970778157432383493e-01	6.970778157432383493e-01	6.970778157432383493e-01	6.970778157432383493e-01	6.970778157432383493e-01	5.815766194420329827e-01	6.003557818462810225e-01	6.970778157432383493e-01	7.105953086949789999e-01	6.970778157432383493e-01	6.970778157432383493e-01	6.970778157432383493e-01	6.970778157432383493e-01	6.970778157432383493e-01	6.970778157432383493e-01	6.970778157432383493e-01	6.970778157432383493e-01	6.970778157432383493e-01	6.356231699675469748e-01	6.970778157432383493e-01	6.970778157432383493e-01	6.970778157432383493e-01	6.970778157432383493e-01	7.335607207475030034e-01	6.970778157432383493e-01	6.970778157432383493e-01	7.554926580601839525e-01	6.970778157432383493e-01	7.647904251016459654e-01	7.790167840071190453e-01	6.970778157432383493e-01	7.722545510687489623e-01	6.970778157432383493e-01	6.970778157432383493e-01	7.824747044081550307e-01	6.970778157432383493e-01	7.752130567795799676e-01
7.950816367389690331e-01	7.307355580440310083e-01	6.970778157432383493e-01	7.207807269754330504e-01	7.087034306836850206e-01	1.000000000000019984e+00	7.700094309093700184e-01	6.970778157432383493e-01	6.970778157432383493e-01	6.545437816633390415e-01	6.766704655714459449e-01	6.970778157432383493e-01	7.555625907980190181e-01	6.970778157432383493e-01	6.970778157432383493e-01	6.960520861310269813e-01	7.439523236337279855e-01	6.970778157432383493e-01	6.970778157432383493e-01	6.970778157432383493e-01	6.970778157432383493e-01	5.674497962059860123e-01	6.655303399375389617e-01	6.665167902864660432e-01	6.970778157432383493e-01	7.490180711199639907e-01	6.970778157432383493e-01	6.968951102886560278e-01	6.970778157432383493e-01	6.970778157432383493e-01	6.970778157432383493e-01	7.545413481595120153e-01	7.746726109776540525e-01	8.363772801170490379e-01	6.970778157432383493e-01	6.970778157432383493e-01	6.970778157432383493e-01	6.970778157432383493e-01	6.749189817343189679e-01	6.970778157432383493e-01	6.646370788291300347e-01	6.713833933247009833e-01	6.970778157432383493e-01	6.429483800089530465e-01	7.736267268067129610e-01	6.998519580382009941e-01	6.443392891840870051e-01	6.970778157432383493e-01	6.970778157432383493e-01	6.801131201349559507e-01	7.734111684088520455e-01	6.970778157432383493e-01	6.970778157432383493e-01	6.970778157432383493e-01	6.970778157432383493e-01	7.830315474274259779e-01	5.543831071294269552e-01	5.688749703668259938e-01	6.970778157432383493e-01	5.712005235059539610e-01	6.970778157432383493e-01	6.754548058080079853e-01	7.583169516835169821e-01	6.625258274743269782e-01	6.338810838372730405e-01	6.970778157432383493e-01	6.970778157432383493e-01	6.914312950237859745e-01	6.970778157432383493e-01	6.236973482562649940e-01	6.367081148964419679e-01	6.554345913587750205e-01	7.349214062732759567e-01	7.553339892665810185e-01	7.645229345833499668e-01	5.588041021513689977e-01	7.710205486036539879e-01	7.368644925909290100e-01	6.970778157432383493e-01	7.425332976704710486e-01	7.653842136885740111e-01	6.970778157432383493e-01	6.168376265199669861e-01	6.970778157432383493e-01	6.559671401785099887e-01	6.659469559282350515e-01	6.970778157432383493e-01	6.970778157432383493e-01	6.970778157432383493e-01	6.970778157432383493e-01	6.984692427576040252e-01	7.531575748915669832e-01	6.970778157432383493e-01	6.065664598337210389e-01	6.970778157432383493e-01	6.970778157432383493e-01	6.970778157432383493e-01	5.604041490586130214e-01	6.730624532439930530e-01	6.659242072752810104e-01	6.970778157432383493e-01	6.478637494271709540e-01	6.970778157432383493e-01	5.449830625114540084e-01	6.970778157432383493e-01	6.142278582920770447e-01	7.176723603838629506e-01	6.970778157432383493e-01	6.970778157432383493e-01	6.970778157432383493e-01	6.970778157432383493e-01	7.545178499874229949e-01	7.281019642444870321e-01	7.193704539818239763e-01	7.525049405678070347e-01	7.831067518994320187e-01	7.872942079035589735e-01	6.970778157432383493e-01	6.970778157432383493e-01	7.080464514288370426e-01	7.579447187693100219e-01	6.970778157432383493e-01	6.970778157432383493e-01	7.509041979563070290e-01
7.933691797818660518e-01	6.970778157432383493e-01	7.777268175721000487e-01	6.970778157432383493e-01	8.002910712797880466e-01	7.700094309093700184e-01	1.000000000000029976e+00	6.970778157432383493e-01	8.440413644076200095e-01	6.970778157432383493e-01	7.535142710660649445e-01	6.970778157432383493e-01	7.702351754491040259e-01	6.961572725293370123e-01	1.000000000000000021e-03	6.970778157432383493e-01	6.729808752033690222e-01	6.970778157432383493e-01	7.049388304259589511e-01	6.970778157432383493e-01	7.219760260247619632e-01	6.320216301520460433e-01	7.937411043021169732e-01	6.970778157432383493e-01	6.970778157432383493e-01	6.970778157432383493e-01	7.394179198836710043e-01	8.042793406830629488e-01	5.636151265192580473e-01	6.774017516528210159e-01	7.482468290878440120e-01	6.970778157432383493e-01	7.448597599731969776e-01	7.945873067016879787e-01	6.610751275644329850e-01	6.970778157432383493e-01	6.939045876103070443e-01	7.609445692183729459e-01	6.690217020381179491e-01	7.235968488200019699e-01	6.306563881094939816e-01	6.970778157432383493e-01	6.970778157432383493e-01	6.970778157432383493e-01	7.607533188939620272e-01	7.012473224356320367e-01	6.421902277830230377e-01	6.818205208775529602e-01	6.970778157432383493e-01	6.970778157432383493e-01	6.970778157432383493e-01	7.005965951108410472e-01	6.970778157432383493e-01	6.970778157432383493e-01	6.970778157432383493e-01	6.970778157432383493e-01	6.970778157432383493e-01	6.358485570389339481e-01	6.754047195501250433e-01	6.970778157432383493e-01	6.970778157432383493e-01	6.885065381294139808e-01	7.991921698439230504e-01	6.432827384254490299e-01	6.970778157432383493e-01	7.250653221309379948e-01	6.970778157432383493e-01	7.032369665441440265e-01	6.838509629484750274e-01	6.970778157432383493e-01	6.970778157432383493e-01	6.970778157432383493e-01	6.970778157432383493e-01	6.970778157432383493e-01	7.481819995220000408e-01	6.306762792498159520e-01	7.991121203492690395e-01	6.970778157432383493e-01	6.970778157432383493e-01	6.970778157432383493e-01	6.970778157432383493e-01	6.970778157432383493e-01	6.970778157432383493e-01	7.193252453056869777e-01	6.970778157432383493e-01	6.970778157432383493e-01	6.995801770494629590e-01	6.970778157432383493e-01	7.946506726070700077e-01	6.960273187437100439e-01	7.310302544392049962e-01	7.344212254737180201e-01	6.197083940421670434e-01	6.970778157432383493e-01	6.970778157432383493e-01	6.970778157432383493e-01	7.616746236366119804e-01	6.119911516468750090e-01	7.103770502904079853e-01	7.156552545557050005e-01	7.760867399720899895e-01	6.970778157432383493e-01	6.146162467141460528e-01	6.208248464085750484e-01	6.025762316342000435e-01	6.391148012052290106e-01	6.970778157432383493e-01	6.970778157432383493e-01	6.832211311054440239e-01	6.572391054731560045e-01	7.510815606961379620e-01	7.368504727826870049e-01	6.970778157432383493e-01	7.604635761669350513e-01	6.970778157432383493e-01	6.970778157432383493e-01	6.970778157432383493e-01	6.970778157432383493e-01	6.970778157432383493e-01	6.970778157432383493e-01	7.974195207997699653e-01	6.970778157432383493e-01	7.726071911687919513e-01	7.747828164068439882e-01
6.970778157432383493e-01	7.217277002772409800e-01	6.970778157432383493e-01	6.970778157432383493e-01	6.970778157432383493e-01	6.970778157432383493e-01	6.970778157432383493e-01	9.999999999999610312e-01	6.970778157432383493e-01	6.970778157432383493e-01	7.280586777077570071e-01	6.970778157432383493e-01	7.347488015170580145e-01	6.674263541361570296e-01	1.000000000000000021e-03	7.189496315579749774e-01	6.970778157432383493e-01	6.970778157432383493e-01	6.638371564913559952e-01	6.970778157432383493e-01	6.970778157432383493e-01	5.856731107058249508e-01	7.779761742598030327e-01	6.773190177492449671e-01	7.768407421811469593e-01	6.970778157432383493e-01	6.970778157432383493e-01	7.984814879672149646e-01	6.970778157432383493e-01	6.649234623119689713e-01	6.970778157432383493e-01	6.970778157432383493e-01	6.970778157432383493e-01	7.365795284572399515e-01	6.970778157432383493e-01	6.970778157432383493e-01	6.970778157432383493e-01	6.970778157432383493e-01	6.970778157432383493e-01	6.970778157432383493e-01	6.970778157432383493e-01	7.793352781286130293e-01	7.381879839695979495e-01	6.970778157432383493e-01	7.348515742953649621e-01	6.970778157432383493e-01	6.970778157432383493e-01	6.558162402678500147e-01	6.970778157432383493e-01	6.970778157432383493e-01	6.970778157432383493e-01	6.556748264538579951e-01	6.516321954883269596e-01	5.922517430328320120e-01	6.970778157432383493e-01	7.306394291178970324e-01	5.521324195184289518e-01	6.970778157432383493e-01	6.970778157432383493e-01	6.970778157432383493e-01	6.970778157432383493e-01	6.544765593069810095e-01	6.970778157432383493e-01	6.167277108466310276e-01	5.896559817225489608e-01	6.970778157432383493e-01	6.863902297405749531e-01	6.970778157432383493e-01	6.970778157432383493e-01	5.804616512051830046e-01	6.970778157432383493e-01	6.180837645070980102e-01	6.947563217447669803e-01	7.266365537940769892e-01	7.098063439837889455e-01	5.651234768294629562e-01	6.970778157432383493e-01	7.181925607455169613e-01	6.928259522684310223e-01	6.970778157432383493e-01	6.970778157432383493e-01	6.970778157432383493e-01	5.929100162747350522e-01	7.080206301270649538e-01	6.970778157432383493e-01	6.970778157432383493e-01	6.970778157432383493e-01	6.970778157432383493e-01	6.970778157432383493e-01	6.970778157432383493e-01	6.970778157432383493e-01	6.970778157432383493e-01	5.908194611205870306e-01	5.823949842721319881e-01	5.726791118897059940e-01	6.970778157432383493e-01	7.369895092126209635e-01	6.970778157432383493e-01	6.970778157432383493e-01	6.982355559546159496e-01	7.787966383659949976e-01	6.970778157432383493e-01	5.788515178891310287e-01	6.970778157432383493e-01	6.970778157432383493e-01	6.970778157432383493e-01	6.970778157432383493e-01	6.970778157432383493e-01	6.267350978767519676e-01	6.271448838591600072e-01	7.194158053795239871e-01	7.232358119402230168e-01	6.940516085714729666e-01	7.029549557981930041e-01	6.970778157432383493e-01	7.599031433582630335e-01	7.510896259153480026e-01	7.565995834167760226e-01	7.616728978062520250e-01	6.970778157432383493e-01	7.581153616513960358e-01	7.656456929880399720e-01	7.407356507540719948e-01	7.386738876253069463e-01
7.921684836817090014e-01	7.343467722960129729e-01	8.033860014851900155e-01	7.280273306376749964e-01	7.522234967789780402e-01	6.970778157432383493e-01	8.440413644076200095e-01	6.970778157432383493e-01	1.000000000000129896e+00	6.970778157432383493e-01	7.048803365377800390e-01	6.501090204039750020e-01	7.645032985873539966e-01	7.098210932437609699e-01	6.970778157432383493e-01	6.970778157432383493e-01	7.415554263954120540e-01	7.682730725569479890e-01	6.970778157432383493e-01	6.947504988152140015e-01	6.970778157432383493e-01	6.970778157432383493e-01	7.445086764961069692e-01	6.970778157432383493e-01	6.970778157432383493e-01	6.970778157432383493e-01	7.078982391677040020e-01	6.970778157432383493e-01	4.834026200638369963e-01	7.236652421793710044e-01	7.498205861629969604e-01	6.970778157432383493e-01	6.970778157432383493e-01	6.970778157432383493e-01	6.970778157432383493e-01	7.276882037169769557e-01	6.970778157432383493e-01	7.239221719967799951e-01	6.983551930615620185e-01	6.669834950492260495e-01	6.810654445172740212e-01	6.970778157432383493e-01	6.970778157432383493e-01	6.453394557115700314e-01	6.970778157432383493e-01	7.289815265979799896e-01	6.569590449619689965e-01	7.089934255402150498e-01	6.970778157432383493e-01	6.970778157432383493e-01	6.970778157432383493e-01	6.625692150622809473e-01	6.970778157432383493e-01	6.366199988393580478e-01	6.970778157432383493e-01	7.801229341602710088e-01	6.970778157432383493e-01	5.628993103701409595e-01	6.970778157432383493e-01	5.756705237755029847e-01	6.970778157432383493e-01	6.830971577228569513e-01	7.710946918492640467e-01	6.970778157432383493e-01	6.528532795823920321e-01	6.891934437485760512e-01	6.970778157432383493e-01	7.078167684367739909e-01	6.970778157432383493e-01	6.970778157432383493e-01	6.408698959672060047e-01	6.970778157432383493e-01	7.173587971496470095e-01	6.970778157432383493e-01	6.970778157432383493e-01	5.575829886606710195e-01	6.970778157432383493e-01	7.275260675386450160e-01	6.970778157432383493e-01	7.205679999413110437e-01	8.024948497423619598e-01	6.301407502291640483e-01	6.310819877954220170e-01	7.669085747385190333e-01	6.970778157432383493e-01	6.970778157432383493e-01	6.970778157432383493e-01	6.970778157432383493e-01	6.970778157432383493e-01	6.779291688728119603e-01	6.970778157432383493e-01	6.970778157432383493e-01	6.970778157432383493e-01	6.228954714957399830e-01	5.843618840406750170e-01	7.707573805715770554e-01	7.479120813936189771e-01	6.970778157432383493e-01	6.833514072053690214e-01	6.890793863315870516e-01	7.841773710931440045e-01	6.658924324962409713e-01	6.197546412296659479e-01	6.970778157432383493e-01	6.970778157432383493e-01	6.339916961048429611e-01	7.080079284777609505e-01	7.649892979041239549e-01	6.417209982789640055e-01	6.970778157432383493e-01	7.292336012541119628e-01	7.830259293146399902e-01	6.970778157432383493e-01	6.970778157432383493e-01	6.970778157432383493e-01	6.970778157432383493e-01	6.970778157432383493e-01	6.970778157432383493e-01	7.827299021139469959e-01	6.970778157432383493e-01	6.970778157432383493e-01	6.970778157432383493e-01	6.970778157432383493e-01	6.970778157432383493e-01
6.970778157432383493e-01	7.164388723263820369e-01	6.970778157432383493e-01	6.970778157432383493e-01	7.787956233666749606e-01	6.545437816633390415e-01	6.970778157432383493e-01	6.970778157432383493e-01	6.970778157432383493e-01	1.000000000000069944e+00	6.970778157432383493e-01	6.970778157432383493e-01	6.970778157432383493e-01	6.970778157432383493e-01	1.000000000000000021e-03	6.970778157432383493e-01	6.970778157432383493e-01	6.879773517517390191e-01	6.970778157432383493e-01	6.970778157432383493e-01	6.970778157432383493e-01	6.970778157432383493e-01	7.415759147228500048e-01	7.231776445234360251e-01	6.970778157432383493e-01	8.068215683120369963e-01	6.970778157432383493e-01	7.260325728302959858e-01	6.970778157432383493e-01	6.970778157432383493e-01	7.159419687089350059e-01	6.481300124120179529e-01	6.810782659484380108e-01	6.970778157432383493e-01	6.970778157432383493e-01	6.970778157432383493e-01	6.970778157432383493e-01	6.970778157432383493e-01	6.186590113751709863e-01	7.409775244237749581e-01	6.970778157432383493e-01	7.202946112289010383e-01	6.926423660475270472e-01	6.970778157432383493e-01	6.970778157432383493e-01	6.280680756981019686e-01	6.343573860052580393e-01	6.970778157432383493e-01	7.259433082963719919e-01	6.970778157432383493e-01	6.970778157432383493e-01	6.959351484901830087e-01	6.970778157432383493e-01	6.055728305282019885e-01	6.970778157432383493e-01	6.970778157432383493e-01	6.970778157432383493e-01	6.749784658864099729e-01	6.970778157432383493e-01	6.970778157432383493e-01	7.536944710542400339e-01	6.801647495726059756e-01	7.421003473539390383e-01	6.970778157432383493e-01	5.882388911044079682e-01	6.970778157432383493e-01	6.564343892714400441e-01	6.820502632958079792e-01	6.970778157432383493e-01	5.573356288738480213e-01	6.698427783107360201e-01	6.014815033530449551e-01	6.818279802642479570e-01	6.970778157432383493e-01	6.970778157432383493e-01	6.478095509339589775e-01	6.970778157432383493e-01	6.970778157432383493e-01	6.970778157432383493e-01	6.914615715326659640e-01	6.970778157432383493e-01	6.970778157432383493e-01	6.437844155519499845e-01	6.970778157432383493e-01	6.970778157432383493e-01	5.705583367008779661e-01	7.188435555183420034e-01	6.970778157432383493e-01	6.970778157432383493e-01	7.334781586637240114e-01	7.367891041019339893e-01	6.721595457649259808e-01	6.970778157432383493e-01	6.970778157432383493e-01	6.970778157432383493e-01	6.673536525906490491e-01	7.343856626478509897e-01	6.473151931520140234e-01	6.847417165567150077e-01	7.478666049448849940e-01	6.970778157432383493e-01	5.981289397962169518e-01	6.970778157432383493e-01	6.970778157432383493e-01	6.970778157432383493e-01	6.863988819866729818e-01	7.485563512862399849e-01	6.751251647621759888e-01	6.750690091295360462e-01	6.970778157432383493e-01	6.970778157432383493e-01	6.984051378344859895e-01	6.970778157432383493e-01	7.337169446590630084e-01	7.091488662182230396e-01	7.074979256930860050e-01	6.970778157432383493e-01	7.230203192690619618e-01	6.970778157432383493e-01	6.970778157432383493e-01	6.970778157432383493e-01	7.428973998835820547e-01	7.331383291121800205e-01	6.970778157432383493e-01
7.516143267228260205e-01	7.499100779699819919e-01	7.246107028628659963e-01	6.970778157432383493e-01	6.970778157432383493e-01	6.766704655714459449e-01	7.535142710660649445e-01	7.280586777077570071e-01	7.048803365377800390e-01	6.970778157432383493e-01	9.999999999999910072e-01	7.682858605721080147e-01	7.202127973859610011e-01	6.465669055885689964e-01	6.970778157432383493e-01	6.970778157432383493e-01	6.970778157432383493e-01	6.970778157432383493e-01	7.012390996199120430e-01	7.977395490202150441e-01	6.970778157432383493e-01	6.970778157432383493e-01	6.970778157432383493e-01	6.970778157432383493e-01	6.970778157432383493e-01	7.924189354733469637e-01	7.436707549061869482e-01	6.970778157432383493e-01	6.970778157432383493e-01	6.970778157432383493e-01	6.970778157432383493e-01	6.970778157432383493e-01	6.970778157432383493e-01	6.970778157432383493e-01	6.172868625902609985e-01	7.484180985393089625e-01	6.542759240784640218e-01	7.599649900769790412e-01	6.970778157432383493e-01	7.330674744790830477e-01	5.622765465117319783e-01	7.359518722188990170e-01	6.970778157432383493e-01	6.970778157432383493e-01	6.970778157432383493e-01	6.970778157432383493e-01	6.970778157432383493e-01	6.970778157432383493e-01	7.479753734948719757e-01	6.970778157432383493e-01	6.970778157432383493e-01	7.024200572125739450e-01	6.970778157432383493e-01	5.871194353172159985e-01	6.970778157432383493e-01	6.812770229102990127e-01	6.517422735729410110e-01	6.970778157432383493e-01	6.430643544561800429e-01	6.052282790209270180e-01	7.658353941595089642e-01	6.970778157432383493e-01	7.739481406082989734e-01	6.133152275031299450e-01	5.612338123111599852e-01	7.370598171851160396e-01	6.572151940677000148e-01	6.697261147257850267e-01	6.970778157432383493e-01	5.409198678625599666e-01	6.970778157432383493e-01	6.970778157432383493e-01	7.055858355971680318e-01	7.351992129365809703e-01	7.067103306922000172e-01	6.970778157432383493e-01	7.557315940743000171e-01	7.321434100538389833e-01	6.841183381687550025e-01	6.970778157432383493e-01	6.970778157432383493e-01	6.970778157432383493e-01	6.181247017224219542e-01	6.384784017130380462e-01	6.970778157432383493e-01	6.970778157432383493e-01	6.970778157432383493e-01	7.509477223810939739e-01	6.970778157432383493e-01	7.127627483040399614e-01	6.970778157432383493e-01	6.686135380762749936e-01	6.970778157432383493e-01	6.067173065772929474e-01	6.970778157432383493e-01	6.846977927317769996e-01	7.443219129716740490e-01	6.970778157432383493e-01	6.970778157432383493e-01	6.970778157432383493e-01	7.871220722774739942e-01	6.970778157432383493e-01	5.887229637794769710e-01	6.970778157432383493e-01	6.970778157432383493e-01	6.664468595439509979e-01	6.970778157432383493e-01	6.970778157432383493e-01	6.970778157432383493e-01	6.970778157432383493e-01	7.372410688738220141e-01	6.771401785665149831e-01	6.684253259591890206e-01	7.441622192767020083e-01	6.970778157432383493e-01	7.479839424179930418e-01	7.591731338294139819e-01	6.970778157432383493e-01	6.970778157432383493e-01	6.970778157432383493e-01	6.970778157432383493e-01	7.801859567494160430e-01	6.970778157432383493e-01	6.970778157432383493e-01
7.113825770629480516e-01	6.970778157432383493e-01	6.970778157432383493e-01	6.970778157432383493e-01	6.970778157432383493e-01	6.970778157432383493e-01	6.970778157432383493e-01	6.970778157432383493e-01	6.501090204039750020e-01	6.970778157432383493e-01	7.682858605721080147e-01	1.000000000000039968e+00	6.853257187023239494e-01	6.159396433506499902e-01	6.970778157432383493e-01	6.704343578961550199e-01	6.970778157432383493e-01	6.403516856582219807e-01	6.970778157432383493e-01	6.970778157432383493e-01	6.970778157432383493e-01	6.970778157432383493e-01	6.970778157432383493e-01	6.970778157432383493e-01	6.986946491951659954e-01	7.370516387399830283e-01	7.057956562665239630e-01	7.177800141177640425e-01	6.507082475433050295e-01	6.970778157432383493e-01	6.690490614020000448e-01	6.970778157432383493e-01	6.970778157432383493e-01	7.141488370987599810e-01	6.970778157432383493e-01	6.970778157432383493e-01	6.257792659814600533e-01	7.393283548759279622e-01	6.970778157432383493e-01	6.970778157432383493e-01	5.273356116653850068e-01	7.016179986606050356e-01	6.231447240691549982e-01	6.970778157432383493e-01	6.970778157432383493e-01	6.970778157432383493e-01	6.970778157432383493e-01	6.970778157432383493e-01	6.970778157432383493e-01	7.269012253417299618e-01	6.970778157432383493e-01	6.859328003036110344e-01	6.652592331034079542e-01	5.741670156866159891e-01	6.970778157432383493e-01	6.366310522635330038e-01	6.393465305398580156e-01	6.927951890406029989e-01	6.163826216074099751e-01	6.970778157432383493e-01	7.555412159266630123e-01	6.970778157432383493e-01	7.987210363839559735e-01	5.792209818141259570e-01	6.970778157432383493e-01	6.970778157432383493e-01	6.970778157432383493e-01	6.283079312291179885e-01	6.515837006272150456e-01	6.970778157432383493e-01	6.301174123851229769e-01	6.970778157432383493e-01	6.970778157432383493e-01	7.028257490690550391e-01	6.970778157432383493e-01	6.832528614272550538e-01	6.970778157432383493e-01	6.970778157432383493e-01	6.970778157432383493e-01	6.817916793917779827e-01	7.191385286506040142e-01	6.233940032297170530e-01	5.744798739904990459e-01	5.946527449351329819e-01	5.456894806743820547e-01	6.970778157432383493e-01	6.529520083895550275e-01	7.220721161668129939e-01	7.360462408348370511e-01	6.756823369780510236e-01	7.144627625823749550e-01	6.367979338899799613e-01	5.417598382245929489e-01	5.848247339413350510e-01	6.326686602792209735e-01	6.453208218907250382e-01	6.961537648971549697e-01	6.309149560873400508e-01	6.970778157432383493e-01	6.970778157432383493e-01	7.054434364821430270e-01	5.496152657681370179e-01	5.694912797833560081e-01	6.970778157432383493e-01	5.250910740354910455e-01	6.970778157432383493e-01	7.311750305174919973e-01	5.914923574674260109e-01	6.609424723885839459e-01	6.970778157432383493e-01	6.970778157432383493e-01	6.214047185217720370e-01	6.307487337226469482e-01	6.970778157432383493e-01	6.970778157432383493e-01	6.970778157432383493e-01	6.970778157432383493e-01	7.099679821122949486e-01	6.970778157432383493e-01	6.970778157432383493e-01	7.964037512746799941e-01	8.087338929802959653e-01	7.523093356949930310e-01	7.759550817573600545e-01
