1.000000000000000000e+00	6.643605897172359942e-01	4.609721663095460165e-01	6.048456605862500002e-01	4.609721663095460165e-01	4.609721663095460165e-01	4.609721663095460165e-01	4.416292324044169826e-01	4.609721663095460165e-01	4.609721663095460165e-01	4.609721663095460165e-01	4.609721663095460165e-01	6.473559338504519811e-01	5.505991105505300132e-01	4.609721663095460165e-01	4.609721663095460165e-01	6.702367357443700380e-01	6.017209112605680366e-01	6.801402798078030054e-01	4.609721663095460165e-01	4.609721663095460165e-01	4.609721663095460165e-01	5.451158505458949532e-01	6.811684388066550078e-01	4.873338260543039757e-01	4.609721663095460165e-01	7.155761600875619466e-02	4.609721663095460165e-01	6.056286129959369546e-01	4.609721663095460165e-01	4.609721663095460165e-01	6.902004391431769692e-01	4.609721663095460165e-01	2.889108266924019786e-01	4.609721663095460165e-01	4.609721663095460165e-01	5.741367884187830173e-01	4.609721663095460165e-01	4.609721663095460165e-01	5.990248071115830131e-01	4.609721663095460165e-01	4.609721663095460165e-01	4.609721663095460165e-01	4.609721663095460165e-01	4.609721663095460165e-01	6.358042405432180466e-01	3.884020665298720254e-01	5.356100072818630320e-01	5.727759604950199979e-01	4.609721663095460165e-01	5.240746886757650103e-01	5.544648297556189487e-01	6.230546994958859885e-01	6.415051671225580066e-01	1.334112982412510029e-01	4.609721663095460165e-01	5.693510540973779621e-01	6.605757352756860268e-01	6.714713701484620323e-01	5.491068383182859947e-01	5.868737304911829655e-01	4.609721663095460165e-01	4.609721663095460165e-01	4.609721663095460165e-01	3.592454993321930190e-01	4.609721663095460165e-01	4.609721663095460165e-01	4.609721663095460165e-01	4.609721663095460165e-01	8.493621170839600609e-02	4.609721663095460165e-01	4.609721663095460165e-01	6.700068396132830006e-01	4.609721663095460165e-01	5.498624735247600315e-01	5.823574936563939985e-01	5.634203980786699484e-01	4.609721663095460165e-01	4.609721663095460165e-01	6.034094062551970117e-01	4.557371592680349859e-01	1.434155199266479996e-01	3.384617265745840098e-01	4.609721663095460165e-01	5.572752061726800044e-01	1.305382939136600084e-01	4.609721663095460165e-01	5.701718525537979865e-01	1.000000000000000082e-05	8.183096169243550544e-03	5.968999202852199870e-01	6.319131505668910131e-01	5.697696739736130001e-01	5.427492994290790129e-01	4.609721663095460165e-01	4.609721663095460165e-01	5.609650571915789641e-01	4.609721663095460165e-01	4.609721663095460165e-01	4.609721663095460165e-01	4.609721663095460165e-01	4.609721663095460165e-01	4.609721663095460165e-01	4.609721663095460165e-01	4.609721663095460165e-01	4.609721663095460165e-01	6.135857124684900299e-01	5.727728796662759914e-01	7.042602379812900049e-01	5.837818192487580493e-01	4.609721663095460165e-01	4.609721663095460165e-01	4.609721663095460165e-01	4.609721663095460165e-01	6.659336876813459760e-01	6.531555362483060234e-01	6.644593120852040347e-01	4.609721663095460165e-01	6.611412368435529707e-01	4.609721663095460165e-01	6.343446232613819680e-01	6.471513019447510118e-01	4.609721663095460165e-01	4.609721663095460165e-01
6.643605897172359942e-01	1.000000000000000000e+00	5.907660574717139568e-01	5.944502568123890551e-01	2.655686621914140066e-01	4.609721663095460165e-01	4.609721663095460165e-01	4.609721663095460165e-01	3.301248752797409924e-01	3.552910749506000276e-01	5.860302371190909687e-01	5.961038597997200261e-01	4.609721663095460165e-01	5.336078031327510240e-01	4.609721663095460165e-01	7.031595794967390178e-01	6.560615448173340303e-01	5.844604221597640148e-01	4.609721663095460165e-01	4.609721663095460165e-01	5.335464771537089534e-01	6.599275478859359945e-01	5.332021610346570073e-01	6.681510030368780217e-01	4.774567112588750106e-01	5.081151393409210071e-01	7.069466309084940225e-02	4.609721663095460165e-01	4.609721663095460165e-01	4.916383792546940024e-01	4.609721663095460165e-01	4.609721663095460165e-01	4.609721663095460165e-01	2.797293430202080211e-01	4.609721663095460165e-01	4.609721663095460165e-01	5.598630937432119703e-01	6.139526587186300288e-01	3.427507006668450290e-02	5.863685783280030428e-01	4.609721663095460165e-01	5.066252933424050253e-01	4.609721663095460165e-01	4.609721663095460165e-01	4.609721663095460165e-01	6.146755516192019542e-01	4.609721663095460165e-01	5.276562784841070108e-01	4.609721663095460165e-01	5.690376931884459921e-01	5.115564927111569959e-01	5.464317483834130185e-01	6.117123769316690218e-01	6.226429057658260380e-01	4.609721663095460165e-01	4.609721663095460165e-01	5.546076516146329904e-01	4.609721663095460165e-01	4.609721663095460165e-01	4.609721663095460165e-01	4.609721663095460165e-01	4.609721663095460165e-01	5.447336989190899592e-01	4.609721663095460165e-01	4.609721663095460165e-01	4.609721663095460165e-01	4.609721663095460165e-01	4.609721663095460165e-01	5.991460331079759838e-01	8.269736994876940306e-02	4.609721663095460165e-01	1.804798863358169914e-01	4.609721663095460165e-01	6.286264726621060284e-01	5.375090642001140173e-01	5.654549520079630298e-01	5.498701821673479539e-01	6.046927788044109686e-01	5.288381734363899467e-01	5.929916837880280234e-01	4.540936251178420147e-01	4.609721663095460165e-01	3.307916472328359947e-01	4.609721663095460165e-01	4.609721663095460165e-01	1.281650654603979922e-01	5.817590076507369590e-01	5.630164023741960344e-01	4.609721663095460165e-01	8.468694707642410516e-03	5.832816166008939485e-01	6.230980988583819657e-01	5.585642334227769457e-01	5.318383707751289657e-01	4.609721663095460165e-01	5.474910401514789804e-01	4.609721663095460165e-01	5.519737020728670007e-01	4.083987640704909885e-04	4.609721663095460165e-01	4.609721663095460165e-01	4.609721663095460165e-01	5.282367082802960079e-01	4.449453488856929817e-01	6.184907665817059863e-01	6.037680266695519826e-01	6.043569684695360156e-01	5.628924581361820501e-01	6.925379149829890002e-01	4.609721663095460165e-01	4.609721663095460165e-01	4.609721663095460165e-01	5.383701913289550278e-01	6.706134805885359818e-01	6.472707023390179559e-01	6.409653713929710506e-01	4.609721663095460165e-01	4.609721663095460165e-01	6.475187195579950039e-01	5.787284268414349953e-01	6.123129328997379828e-01	6.360333610112050007e-01	4.609721663095460165e-01	5.256032834339009474e-01
4.609721663095460165e-01	5.907660574717139568e-01	1.000000000000000000e+00	5.434598662609390063e-01	4.609721663095460165e-01	4.609721663095460165e-01	4.609721663095460165e-01	3.951233502583220147e-01	4.609721663095460165e-01	4.609721663095460165e-01	5.392684973750380140e-01	4.609721663095460165e-01	5.758007542905410059e-01	4.609721663095460165e-01	4.609721663095460165e-01	6.410930848207599952e-01	4.609721663095460165e-01	5.345653606902970312e-01	6.087618639628590289e-01	4.609721663095460165e-01	4.864802256810850101e-01	6.034669833367699576e-01	4.609721663095460165e-01	6.139052308202399555e-01	4.609721663095460165e-01	4.609721663095460165e-01	4.609721663095460165e-01	4.609721663095460165e-01	4.609721663095460165e-01	4.539489449504020002e-01	4.776337585095259963e-01	6.144777604660669468e-01	4.609721663095460165e-01	4.609721663095460165e-01	5.983631866153690249e-01	4.836088991539960191e-01	4.609721663095460165e-01	4.609721663095460165e-01	4.609721663095460165e-01	5.379822036612790237e-01	5.912092300759069774e-01	4.652808198223820080e-01	4.609721663095460165e-01	4.609721663095460165e-01	4.609721663095460165e-01	5.626582164803870523e-01	4.609721663095460165e-01	4.609721663095460165e-01	4.609721663095460165e-01	5.185877654523870506e-01	4.690620609209860126e-01	4.609721663095460165e-01	5.553281561301950386e-01	5.758706306121580409e-01	1.214104583251850028e-01	5.705494299397150249e-01	4.609721663095460165e-01	5.890429224764119898e-01	6.020829338430340183e-01	4.905098017533410237e-01	4.609721663095460165e-01	4.609721663095460165e-01	4.609721663095460165e-01	3.998483011965450196e-01	3.204091133452259821e-01	2.983223039821019870e-02	4.609721663095460165e-01	4.609721663095460165e-01	5.443788788589970506e-01	4.609721663095460165e-01	5.858676458826079791e-01	1.722514017081669957e-01	4.609721663095460165e-01	5.734163839891069925e-01	4.609721663095460165e-01	4.609721663095460165e-01	4.609721663095460165e-01	4.609721663095460165e-01	4.928412389878770172e-01	4.609721663095460165e-01	4.116771620286679978e-01	4.609721663095460165e-01	4.609721663095460165e-01	1.111904355236079944e-01	4.609721663095460165e-01	4.609721663095460165e-01	4.609721663095460165e-01	5.102980009153460506e-01	1.000000000000000082e-05	7.976358343059899297e-03	4.609721663095460165e-01	4.609721663095460165e-01	4.609721663095460165e-01	4.609721663095460165e-01	2.265314993188050074e-01	5.036732147247310332e-01	4.609721663095460165e-01	5.015960724115949843e-01	3.841020138329210177e-04	4.609721663095460165e-01	4.609721663095460165e-01	4.609721663095460165e-01	4.609721663095460165e-01	4.126085535176179930e-01	4.609721663095460165e-01	5.514482359814010248e-01	5.484670143301599854e-01	4.609721663095460165e-01	6.265981591782140425e-01	5.163611451561690435e-01	4.609721663095460165e-01	4.609721663095460165e-01	4.878464129365470137e-01	6.067944722792689705e-01	5.975655887359979657e-01	4.609721663095460165e-01	4.609721663095460165e-01	5.904617999904919756e-01	4.609721663095460165e-01	5.268491688264650419e-01	4.609721663095460165e-01	4.609721663095460165e-01	4.609721663095460165e-01	4.727171554617319860e-01
6.048456605862500002e-01	5.944502568123890551e-01	5.434598662609390063e-01	1.000000000000000000e+00	4.609721663095460165e-01	4.609721663095460165e-01	4.609721663095460165e-01	4.016395308064850123e-01	4.609721663095460165e-01	3.245995934777570202e-01	5.380397037776269986e-01	5.501515214365110262e-01	4.609721663095460165e-01	4.941211397350679935e-01	4.609721663095460165e-01	6.480785131697910373e-01	6.016725636904419749e-01	4.609721663095460165e-01	4.609721663095460165e-01	4.822917913158760173e-01	4.609721663095460165e-01	6.019654002363850065e-01	4.609721663095460165e-01	6.138119291763589613e-01	4.446231454664569815e-01	4.720226027604669805e-01	4.609721663095460165e-01	4.609721663095460165e-01	5.408393125509489696e-01	4.581679146336710140e-01	4.843828810855509981e-01	4.609721663095460165e-01	6.296804275433149911e-01	2.667630840232099732e-01	4.609721663095460165e-01	4.804716850261350203e-01	4.609721663095460165e-01	4.609721663095460165e-01	4.609721663095460165e-01	5.444770941783689810e-01	5.931217626045730551e-01	4.726822562019600271e-01	5.018078103224750119e-01	1.193650975377919948e-01	4.609721663095460165e-01	5.671388442647919970e-01	3.461996298896499735e-01	4.938285675944190101e-01	4.609721663095460165e-01	5.278262603704979572e-01	4.738174231099960276e-01	4.609721663095460165e-01	5.576663433789149638e-01	4.609721663095460165e-01	4.609721663095460165e-01	5.701824007074759448e-01	4.609721663095460165e-01	5.907388291666579860e-01	6.049235896349850483e-01	4.938746875617119891e-01	4.609721663095460165e-01	3.016685665008960182e-01	4.609721663095460165e-01	4.609721663095460165e-01	4.609721663095460165e-01	4.609721663095460165e-01	4.609721663095460165e-01	4.609721663095460165e-01	4.609721663095460165e-01	7.784966778389200426e-02	4.609721663095460165e-01	4.609721663095460165e-01	6.013626569909480413e-01	5.787679332721059611e-01	4.966666363370900172e-01	4.609721663095460165e-01	4.609721663095460165e-01	4.609721663095460165e-01	4.897558096326379840e-01	5.450885530663129863e-01	4.609721663095460165e-01	1.331367194629320128e-01	3.047501214398730118e-01	1.173945093681140056e-01	5.048149376227439866e-01	1.201033659504389950e-01	4.609721663095460165e-01	4.609721663095460165e-01	4.609721663095460165e-01	4.609721663095460165e-01	5.317494457895379778e-01	5.627193127215870394e-01	5.134423618357309982e-01	4.609721663095460165e-01	2.261735398041919975e-01	4.609721663095460165e-01	4.609721663095460165e-01	5.060074919461849952e-01	4.609721663095460165e-01	4.609721663095460165e-01	4.609721663095460165e-01	4.609721663095460165e-01	4.804496198647689731e-01	4.609721663095460165e-01	5.681811929207319922e-01	5.607092991363209489e-01	4.609721663095460165e-01	4.609721663095460165e-01	6.377488009663619950e-01	5.213530686635410305e-01	4.781563869172920089e-01	4.239043295641919951e-01	4.973910752266350044e-01	4.609721663095460165e-01	5.964797294309810427e-01	5.857661951460010341e-01	5.907284746584290369e-01	5.910993358230349770e-01	5.981531006387019733e-01	5.382314742768290472e-01	5.708181027770820037e-01	4.609721663095460165e-01	4.609721663095460165e-01	4.609721663095460165e-01
4.609721663095460165e-01	2.655686621914140066e-01	4.609721663095460165e-01	4.609721663095460165e-01	9.999999999999840128e-01	2.412736740331770102e-01	2.103247374952059989e-01	1.901022875138259904e-01	1.457165052532979899e-01	1.582512426071200073e-01	2.476883626698150043e-01	2.481980082493130124e-01	2.634361783213470254e-01	2.307389734255219926e-01	1.923456656760970107e-01	2.888899512550289761e-01	2.746974567967520042e-01	4.609721663095460165e-01	2.780309713505800251e-01	2.195865509570630036e-01	4.609721663095460165e-01	2.723273187934269757e-01	4.609721663095460165e-01	4.609721663095460165e-01	2.064952193672029979e-01	4.609721663095460165e-01	3.518952469484790124e-02	4.609721663095460165e-01	2.477856733174889914e-01	4.609721663095460165e-01	2.241292381533150080e-01	4.609721663095460165e-01	2.818528002637459839e-01	4.609721663095460165e-01	2.721975288944240012e-01	4.609721663095460165e-01	4.609721663095460165e-01	2.511098407408369759e-01	1.731193195994040063e-02	4.609721663095460165e-01	2.690977979004849918e-01	2.183851366482620071e-01	4.609721663095460165e-01	4.609721663095460165e-01	1.638275522815879903e-01	2.564923372677099800e-01	4.609721663095460165e-01	4.609721663095460165e-01	4.609721663095460165e-01	4.609721663095460165e-01	2.155820486785229861e-01	2.310420959327300072e-01	2.557396040316520236e-01	4.609721663095460165e-01	4.609721663095460165e-01	4.609721663095460165e-01	4.609721663095460165e-01	4.609721663095460165e-01	4.609721663095460165e-01	4.609721663095460165e-01	2.414404635354590045e-01	1.457234863025080041e-01	4.609721663095460165e-01	1.857837384886059928e-01	1.541310366329430026e-01	1.705433404210249942e-02	4.609721663095460165e-01	7.480762790290649937e-03	2.554516894743639743e-01	4.031903276338379832e-02	4.609721663095460165e-01	4.609721663095460165e-01	2.701942829397639967e-01	4.609721663095460165e-01	4.609721663095460165e-01	2.385565096737080060e-01	2.258554618772919964e-01	2.506303565198870209e-01	4.609721663095460165e-01	4.609721663095460165e-01	4.609721663095460165e-01	6.710506434788610086e-02	4.609721663095460165e-01	4.609721663095460165e-01	4.609721663095460165e-01	4.609721663095460165e-01	2.435301421722360082e-01	2.340423653594219944e-01	4.609721663095460165e-01	5.600481295622779764e-03	4.609721663095460165e-01	2.544788032248970211e-01	4.609721663095460165e-01	4.609721663095460165e-01	4.609721663095460165e-01	2.292030940912909986e-01	4.609721663095460165e-01	4.609721663095460165e-01	2.962052850325989917e-04	2.560422668547320257e-01	1.234896199609659961e-01	2.238622077733490034e-01	2.248011143467429918e-01	1.864047099774270022e-01	2.574140042441089848e-01	4.609721663095460165e-01	2.552198181662230225e-01	2.379500879790990009e-01	2.831903047791369810e-01	4.609721663095460165e-01	4.609721663095460165e-01	1.970393592104369984e-01	4.609721663095460165e-01	4.609721663095460165e-01	2.705394080827859815e-01	2.663950497984580168e-01	4.609721663095460165e-01	4.609721663095460165e-01	2.671903355502989741e-01	2.386559489755369912e-01	4.609721663095460165e-01	2.660907595926810254e-01	2.295278893661099884e-01	4.609721663095460165e-01
4.609721663095460165e-01	4.609721663095460165e-01	4.609721663095460165e-01	4.609721663095460165e-01	2.412736740331770102e-01	1.000000000000000000e+00	4.609721663095460165e-01	3.976237140312809948e-01	2.980050320412580001e-01	3.256262708240639792e-01	4.609721663095460165e-01	4.609721663095460165e-01	4.609721663095460165e-01	4.609721663095460165e-01	4.609721663095460165e-01	6.349883036790789914e-01	5.927602988453100075e-01	4.609721663095460165e-01	4.609721663095460165e-01	4.609721663095460165e-01	4.752475535586430100e-01	5.984686479429129902e-01	4.825953712068060120e-01	6.031026341971159610e-01	4.412528072069359930e-01	4.608863625098300054e-01	6.610552334626469684e-02	2.255079249363400040e-01	5.289293570712280124e-01	4.609721663095460165e-01	4.609721663095460165e-01	4.609721663095460165e-01	4.609721663095460165e-01	2.576278839336429982e-01	4.609721663095460165e-01	4.609721663095460165e-01	4.609721663095460165e-01	4.609721663095460165e-01	4.609721663095460165e-01	5.370264934020929637e-01	4.609721663095460165e-01	4.609721663095460165e-01	4.609721663095460165e-01	4.609721663095460165e-01	4.609721663095460165e-01	4.609721663095460165e-01	3.371322197901159834e-01	4.756832661544009855e-01	5.077239346414009757e-01	4.609721663095460165e-01	4.609721663095460165e-01	4.609721663095460165e-01	4.609721663095460165e-01	5.699248227034009462e-01	4.609721663095460165e-01	5.602733173339670136e-01	5.049272702997820161e-01	5.840643051794409679e-01	5.962016168279400397e-01	4.842061610704960217e-01	4.609721663095460165e-01	4.609721663095460165e-01	4.609721663095460165e-01	3.878455748616160270e-01	4.609721663095460165e-01	4.609721663095460165e-01	5.331346874046090090e-01	1.243710310825470004e-02	5.396155368750189529e-01	4.609721663095460165e-01	4.609721663095460165e-01	4.609721663095460165e-01	5.937364413156149823e-01	4.609721663095460165e-01	4.851953711389709878e-01	5.117232606401530548e-01	4.609721663095460165e-01	4.609721663095460165e-01	4.609721663095460165e-01	4.609721663095460165e-01	4.609721663095460165e-01	1.268294456283670102e-01	4.609721663095460165e-01	4.609721663095460165e-01	4.609721663095460165e-01	1.222218216491779974e-01	5.275271435304800249e-01	4.609721663095460165e-01	4.609721663095460165e-01	4.609721663095460165e-01	4.609721663095460165e-01	5.605434849199459890e-01	4.609721663095460165e-01	4.609721663095460165e-01	2.224919097112640076e-01	4.941057819670249818e-01	4.609721663095460165e-01	4.609721663095460165e-01	4.609721663095460165e-01	4.609721663095460165e-01	2.563489745597740121e-01	4.996216494460650193e-01	4.765506992938470243e-01	4.609721663095460165e-01	4.609721663095460165e-01	5.505686743923889903e-01	4.609721663095460165e-01	4.609721663095460165e-01	6.203692976581050011e-01	4.609721663095460165e-01	4.609721663095460165e-01	4.206111696945860068e-01	4.609721663095460165e-01	4.609721663095460165e-01	4.609721663095460165e-01	5.825736502906430081e-01	4.609721663095460165e-01	5.810420326309220229e-01	5.849415109851540118e-01	5.214391326199649956e-01	4.609721663095460165e-01	5.720117088875710243e-01	4.822385916211739953e-01	4.609721663095460165e-01
4.609721663095460165e-01	4.609721663095460165e-01	4.609721663095460165e-01	4.609721663095460165e-01	2.103247374952059989e-01	4.609721663095460165e-01	1.000000000000000000e+00	4.609721663095460165e-01	2.646782015387900144e-01	4.609721663095460165e-01	4.609721663095460165e-01	4.572095043258460056e-01	4.903861613210199755e-01	4.609721663095460165e-01	4.609721663095460165e-01	5.398823484657599980e-01	5.052515282109499850e-01	4.522505240061079901e-01	4.609721663095460165e-01	4.015331510254970260e-01	4.609721663095460165e-01	5.078367979432329982e-01	4.609721663095460165e-01	4.609721663095460165e-01	3.708009395946290088e-01	4.609721663095460165e-01	4.609721663095460165e-01	4.609721663095460165e-01	4.609721663095460165e-01	4.609721663095460165e-01	4.022042520904700047e-01	4.609721663095460165e-01	4.609721663095460165e-01	4.609721663095460165e-01	5.063513498157610204e-01	4.103107283078000211e-01	4.303469365413020165e-01	4.609721663095460165e-01	2.823600367117979834e-02	4.575521065506399920e-01	4.609721663095460165e-01	3.992276739150940057e-01	4.609721663095460165e-01	9.958068521553549435e-02	2.919010618815000013e-01	4.750494464743529877e-01	2.962921452243469922e-01	4.609721663095460165e-01	4.609721663095460165e-01	4.609721663095460165e-01	3.974826599194190013e-01	4.211864643073000014e-01	4.609721663095460165e-01	4.609721663095460165e-01	1.042086328829699982e-01	4.805794848111020201e-01	4.609721663095460165e-01	4.609721663095460165e-01	5.074736059288359469e-01	4.609721663095460165e-01	4.445061808416689852e-01	4.609721663095460165e-01	4.609721663095460165e-01	4.609721663095460165e-01	2.755383938785649911e-01	4.609721663095460165e-01	4.609721663095460165e-01	1.134981391015080048e-02	4.609721663095460165e-01	6.528536418280700415e-02	4.956998907978449886e-01	1.458889449874880007e-01	4.609721663095460165e-01	4.609721663095460165e-01	4.609721663095460165e-01	4.609721663095460165e-01	4.262832155326800043e-01	4.688355212549220052e-01	4.609721663095460165e-01	4.565630885790339932e-01	4.609721663095460165e-01	4.609721663095460165e-01	4.609721663095460165e-01	9.771550670342189771e-02	4.609721663095460165e-01	1.014089381267599954e-01	4.481030848081710150e-01	4.609721663095460165e-01	1.000000000000000082e-05	7.571031688040569599e-03	4.609721663095460165e-01	4.776511538691560199e-01	4.349283423190890008e-01	4.609721663095460165e-01	4.609721663095460165e-01	4.609721663095460165e-01	4.609721663095460165e-01	4.264019873600770061e-01	4.609721663095460165e-01	4.609721663095460165e-01	2.239299272283920006e-01	4.609721663095460165e-01	4.115925531576890006e-01	3.511211126825339868e-01	4.755301396341919951e-01	4.609721663095460165e-01	4.659924860865979901e-01	4.325646529668700224e-01	4.609721663095460165e-01	4.397848864378640088e-01	4.609721663095460165e-01	4.609721663095460165e-01	4.609721663095460165e-01	5.164317129270480367e-01	4.958265753301600021e-01	4.960644099510829741e-01	4.609721663095460165e-01	4.609721663095460165e-01	4.992589145418109831e-01	4.609721663095460165e-01	4.697771509673859813e-01	4.888745915453370228e-01	4.609721663095460165e-01	4.609721663095460165e-01
4.416292324044169826e-01	4.609721663095460165e-01	3.951233502583220147e-01	4.016395308064850123e-01	1.901022875138259904e-01	3.976237140312809948e-01	4.609721663095460165e-01	1.000000000000009992e+00	2.278254314737180042e-01	4.609721663095460165e-01	3.944016035999580172e-01	4.609721663095460165e-01	4.231941224402380186e-01	3.644584321881950140e-01	4.609721663095460165e-01	4.609721663095460165e-01	4.609721663095460165e-01	3.924198213810510261e-01	4.609721663095460165e-01	3.578723573323089879e-01	3.538221111725199930e-01	4.396419849410370118e-01	4.609721663095460165e-01	4.609721663095460165e-01	4.609721663095460165e-01	4.609721663095460165e-01	4.609721663095460165e-01	4.609721663095460165e-01	3.916848248618979844e-01	4.609721663095460165e-01	4.609721663095460165e-01	4.609721663095460165e-01	4.571419735142729923e-01	1.978550471824750134e-01	4.387052926985650081e-01	3.531296633805799945e-01	3.798292325694789806e-01	4.099815720052419898e-01	2.615448037570640080e-02	4.609721663095460165e-01	4.609721663095460165e-01	4.609721663095460165e-01	4.609721663095460165e-01	8.817359934272910038e-02	4.609721663095460165e-01	4.159091634675570193e-01	4.609721663095460165e-01	4.609721663095460165e-01	3.752283423628929859e-01	4.609721663095460165e-01	4.609721663095460165e-01	4.609721663095460165e-01	4.609721663095460165e-01	4.609721663095460165e-01	4.609721663095460165e-01	4.193813465977510035e-01	4.609721663095460165e-01	4.609721663095460165e-01	4.434081482166760124e-01	4.609721663095460165e-01	3.820801487746199876e-01	2.208426345602690077e-01	4.609721663095460165e-01	4.609721663095460165e-01	2.394934495365219906e-01	4.609721663095460165e-01	4.609721663095460165e-01	4.609721663095460165e-01	4.609721663095460165e-01	4.609721663095460165e-01	4.344192838584829963e-01	1.302913544355039921e-01	4.381011456093160117e-01	4.609721663095460165e-01	4.609721663095460165e-01	4.609721663095460165e-01	3.680462508195049831e-01	4.609721663095460165e-01	3.544607718792819884e-01	3.999510536059939780e-01	3.057246477229230153e-01	4.609721663095460165e-01	2.283666899145710139e-01	4.609721663095460165e-01	3.660480644394609739e-01	9.027354757285810383e-02	3.953803938672729723e-01	3.743929756640659856e-01	4.609721663095460165e-01	7.007363420687770170e-03	3.927893373429159896e-01	4.609721663095460165e-01	4.609721663095460165e-01	3.546101872105220099e-01	4.609721663095460165e-01	3.710337338872199964e-01	3.675529285899620247e-01	4.609721663095460165e-01	4.609721663095460165e-01	4.158553690066160158e-01	4.609721663095460165e-01	3.688669183334130075e-01	3.523754463577840057e-01	3.027023530378459837e-01	4.609721663095460165e-01	4.084823726731319771e-01	4.609721663095460165e-01	3.801343005430850019e-01	4.609721663095460165e-01	4.609721663095460165e-01	3.489004324298219939e-01	3.091077361780210087e-01	3.655055790945799798e-01	4.609721663095460165e-01	4.310997027432539874e-01	4.282654530703650098e-01	4.319923322351140182e-01	4.609721663095460165e-01	4.609721663095460165e-01	4.609721663095460165e-01	4.122763291057650048e-01	4.256107121704080232e-01	3.573591088720530218e-01	4.609721663095460165e-01
4.609721663095460165e-01	3.301248752797409924e-01	4.609721663095460165e-01	4.609721663095460165e-01	1.457165052532979899e-01	2.980050320412580001e-01	2.646782015387900144e-01	2.278254314737180042e-01	9.999999999999940048e-01	1.945089348544080110e-01	3.038684284848999773e-01	3.032362304499029992e-01	3.221770709969680180e-01	4.609721663095460165e-01	2.320384220877720061e-01	4.609721663095460165e-01	3.341923491027919968e-01	4.609721663095460165e-01	4.609721663095460165e-01	2.760618466246649860e-01	2.684151481172339926e-01	3.349280097016519853e-01	2.750884195736140181e-01	4.609721663095460165e-01	2.501297952429979987e-01	4.609721663095460165e-01	4.609721663095460165e-01	1.377599536120809876e-01	3.039635029130010047e-01	4.609721663095460165e-01	2.743279808087519811e-01	3.397151415843859823e-01	4.609721663095460165e-01	1.527512394117729877e-01	4.609721663095460165e-01	2.710099702540750277e-01	2.910331853634099963e-01	4.609721663095460165e-01	2.018972970928619923e-02	3.029557603218079875e-01	3.327528969249339830e-01	2.690996322931150098e-01	4.609721663095460165e-01	4.609721663095460165e-01	4.609721663095460165e-01	4.609721663095460165e-01	1.994782129604109888e-01	4.609721663095460165e-01	4.609721663095460165e-01	2.980041990906969751e-01	4.609721663095460165e-01	2.753936034844770009e-01	4.609721663095460165e-01	4.609721663095460165e-01	4.609721663095460165e-01	3.162895945727060010e-01	2.817849566365440150e-01	4.609721663095460165e-01	3.350033987456950135e-01	4.609721663095460165e-01	4.609721663095460165e-01	1.751968664923760077e-01	4.609721663095460165e-01	2.238381249943600104e-01	4.609721663095460165e-01	1.982369656791420007e-02	2.976252314321329862e-01	4.609721663095460165e-01	3.068488012118180119e-01	4.609721663095460165e-01	4.609721663095460165e-01	4.609721663095460165e-01	3.339978877271190250e-01	4.609721663095460165e-01	4.609721663095460165e-01	4.609721663095460165e-01	2.778030511821960036e-01	3.158173357141330073e-01	4.609721663095460165e-01	4.609721663095460165e-01	2.345517406753500067e-01	4.609721663095460165e-01	1.709312927625659950e-01	6.842201786482239589e-02	2.816621236083020063e-01	4.609721663095460165e-01	2.981919810536939885e-01	2.874463256798009958e-01	4.609721663095460165e-01	6.087567073453360039e-03	2.999427774571640226e-01	3.122801019383349974e-01	2.861249794848300110e-01	2.721029803388200219e-01	4.609721663095460165e-01	2.804880766818519944e-01	4.609721663095460165e-01	2.825738943229400002e-01	4.609721663095460165e-01	4.609721663095460165e-01	1.499669191140269864e-01	2.751467005909389862e-01	2.728051043856309921e-01	4.609721663095460165e-01	4.609721663095460165e-01	4.609721663095460165e-01	3.030917592614160161e-01	4.609721663095460165e-01	3.506468515165500066e-01	2.924750905206000007e-01	2.699513175048169900e-01	2.438868203264979995e-01	4.609721663095460165e-01	3.366981779429720212e-01	3.276155473296620269e-01	4.609721663095460165e-01	3.312453950648839851e-01	4.609721663095460165e-01	4.609721663095460165e-01	4.609721663095460165e-01	4.609721663095460165e-01	3.260436358324910189e-01	4.609721663095460165e-01	4.609721663095460165e-01
4.609721663095460165e-01	3.552910749506000276e-01	4.609721663095460165e-01	3.245995934777570202e-01	1.582512426071200073e-01	3.256262708240639792e-01	4.609721663095460165e-01	4.609721663095460165e-01	1.945089348544080110e-01	9.999999999999970024e-01	4.609721663095460165e-01	4.609721663095460165e-01	4.609721663095460165e-01	4.609721663095460165e-01	2.547540969856920134e-01	4.609721663095460165e-01	4.609721663095460165e-01	4.609721663095460165e-01	4.609721663095460165e-01	2.896930398973799892e-01	4.609721663095460165e-01	4.609721663095460165e-01	2.961956650201880148e-01	4.609721663095460165e-01	4.609721663095460165e-01	4.609721663095460165e-01	4.609721663095460165e-01	4.609721663095460165e-01	4.609721663095460165e-01	4.609721663095460165e-01	2.897446084729130011e-01	4.609721663095460165e-01	4.609721663095460165e-01	1.650564069568040138e-01	4.609721663095460165e-01	2.929560250550520273e-01	4.609721663095460165e-01	3.401334535528420244e-01	2.213864311337130145e-02	3.279715828801449962e-01	3.592374128101589736e-01	2.840212249081069951e-01	4.609721663095460165e-01	7.489993100122270542e-02	2.110098514947360004e-01	3.373800701452420170e-01	2.134883501720100107e-01	2.903288373474139927e-01	4.609721663095460165e-01	4.609721663095460165e-01	2.884213294823240181e-01	3.040638141459359733e-01	4.609721663095460165e-01	4.609721663095460165e-01	4.609721663095460165e-01	4.609721663095460165e-01	3.075393461305689913e-01	4.609721663095460165e-01	3.592195823185039827e-01	2.967291767842260009e-01	3.182803238819820191e-01	1.905589641920300004e-01	3.019238904238619736e-01	4.609721663095460165e-01	1.969400279702110124e-01	4.609721663095460165e-01	4.609721663095460165e-01	9.237014599838489631e-03	3.288756216447660252e-01	4.609721663095460165e-01	4.609721663095460165e-01	1.076304847582549989e-01	4.609721663095460165e-01	4.609721663095460165e-01	4.609721663095460165e-01	3.200438385912480199e-01	4.609721663095460165e-01	3.349549980172250030e-01	4.609721663095460165e-01	4.609721663095460165e-01	2.537868353665390098e-01	4.609721663095460165e-01	1.863540286435499960e-01	4.609721663095460165e-01	3.015978349881239806e-01	4.609721663095460165e-01	3.190614888435500118e-01	3.082033501399950026e-01	1.000000000000000082e-05	5.632600839907359568e-03	4.609721663095460165e-01	3.371215536418070147e-01	4.609721663095460165e-01	2.951152319783360012e-01	4.609721663095460165e-01	4.609721663095460165e-01	4.609721663095460165e-01	3.065127778913239731e-01	3.223832138999769745e-04	3.375026073954019989e-01	4.609721663095460165e-01	4.609721663095460165e-01	4.609721663095460165e-01	2.498101426101740075e-01	3.454078465250070007e-01	3.318869756155289896e-01	3.324268004701920187e-01	4.609721663095460165e-01	4.609721663095460165e-01	4.609721663095460165e-01	4.609721663095460165e-01	2.530978235857370140e-01	4.609721663095460165e-01	4.609721663095460165e-01	4.609721663095460165e-01	3.551514872405099887e-01	4.609721663095460165e-01	4.609721663095460165e-01	4.609721663095460165e-01	4.609721663095460165e-01	4.609721663095460165e-01	3.502223063784660195e-01	4.609721663095460165e-01	4.609721663095460165e-01
4.609721663095460165e-01	5.860302371190909687e-01	5.392684973750380140e-01	5.380397037776269986e-01	2.476883626698150043e-01	4.609721663095460165e-01	4.609721663095460165e-01	3.944016035999580172e-01	3.038684284848999773e-01	4.609721663095460165e-01	1.000000000000000000e+00	4.609721663095460165e-01	4.609721663095460165e-01	4.609721663095460165e-01	4.082233250480479803e-01	6.445732910375170377e-01	5.989666411150910141e-01	5.374768508459270011e-01	4.609721663095460165e-01	4.609721663095460165e-01	4.609721663095460165e-01	4.609721663095460165e-01	4.609721663095460165e-01	6.107216271838440402e-01	4.352991601401359767e-01	4.609721663095460165e-01	4.609721663095460165e-01	4.609721663095460165e-01	5.360097204140059635e-01	4.495090352418399937e-01	4.763623396310729952e-01	4.609721663095460165e-01	4.609721663095460165e-01	4.609721663095460165e-01	5.977405800127000290e-01	4.742325934919630059e-01	5.171235627398510504e-01	5.612716356196170153e-01	3.198751977645099970e-02	4.609721663095460165e-01	4.609721663095460165e-01	4.626619798711040232e-01	4.911681225004699836e-01	4.609721663095460165e-01	4.609721663095460165e-01	4.609721663095460165e-01	4.609721663095460165e-01	4.786350767416669982e-01	5.126068994109399535e-01	5.239114485289819712e-01	4.609721663095460165e-01	4.966881001245190275e-01	4.609721663095460165e-01	5.718928973347290334e-01	1.191814200702149967e-01	5.678441497362329837e-01	4.609721663095460165e-01	4.609721663095460165e-01	4.609721663095460165e-01	4.899876555752160079e-01	4.609721663095460165e-01	4.609721663095460165e-01	4.609721663095460165e-01	3.942246278879300014e-01	4.609721663095460165e-01	2.950445909228140151e-02	5.359622529275129832e-01	1.242626584720720080e-02	4.609721663095460165e-01	7.662783620931179485e-02	5.936662372799480503e-01	1.696958152194439906e-01	5.941376551080830293e-01	4.609721663095460165e-01	4.609721663095460165e-01	4.609721663095460165e-01	4.609721663095460165e-01	4.609721663095460165e-01	4.885711877660700031e-01	5.406169484741979447e-01	4.609721663095460165e-01	1.300682223573779994e-01	3.005541723126780029e-01	1.121655106725679973e-01	4.956164841818079814e-01	4.609721663095460165e-01	5.295247100371139881e-01	5.098185680471170045e-01	4.609721663095460165e-01	4.609721663095460165e-01	5.296938302114729824e-01	5.603621550978380439e-01	4.609721663095460165e-01	4.898653069346090017e-01	4.609721663095460165e-01	4.609721663095460165e-01	4.989182574745609777e-01	5.007215904824040553e-01	4.609721663095460165e-01	4.609721663095460165e-01	2.592852307953780189e-01	4.609721663095460165e-01	4.609721663095460165e-01	4.609721663095460165e-01	5.639616026305950269e-01	4.609721663095460165e-01	4.609721663095460165e-01	4.609721663095460165e-01	6.280007142115190399e-01	4.609721663095460165e-01	4.609721663095460165e-01	4.165625157001470180e-01	4.609721663095460165e-01	4.609721663095460165e-01	4.609721663095460165e-01	4.609721663095460165e-01	5.886533062635419533e-01	5.900597942352400205e-01	4.609721663095460165e-01	4.609721663095460165e-01	5.576005607171340417e-01	4.609721663095460165e-01	4.609721663095460165e-01	4.609721663095460165e-01
4.609721663095460165e-01	5.961038597997200261e-01	4.609721663095460165e-01	5.501515214365110262e-01	2.481980082493130124e-01	4.609721663095460165e-01	4.572095043258460056e-01	4.609721663095460165e-01	3.032362304499029992e-01	4.609721663095460165e-01	4.609721663095460165e-01	1.000000000000000000e+00	5.855626989251939696e-01	4.609721663095460165e-01	4.165938921768809755e-01	4.609721663095460165e-01	6.048999983223639632e-01	4.609721663095460165e-01	6.192623023409129512e-01	4.845383138182209892e-01	4.609721663095460165e-01	6.059917993347599952e-01	5.003354784618180284e-01	6.218583400087349666e-01	4.474679837055700049e-01	4.729643530751190261e-01	6.652122437199020633e-02	4.609721663095460165e-01	5.453323835263740316e-01	4.616914855986209987e-01	4.609721663095460165e-01	4.609721663095460165e-01	6.347457194771930489e-01	4.609721663095460165e-01	4.609721663095460165e-01	4.872641186946090053e-01	5.220807769460870107e-01	5.710184256776470457e-01	4.609721663095460165e-01	4.609721663095460165e-01	4.609721663095460165e-01	4.609721663095460165e-01	4.609721663095460165e-01	1.170916245852769988e-01	3.432824476694389948e-01	5.795514679769829813e-01	4.609721663095460165e-01	4.609721663095460165e-01	4.609721663095460165e-01	4.609721663095460165e-01	4.609721663095460165e-01	4.609721663095460165e-01	4.609721663095460165e-01	5.816051114544390499e-01	1.217494709894060001e-01	5.760861788851070475e-01	5.148802499404999677e-01	4.609721663095460165e-01	6.095562671148909706e-01	4.947424307811750244e-01	5.347870426775379604e-01	4.609721663095460165e-01	5.036733510329890473e-01	4.609721663095460165e-01	3.280501854489489832e-01	2.995602471135869888e-02	4.609721663095460165e-01	4.609721663095460165e-01	5.514428097540989837e-01	4.609721663095460165e-01	5.986347357264839575e-01	1.726352038223840091e-01	6.076254521514660167e-01	5.764155428855219920e-01	4.961176772824690273e-01	5.299423570082429924e-01	5.083345097831599713e-01	5.620743946909759758e-01	4.609721663095460165e-01	4.609721663095460165e-01	4.133807752543239844e-01	4.609721663095460165e-01	3.091128478720580053e-01	1.122451566456710015e-01	5.030268234539240213e-01	1.208096766614149969e-01	5.378717682568320280e-01	5.223070235782799609e-01	4.609721663095460165e-01	8.169782742563439989e-03	5.413335745266779631e-01	4.609721663095460165e-01	5.172557036637469574e-01	4.887248000641939982e-01	2.286976404494910076e-01	4.609721663095460165e-01	4.609721663095460165e-01	5.160458106817209512e-01	4.609721663095460165e-01	4.609721663095460165e-01	2.664315303286119985e-01	4.609721663095460165e-01	4.609721663095460165e-01	4.609721663095460165e-01	5.723960913076929780e-01	5.601741785093470316e-01	4.609721663095460165e-01	5.219605444274779682e-01	4.609721663095460165e-01	5.244614472906700131e-01	4.781913028304760060e-01	4.229240756591660100e-01	4.970384571796520046e-01	4.609721663095460165e-01	5.958942904491769665e-01	5.910813843663389466e-01	4.609721663095460165e-01	4.609721663095460165e-01	5.991336422774169446e-01	4.609721663095460165e-01	5.679923355520809514e-01	4.609721663095460165e-01	4.609721663095460165e-01	4.609721663095460165e-01
