9.999999999999990008e-01	6.605962862336915986e-01	6.605962862336915986e-01	6.605962862336915986e-01	7.038295853361680177e-01	6.809980607195279534e-01	6.871563603598780379e-01	7.306343756215379903e-01	7.248013164861409896e-01	6.605962862336915986e-01	7.046713584866479696e-01	6.605962862336915986e-01	6.605962862336915986e-01	6.271140377251810394e-01	6.605962862336915986e-01	7.071865145681509590e-01	6.385702233984570375e-01	6.263558824545140125e-01	6.781708346199569748e-01	6.886639373898399974e-01	6.480312921980380114e-01	7.119781147843220470e-01	7.185009816164320551e-01	7.175713500364450104e-01	7.017911040700489655e-01	7.157270122499259646e-01	6.963488780362000474e-01	7.189394870151889494e-01	6.879654178523370023e-01	7.033776262916050515e-01	7.005836281752050310e-01	6.668676055993709717e-01	6.778449452944740328e-01	7.434257543257960510e-01	6.605962862336915986e-01	6.803332210989609941e-01	6.605962862336915986e-01	7.050207680689180023e-01	7.072009080219550103e-01	6.583683719630499809e-01	7.274918411884859770e-01	6.373987570049619578e-01	6.895942906515729609e-01	6.772871160454909667e-01	6.605962862336915986e-01	6.605962862336915986e-01	6.605962862336915986e-01	6.605962862336915986e-01	6.605962862336915986e-01	7.020459047520589690e-01	7.334082658689999867e-01	6.571006687993260487e-01	6.605962862336915986e-01	6.605962862336915986e-01	6.808926628782200341e-01	6.605962862336915986e-01	6.867311505150589523e-01	6.611020135843580503e-01	6.605962862336915986e-01	6.683000162517700460e-01	6.605962862336915986e-01	6.779893951730540103e-01	7.310091115134460527e-01	6.645421123561610077e-01	6.605962862336915986e-01	6.966879258539100395e-01	6.605962862336915986e-01	6.871338608853360119e-01	6.561684098866239490e-01	6.670517123503379997e-01	6.723993477248290107e-01	7.057662526931319791e-01	6.797447818030060152e-01	7.066360565965049689e-01	6.336728190860849708e-01	6.653670930856120380e-01	7.578932242642140160e-01	6.605962862336915986e-01	6.605962862336915986e-01	6.605962862336915986e-01	6.605962862336915986e-01	6.833157825898730220e-01	6.777230131637820287e-01	7.278501928726509584e-01	6.858735039836889591e-01	6.552301958384220137e-01	6.605962862336915986e-01	6.637269027764139961e-01	6.605962862336915986e-01	6.745065384317969759e-01	7.042078430866259842e-01	6.273639840452760463e-01	6.605962862336915986e-01	6.229523559549490219e-01	6.605962862336915986e-01	6.169883836941469912e-01	6.605962862336915986e-01	6.505890677863840343e-01	6.421933657187479660e-01	6.605962862336915986e-01	6.605962862336915986e-01	6.441592089626430040e-01	6.605962862336915986e-01	6.295389098902830494e-01	6.605962862336915986e-01	6.444839234428260122e-01	6.536394963548900483e-01	6.595172321297529949e-01	6.786993422202159953e-01	6.605962862336915986e-01	7.109968958296779551e-01	7.236798302870569577e-01	6.768305696404259830e-01	6.989658742885950238e-01	7.001626338518710524e-01	8.162564431068519699e-01	7.986579804370510516e-01	6.605962862336915986e-01	8.058006467054960043e-01	7.272201993424100008e-01	6.417383845317280455e-01	7.200970590900579449e-01	7.533145253528840124e-01	7.405853334919330067e-01
6.605962862336915986e-01	1.000000000000000000e+00	7.970377696582710003e-01	6.605962862336915986e-01	6.605962862336915986e-01	6.899367991274679701e-01	6.816729748704269953e-01	7.079789994423579813e-01	6.605962862336915986e-01	7.144139589593729855e-01	6.605962862336915986e-01	6.986344230269589950e-01	6.768075255667740375e-01	6.605962862336915986e-01	6.782053705624320195e-01	6.605962862336915986e-01	6.605962862336915986e-01	6.135467990362040158e-01	6.609154913896559957e-01	6.942944130068019470e-01	6.471863671776130200e-01	6.905722930842169704e-01	7.102195550792530510e-01	6.942700323021480102e-01	6.782780832753559919e-01	7.016140441816369755e-01	6.594150236917259988e-01	6.994690666177759697e-01	6.614640494770159806e-01	6.910183100062320394e-01	6.730363785619110084e-01	6.458468577899589835e-01	6.425235106858500078e-01	7.160809504814860116e-01	6.753584283102570529e-01	6.568614968116039954e-01	6.605962862336915986e-01	6.605962862336915986e-01	6.829301361983060037e-01	6.307853077653100549e-01	6.605962862336915986e-01	6.457768178814039528e-01	6.757346626593619954e-01	6.761186301245279973e-01	6.144818213542959651e-01	6.605962862336915986e-01	6.605962862336915986e-01	6.705066397255360355e-01	6.884885645890790329e-01	6.794311883816469555e-01	6.605962862336915986e-01	6.576677174908710510e-01	6.405210288720070144e-01	6.605962862336915986e-01	6.707725051330409860e-01	6.468991702968720503e-01	6.797327744763039803e-01	6.402615221650359567e-01	6.469766870973520101e-01	6.533289342248660425e-01	6.783030988835999642e-01	6.630675057962159835e-01	7.009452668320339530e-01	6.605962862336915986e-01	6.219792659692759962e-01	6.819626278699090216e-01	6.605962862336915986e-01	6.605962862336915986e-01	6.358298542779550200e-01	6.631622980730540462e-01	6.591669656578950098e-01	6.605962862336915986e-01	6.605962862336915986e-01	6.605962862336915986e-01	6.310682688007079877e-01	6.549095014148610394e-01	7.214561588923229518e-01	6.289499264572649961e-01	6.531387786620680425e-01	6.605962862336915986e-01	6.843563699587229543e-01	6.671536979669669964e-01	6.543468088163549856e-01	7.180125370226210224e-01	6.660361737851290265e-01	6.664598639740939579e-01	6.670445382932570499e-01	6.592156849254580120e-01	8.070517191128779855e-01	6.528434357038559455e-01	6.911460409122029969e-01	6.347978677780869994e-01	6.605962862336915986e-01	6.260587268911610437e-01	6.090028101556069773e-01	6.605962862336915986e-01	6.715868291685109792e-01	6.605962862336915986e-01	6.405191224369399805e-01	6.756034023124040111e-01	6.474366927288930373e-01	6.605962862336915986e-01	6.452012973249660055e-01	6.605962862336915986e-01	6.605962862336915986e-01	6.469297770072589548e-01	6.605962862336915986e-01	6.382647036597129953e-01	6.605962862336915986e-01	6.395078367228710370e-01	6.899452777116450441e-01	7.043901638564660228e-01	6.815486530151120270e-01	6.862828400119019845e-01	6.798193194322279531e-01	6.605962862336915986e-01	7.538004352034439748e-01	6.605962862336915986e-01	7.787029806065890458e-01	6.605962862336915986e-01	6.381643123998840261e-01	6.605962862336915986e-01	7.134401588683080275e-01	7.154611589023780471e-01
6.605962862336915986e-01	7.970377696582710003e-01	1.000000000000000000e+00	6.299935046366850200e-01	6.792024724294729587e-01	6.991187441597369601e-01	6.605962862336915986e-01	7.045593729185589682e-01	7.060441882014879544e-01	7.019715568457179922e-01	6.855994375795949614e-01	6.605962862336915986e-01	6.877195834211069503e-01	6.199327309152650178e-01	6.689479038981770431e-01	6.938947387911700293e-01	6.474195350575330243e-01	6.605962862336915986e-01	6.605962862336915986e-01	6.605962862336915986e-01	6.409165037922189834e-01	6.788215650571309823e-01	6.932344711763209766e-01	6.952859291580140155e-01	6.919742571141890286e-01	6.857817747895129656e-01	6.757982570334479799e-01	6.893476167977390379e-01	6.495865164475900233e-01	6.792242412745820301e-01	6.605962862336915986e-01	6.562745140819089551e-01	6.590625387464059681e-01	7.282900092489520416e-01	6.605962862336915986e-01	6.662832189387980497e-01	6.808173377199370213e-01	6.836640155841250399e-01	6.605962862336915986e-01	6.734152717794309462e-01	6.874694548922379855e-01	6.605962862336915986e-01	6.808745411190030294e-01	6.600806987954469518e-01	6.357697172156570042e-01	6.545946249509090320e-01	6.597417452549190209e-01	6.605962862336915986e-01	7.064822320056529659e-01	6.981447363304720266e-01	7.122542394204139926e-01	6.642442822406929848e-01	6.605962862336915986e-01	6.323385960905260061e-01	6.598631733901350049e-01	6.595788773509639880e-01	6.605962862336915986e-01	6.431487293420850015e-01	6.544398889702589539e-01	6.594266895328290135e-01	6.605962862336915986e-01	6.595741353969399867e-01	6.605962862336915986e-01	6.605962862336915986e-01	6.605962862336915986e-01	6.605962862336915986e-01	6.605962862336915986e-01	6.605962862336915986e-01	6.491637258387019660e-01	6.562703174651479676e-01	6.444304955398639789e-01	6.605962862336915986e-01	6.605962862336915986e-01	6.989572779258580448e-01	6.605962862336915986e-01	6.605962862336915986e-01	7.175258433542870407e-01	6.605962862336915986e-01	6.679350477505999750e-01	6.605962862336915986e-01	6.570116543399969755e-01	6.583475033699139889e-01	6.605962862336915986e-01	6.605962862336915986e-01	6.450432670364260046e-01	6.605962862336915986e-01	6.605962862336915986e-01	6.668560159428880141e-01	6.605962862336915986e-01	6.759559555834909750e-01	7.024601213268290012e-01	6.265345454497249778e-01	6.605962862336915986e-01	6.605962862336915986e-01	6.605962862336915986e-01	6.277267035789360072e-01	6.625181202965469973e-01	6.605962862336915986e-01	6.438793080470419650e-01	6.650863127027729638e-01	6.153094004879939849e-01	6.343514773010410224e-01	6.331332639795389516e-01	6.246997675346940282e-01	6.605962862336915986e-01	6.446689591492229532e-01	6.605962862336915986e-01	6.605962862336915986e-01	6.605962862336915986e-01	6.605962862336915986e-01	6.915379144748270424e-01	7.017899202857760255e-01	6.584805580710340056e-01	6.605962862336915986e-01	7.062537425760160303e-01	7.722357322277759728e-01	7.623677466053859764e-01	8.044083587664979662e-01	7.695510193401520205e-01	6.605962862336915986e-01	6.605962862336915986e-01	7.117660048815750429e-01	7.120751421587789842e-01	6.605962862336915986e-01
6.605962862336915986e-01	6.605962862336915986e-01	6.299935046366850200e-01	9.999999999999980016e-01	6.153594652815500554e-01	6.043980900903499487e-01	6.605962862336915986e-01	6.101433766403330239e-01	6.605962862336915986e-01	6.605962862336915986e-01	6.605962862336915986e-01	6.079186757486789716e-01	6.733403688638209816e-01	6.605962862336915986e-01	6.784377032901339755e-01	6.584255169570529809e-01	6.550020403343299602e-01	6.898701955340099667e-01	6.944435962719900379e-01	6.157080587050980380e-01	6.836966351670730191e-01	6.727743969946420322e-01	6.328696865123110138e-01	6.793941103948699656e-01	6.605962862336915986e-01	6.605962862336915986e-01	6.605962862336915986e-01	6.358909313112629524e-01	6.771144731706639774e-01	6.605962862336915986e-01	6.605962862336915986e-01	6.605962862336915986e-01	6.605962862336915986e-01	6.605962862336915986e-01	6.605962862336915986e-01	6.605962862336915986e-01	6.775610912422039833e-01	6.236696936247539957e-01	7.063435942472799933e-01	6.213144778515989897e-01	6.284041413764119843e-01	5.950903726010390304e-01	6.358441253975379848e-01	6.605962862336915986e-01	6.412048494259620091e-01	6.605962862336915986e-01	6.100798044478129567e-01	6.169775425461110352e-01	6.943555301992579976e-01	6.366722157682219718e-01	5.970018629015090283e-01	6.581916063476129786e-01	6.605962862336915986e-01	6.058074522146009722e-01	6.605962862336915986e-01	6.408556716808040399e-01	6.527409360685030304e-01	6.605962862336915986e-01	6.296647439351700237e-01	6.046664640461290041e-01	6.380560693608460232e-01	5.919251514920309543e-01	5.943146441960299731e-01	6.350714287205909692e-01	5.974823635794049848e-01	6.719988324807889546e-01	6.600494304698389936e-01	6.681678581073350331e-01	6.605962862336915986e-01	6.116434466959349558e-01	6.259474969795839616e-01	6.605962862336915986e-01	6.605962862336915986e-01	6.504364107687049534e-01	6.605962862336915986e-01	6.745066000271200402e-01	6.325153316352869481e-01	6.503753297007860423e-01	6.331613792623159709e-01	6.263503283904460206e-01	6.239373377005760224e-01	5.698061725565359836e-01	6.106957105263060015e-01	6.158488119204029720e-01	6.605962862336915986e-01	6.605962862336915986e-01	6.454443389916759699e-01	6.313434062541100067e-01	6.483718270018179464e-01	6.307821822578729698e-01	6.613899317319580362e-01	6.518700658317739816e-01	6.074331936022989709e-01	6.301841344539820255e-01	6.605962862336915986e-01	6.317604571686340487e-01	6.524035402380350401e-01	6.156150411221029684e-01	6.580152107978639586e-01	6.427050542478619510e-01	5.888923476988350281e-01	6.126202950429150418e-01	6.068028326953079921e-01	6.605962862336915986e-01	6.029016117791210494e-01	6.605962862336915986e-01	6.206253678112190197e-01	6.163922142559019601e-01	6.796938084295299776e-01	6.133606959185300411e-01	6.488060749345699874e-01	6.874723293765170329e-01	6.684697080971200300e-01	6.590949422466400032e-01	6.392500624789030361e-01	6.558155008134509689e-01	6.561336024794940380e-01	6.452480500101950289e-01	6.606090869797169862e-01	6.484569258323650276e-01	6.157391365429260022e-01	6.302221876670049960e-01	6.278822422883969523e-01	6.605962862336915986e-01
7.038295853361680177e-01	6.605962862336915986e-01	6.792024724294729587e-01	6.153594652815500554e-01	9.999999999999980016e-01	6.900527951530790460e-01	7.772437840436650092e-01	6.605962862336915986e-01	6.605962862336915986e-01	6.605962862336915986e-01	7.207449645972660024e-01	7.562611321099980133e-01	6.879720530563280256e-01	6.605962862336915986e-01	6.605962862336915986e-01	6.594066061730530226e-01	6.369491267112490362e-01	6.605962862336915986e-01	6.605962862336915986e-01	7.556915335267410105e-01	6.359587680006140165e-01	6.458428531323380239e-01	6.605962862336915986e-01	6.605962862336915986e-01	7.140940679340830322e-01	7.601960393385199799e-01	5.924738104363499458e-01	6.605962862336915986e-01	6.213821606883179749e-01	6.535882984578450516e-01	6.391242898700639774e-01	6.242576271041230251e-01	5.833602670906830046e-01	6.546828851339909772e-01	6.378259422697070136e-01	5.938174281145529587e-01	6.605962862336915986e-01	6.605962862336915986e-01	6.370860990039479699e-01	5.997368959970490465e-01	6.669032308186410019e-01	7.146024539756480332e-01	7.111280564395620063e-01	6.775730554097300073e-01	5.653240597027660019e-01	6.796946111320150141e-01	6.152599049827840449e-01	6.848459808341430533e-01	6.605962862336915986e-01	6.230731258749649948e-01	6.605962862336915986e-01	6.464977168889559644e-01	6.605962862336915986e-01	6.570025153545170360e-01	6.803065941020619567e-01	6.430484399451089628e-01	6.852394996501780522e-01	6.082940405378030047e-01	6.605962862336915986e-01	6.269138568120520283e-01	6.623317383636609934e-01	6.279013088538909493e-01	7.006327965576759631e-01	6.605962862336915986e-01	5.991123699385010326e-01	6.803640056365050093e-01	6.170090006972099861e-01	6.637357002912029902e-01	6.605962862336915986e-01	6.848590559273940448e-01	6.605962862336915986e-01	6.822677107573500432e-01	6.605962862336915986e-01	6.424412162890760225e-01	6.605962862336915986e-01	6.909832566868899795e-01	7.075922990535290502e-01	6.605962862336915986e-01	6.605962862336915986e-01	6.251890108568399773e-01	7.582502351577089517e-01	6.487677441434609449e-01	6.605962862336915986e-01	6.805012880595300295e-01	6.350873570154670356e-01	6.772436438640540013e-01	6.686889400694580043e-01	6.593636300705220110e-01	7.328315680504150498e-01	6.605962862336915986e-01	6.605962862336915986e-01	6.524485489188900367e-01	6.605962862336915986e-01	6.061111211448839686e-01	6.563524728632820215e-01	6.432331347138789956e-01	6.754650785881409769e-01	6.607359084921089476e-01	6.605962862336915986e-01	7.045569471735769751e-01	7.181462750795769567e-01	6.775359169390039460e-01	6.605962862336915986e-01	5.947655870829290370e-01	6.859461341345800545e-01	6.466505440468750532e-01	6.599338653593449511e-01	6.182901545848930036e-01	6.079761586594899514e-01	6.605962862336915986e-01	6.250624967675469934e-01	6.555578891561469890e-01	6.616835663388259681e-01	6.544334894920099677e-01	6.545130332158010100e-01	7.143629446125200344e-01	6.607072178572519494e-01	7.091924408124360424e-01	6.605962862336915986e-01	6.605962862336915986e-01	6.849110703602480088e-01	7.101591966961610103e-01	6.643749130991269958e-01	7.084002604969550365e-01
6.809980607195279534e-01	6.899367991274679701e-01	6.991187441597369601e-01	6.043980900903499487e-01	6.900527951530790460e-01	9.999999999999980016e-01	6.822719357503550519e-01	6.453095057616450303e-01	6.557875881946030328e-01	6.426395934741050420e-01	6.832696985185859884e-01	7.220451840098359719e-01	6.605962862336915986e-01	6.622490212683780353e-01	6.357503805118059903e-01	6.358163227353289537e-01	6.647582059326899717e-01	5.745710915053939827e-01	6.605962862336915986e-01	6.737563642508880291e-01	6.605962862336915986e-01	6.605962862336915986e-01	6.290518221339590488e-01	6.317053919985570198e-01	6.408541947776890124e-01	6.778564823477060131e-01	5.870663439458360111e-01	6.302052903054380373e-01	5.984964377938190028e-01	6.398753188539350045e-01	6.282942369437689578e-01	6.137652581458500345e-01	5.894810692335910041e-01	6.988284596346749922e-01	6.314241518987919743e-01	6.104708628213389998e-01	6.605962862336915986e-01	6.098354956040840102e-01	6.605962862336915986e-01	6.279535289485279614e-01	6.111785074978990373e-01	6.847572275237829853e-01	6.605962862336915986e-01	6.677496113327999749e-01	6.605962862336915986e-01	6.280632566099839664e-01	5.951267788663170411e-01	6.605962862336915986e-01	6.767138796867590012e-01	6.605962862336915986e-01	6.644676326700440505e-01	6.605962862336915986e-01	6.281735017059250081e-01	6.342719954968749629e-01	6.662943430355799945e-01	6.870226812660580329e-01	6.605962862336915986e-01	5.878989947545479877e-01	6.115864765350239596e-01	6.119388078980190215e-01	6.605962862336915986e-01	6.605962862336915986e-01	6.605962862336915986e-01	6.405817775721980301e-01	5.882051211709610206e-01	6.945677735542149511e-01	6.000232038129460488e-01	6.699781013623880010e-01	6.605962862336915986e-01	6.605962862336915986e-01	6.605962862336915986e-01	6.455205044483900423e-01	6.605962862336915986e-01	6.594001860981080210e-01	6.486175741314960108e-01	6.605962862336915986e-01	6.605962862336915986e-01	6.722443694905340106e-01	7.044012672450069568e-01	6.179431627767080215e-01	6.605962862336915986e-01	6.003134446293030280e-01	5.944772205444289748e-01	6.605962862336915986e-01	5.902456686821899723e-01	6.635461267299850308e-01	6.970944020902649640e-01	7.104075480276480503e-01	6.605962862336915986e-01	6.605962862336915986e-01	6.605962862336915986e-01	6.739739716871110398e-01	6.458523023921379780e-01	6.605962862336915986e-01	6.605962862336915986e-01	6.735847786901719703e-01	6.605962862336915986e-01	6.331258428699140239e-01	6.902501044672190167e-01	7.250456700238669949e-01	6.876864431771030350e-01	6.759420802621119995e-01	6.491660224400549462e-01	5.901384989367619571e-01	6.793468258296420093e-01	6.780029669688579785e-01	6.605962862336915986e-01	6.605962862336915986e-01	5.866551060375589932e-01	6.605962862336915986e-01	6.064051562310249777e-01	6.538950125315440287e-01	6.519570274986740133e-01	7.067859007509169622e-01	6.729784773542090148e-01	6.790986397451289625e-01	6.554021598299499818e-01	6.993037903692520540e-01	6.827659791555690250e-01	6.495610289163189499e-01	7.037612738070639917e-01	6.772760114647830010e-01	6.605962862336915986e-01	6.605962862336915986e-01
6.871563603598780379e-01	6.816729748704269953e-01	6.605962862336915986e-01	6.605962862336915986e-01	7.772437840436650092e-01	6.822719357503550519e-01	9.999999999999990008e-01	6.605962862336915986e-01	6.605962862336915986e-01	6.909741243990970005e-01	6.605962862336915986e-01	7.465443533183909741e-01	6.833235152905090537e-01	6.479461187913589937e-01	6.605962862336915986e-01	6.449950112822809833e-01	6.431444627956880433e-01	6.605962862336915986e-01	6.022856628546690017e-01	7.426135682408430139e-01	6.356625150698830273e-01	6.605962862336915986e-01	6.605962862336915986e-01	6.323515969006440196e-01	7.223667535680869944e-01	7.523199806889879770e-01	5.884939601612100279e-01	6.833183091281319621e-01	6.605962862336915986e-01	6.257202132936989791e-01	6.380103954383929965e-01	6.056458581661570140e-01	6.605962862336915986e-01	6.510247633523910116e-01	6.605962862336915986e-01	5.799918118940540213e-01	6.605962862336915986e-01	6.131908821853859770e-01	6.326909339484150241e-01	6.071661335380490465e-01	6.605962862336915986e-01	7.503989776076660512e-01	7.008294695139599684e-01	6.605962862336915986e-01	5.725923304782509771e-01	6.757952306150140087e-01	6.605962862336915986e-01	6.605962862336915986e-01	6.472220776215390492e-01	6.605962862336915986e-01	6.665879882828360525e-01	6.491470308997879801e-01	6.206739860633939676e-01	6.505610805983219613e-01	6.674338763464969793e-01	6.496023215630649661e-01	6.748821633928530073e-01	6.027610516554410269e-01	6.189577121679510352e-01	6.194295709905750513e-01	6.718300758875920264e-01	6.605962862336915986e-01	6.605962862336915986e-01	6.589756883763140394e-01	5.869894421833500298e-01	6.863313953023050251e-01	6.154538464426959621e-01	6.648019814495159663e-01	6.410371775690989482e-01	6.757065233340300292e-01	6.499394908761639833e-01	6.605962862336915986e-01	6.272718893350199831e-01	6.605962862336915986e-01	6.337358144294390483e-01	6.722533529057399537e-01	6.988311746450950324e-01	6.493275490395079563e-01	6.859792713089110094e-01	6.298362469396220353e-01	7.479087294248699669e-01	6.605962862336915986e-01	6.163755113725920554e-01	6.543262440647199529e-01	6.078946981759919543e-01	6.700927584404120507e-01	6.775588986546270398e-01	6.634036641715550520e-01	6.605962862336915986e-01	6.486613070019130456e-01	6.605962862336915986e-01	6.542139340498129840e-01	6.605962862336915986e-01	5.873174545852529738e-01	6.322351041027779450e-01	6.487243888317679730e-01	6.605962862336915986e-01	6.442253528444239485e-01	6.605962862336915986e-01	6.605962862336915986e-01	7.154109236884710343e-01	6.687040556575399863e-01	6.474594573143590548e-01	5.878453982618410123e-01	6.653730027428680360e-01	6.439791313804640316e-01	6.691476826010189782e-01	6.251794699866379812e-01	6.074091721871639482e-01	5.971709767320869666e-01	6.181029391451310362e-01	6.455499735917880066e-01	6.506193711764599596e-01	6.556269231051670143e-01	6.598402071438029814e-01	7.031681109300189636e-01	6.507373707222710024e-01	6.948641215966450124e-01	6.896600683529390263e-01	6.684136230713569882e-01	6.878316250186139458e-01	7.019984957644650470e-01	6.540420658467279713e-01	6.999414810290780498e-01
7.306343756215379903e-01	7.079789994423579813e-01	7.045593729185589682e-01	6.101433766403330239e-01	6.605962862336915986e-01	6.453095057616450303e-01	6.605962862336915986e-01	1.000000000000000000e+00	6.605962862336915986e-01	6.605962862336915986e-01	6.605962862336915986e-01	7.139963033549110438e-01	6.631429168989919631e-01	6.605962862336915986e-01	6.605962862336915986e-01	6.605962862336915986e-01	6.170641055968180133e-01	5.945049773416080097e-01	6.266214083535780466e-01	6.605962862336915986e-01	6.183631161036949875e-01	6.614388314470029950e-01	7.564944738580610117e-01	6.801745877951249630e-01	6.605962862336915986e-01	7.019610277766470396e-01	6.605962862336915986e-01	6.605962862336915986e-01	6.403248354011269461e-01	6.605962862336915986e-01	6.885811814937400355e-01	6.605962862336915986e-01	6.605962862336915986e-01	6.717714006985090469e-01	6.471428304349300387e-01	6.196519189868380240e-01	6.602203448309450495e-01	6.671760632177119454e-01	6.490989956698399732e-01	6.149356185722889556e-01	6.831411105583899968e-01	7.070747342523400203e-01	6.783647432753210360e-01	6.605962862336915986e-01	5.934143486893249664e-01	6.605962862336915986e-01	6.258199540086619717e-01	6.605962862336915986e-01	6.602341305803219873e-01	6.424318735846570316e-01	6.847269560113939946e-01	6.185964023948159474e-01	5.993063768041839712e-01	6.254289091499199982e-01	6.605962862336915986e-01	6.605962862336915986e-01	6.610588449239519493e-01	6.605962862336915986e-01	6.605962862336915986e-01	6.352129550098549737e-01	6.605962862336915986e-01	6.605962862336915986e-01	7.193139540569849499e-01	6.396256722116929749e-01	6.605962862336915986e-01	6.657169097270669855e-01	6.750851955703679463e-01	6.559350665804709601e-01	6.605962862336915986e-01	6.605962862336915986e-01	6.245552398969830277e-01	6.765065368879770169e-01	6.605962862336915986e-01	6.689095813207199814e-01	6.605962862336915986e-01	6.404919551535820377e-01	7.256635566220469569e-01	6.174909877088949894e-01	6.451381677775289702e-01	6.605962862336915986e-01	7.033537954762330013e-01	6.516267046188439771e-01	6.605962862336915986e-01	7.111899434744000104e-01	6.605962862336915986e-01	6.513982563055870090e-01	6.605962862336915986e-01	6.383609399634979642e-01	7.405854679102069626e-01	6.336543830657880294e-01	6.768314670732750171e-01	6.249987020038180185e-01	5.803240508799110131e-01	6.605962862336915986e-01	6.070886793747940491e-01	6.605962862336915986e-01	6.394105018991950162e-01	6.276314146703489971e-01	6.217610133187839727e-01	6.501101147796719548e-01	6.571874075950979721e-01	6.162807220293939903e-01	6.196717917980489876e-01	6.005947409292550221e-01	6.311645772258900333e-01	6.119802351959410247e-01	6.371709028712609912e-01	6.329511591622779543e-01	6.605962862336915986e-01	6.319579438806719462e-01	6.605962862336915986e-01	6.881951623738049584e-01	6.605962862336915986e-01	6.453276474868300250e-01	6.771406854185759716e-01	7.136812347449249527e-01	6.836763990778009781e-01	7.049943215103070537e-01	6.605962862336915986e-01	7.089915432183799826e-01	6.605962862336915986e-01	7.001142225672150055e-01	7.047524905061539613e-01	7.200753889618489723e-01
7.248013164861409896e-01	6.605962862336915986e-01	7.060441882014879544e-01	6.605962862336915986e-01	6.605962862336915986e-01	6.557875881946030328e-01	6.605962862336915986e-01	6.605962862336915986e-01	1.000000000000000000e+00	7.343528234844830527e-01	6.605962862336915986e-01	6.971862675536020237e-01	6.584361384488459645e-01	5.905110501845020066e-01	7.050069868953929841e-01	6.605962862336915986e-01	6.333365475085940277e-01	6.026865965300469696e-01	6.379342104857780305e-01	6.898800667377830154e-01	6.281035812819230069e-01	6.605962862336915986e-01	7.364280574844539462e-01	6.863025615515599975e-01	6.605962862336915986e-01	6.605962862336915986e-01	6.605962862336915986e-01	6.605962862336915986e-01	6.605962862336915986e-01	6.886058299585590126e-01	6.605962862336915986e-01	6.605962862336915986e-01	6.605962862336915986e-01	6.605962862336915986e-01	6.605962862336915986e-01	6.307028392668130312e-01	6.746676973571279490e-01	6.787493362244709783e-01	6.623613873939090402e-01	6.605962862336915986e-01	6.722109650260910119e-01	7.036383574465949753e-01	6.605962862336915986e-01	6.355197033908379645e-01	5.996027652331390456e-01	6.894470279667600510e-01	6.345635858796889739e-01	6.450624962626000380e-01	6.780300914618709873e-01	6.605962862336915986e-01	6.766944724881569506e-01	6.306895503718019658e-01	6.605962862336915986e-01	6.258566540140479972e-01	6.523361339070510301e-01	6.341025393028429935e-01	6.587014400793019808e-01	6.271442972130659710e-01	6.332534235200859563e-01	6.605962862336915986e-01	6.681775041425800366e-01	6.255852271660350405e-01	6.955073093656950478e-01	6.441032912570210378e-01	6.605962862336915986e-01	6.667692438005869970e-01	6.605962862336915986e-01	6.643337402163740357e-01	6.605962862336915986e-01	6.605962862336915986e-01	6.260168925447490151e-01	6.572959133101109463e-01	6.432787315097050485e-01	6.727214364832160287e-01	6.277991514841170240e-01	6.605962862336915986e-01	7.162407051228919519e-01	6.275587857359320454e-01	6.605962862336915986e-01	6.605962862336915986e-01	6.883971248085279937e-01	6.485798936403309733e-01	6.605962862336915986e-01	7.052368446919400347e-01	6.315533679273720447e-01	6.375005770950620265e-01	6.605962862336915986e-01	6.605962862336915986e-01	7.335408858019789591e-01	6.464751014706280330e-01	6.605962862336915986e-01	6.214798598960940001e-01	5.871733401258499851e-01	5.867217742425929750e-01	5.824675282331850390e-01	6.104304337934739477e-01	6.440835369473709715e-01	6.605962862336915986e-01	6.221104393504059971e-01	6.469075216211910284e-01	6.326847208715989934e-01	6.129574072670750384e-01	6.049848378708320151e-01	6.605962862336915986e-01	6.223723438114350248e-01	6.605962862336915986e-01	6.292589660656630057e-01	6.605962862336915986e-01	6.605962862336915986e-01	6.605962862336915986e-01	6.844449262349799890e-01	6.996293465748160134e-01	6.605962862336915986e-01	6.563142319346489950e-01	6.927096127790830504e-01	7.073311819617850160e-01	6.605962862336915986e-01	6.605962862336915986e-01	7.099293691591189726e-01	7.258097003407240067e-01	6.090135610963139934e-01	6.923714075868959705e-01	6.605962862336915986e-01	7.143846640997649766e-01
6.605962862336915986e-01	7.144139589593729855e-01	7.019715568457179922e-01	6.605962862336915986e-01	6.605962862336915986e-01	6.426395934741050420e-01	6.909741243990970005e-01	6.605962862336915986e-01	7.343528234844830527e-01	1.000000000000000000e+00	7.119785354403620481e-01	6.605962862336915986e-01	6.569518586957100448e-01	5.967541256586760268e-01	6.847197629938800434e-01	6.777273978138019794e-01	6.203342300905539952e-01	5.948779882406159958e-01	6.605962862336915986e-01	7.039527207961140398e-01	6.173468092146210395e-01	6.768170917989579927e-01	6.605962862336915986e-01	6.872121867658510519e-01	7.162004868537660274e-01	7.318404129914809486e-01	6.690917354938139550e-01	7.349473168420039837e-01	6.671745247626870157e-01	6.846244352025090407e-01	7.052326714825749576e-01	6.290636587633290366e-01	6.311645687743120403e-01	6.878599126168439826e-01	6.400473951915649495e-01	6.453965436095620012e-01	6.719160391240239782e-01	6.895565298179060498e-01	6.567020713255019571e-01	6.142671713306280257e-01	6.605962862336915986e-01	6.605962862336915986e-01	6.715634322433079451e-01	6.605962862336915986e-01	5.957158819306850317e-01	6.603790456835679779e-01	6.605962862336915986e-01	6.456165268858149453e-01	6.745820639418760312e-01	6.605962862336915986e-01	7.012980246667820383e-01	6.205419756584139579e-01	6.127110734061169683e-01	6.235298448916239966e-01	6.507249950221629664e-01	6.266283057086200481e-01	6.627111396624439932e-01	6.605962862336915986e-01	6.175487746327610328e-01	6.605962862336915986e-01	6.543040273143589936e-01	6.605962862336915986e-01	6.984755085243640194e-01	6.392441281959769794e-01	6.341203224446010367e-01	6.605962862336915986e-01	6.550289060588110335e-01	6.605962862336915986e-01	6.148120831925969476e-01	6.334306905455290293e-01	6.211046335880100466e-01	6.605962862336915986e-01	6.394441715514129765e-01	6.605962862336915986e-01	6.100560711486100463e-01	6.413617558016919684e-01	6.605962862336915986e-01	6.004507380621689761e-01	6.347910811088329774e-01	6.343977411388369569e-01	6.901890549920339790e-01	6.605962862336915986e-01	6.405930650737780008e-01	6.892128877560600442e-01	6.683248646362830447e-01	6.605962862336915986e-01	6.568213332212929911e-01	6.213363584138940077e-01	7.375717452612009506e-01	6.415931571607019768e-01	6.703395291900720032e-01	6.137033073331490396e-01	5.843743806599640545e-01	5.900955890630269485e-01	6.605962862336915986e-01	6.021742636173970098e-01	6.335824703111430090e-01	6.605962862336915986e-01	6.203144794136340456e-01	6.417292333186159770e-01	6.605962862336915986e-01	6.605962862336915986e-01	6.241426432487759968e-01	5.951357698760439963e-01	6.254033677758870091e-01	6.089524580982069724e-01	6.286913220250679446e-01	6.353272193982879568e-01	6.334246006505149795e-01	6.398622478241470235e-01	6.605962862336915986e-01	7.008109967915480132e-01	6.419712950657889827e-01	6.605962862336915986e-01	6.605962862336915986e-01	6.605962862336915986e-01	6.924468733397259879e-01	7.106047723088270152e-01	7.303913722529560282e-01	6.605962862336915986e-01	6.111199440225060231e-01	7.067554208401569671e-01	7.225917350707180553e-01	7.321859697751049723e-01
7.046713584866479696e-01	6.605962862336915986e-01	6.855994375795949614e-01	6.605962862336915986e-01	7.207449645972660024e-01	6.832696985185859884e-01	6.605962862336915986e-01	6.605962862336915986e-01	6.605962862336915986e-01	7.119785354403620481e-01	1.000000000000000000e+00	7.342883868852879692e-01	6.872990918287249507e-01	6.605962862336915986e-01	6.552287370770779606e-01	6.513793509603420517e-01	6.605962862336915986e-01	5.859156928141450171e-01	6.315675412162810032e-01	6.605962862336915986e-01	6.463817780773279953e-01	6.459748032996639466e-01	6.605962862336915986e-01	6.536483162543630376e-01	6.821186216644810063e-01	7.311711377386950206e-01	6.605962862336915986e-01	6.605962862336915986e-01	6.605962862336915986e-01	6.605962862336915986e-01	6.535314345323539609e-01	6.418900928551160012e-01	6.605962862336915986e-01	6.897120920214659945e-01	6.605962862336915986e-01	6.303450951349980347e-01	6.468773359456010397e-01	6.456737375082129970e-01	6.536863995281519957e-01	6.605962862336915986e-01	6.605962862336915986e-01	6.568784352127590154e-01	6.848339893646140375e-01	6.605962862336915986e-01	5.962169350536109524e-01	6.486107211441609621e-01	6.287894335661230460e-01	6.719698509881300019e-01	6.880597004620010448e-01	6.605962862336915986e-01	7.276505345204280495e-01	6.557746962313120154e-01	6.388268672439360030e-01	6.407874848205119545e-01	6.605962862336915986e-01	6.404417469972990551e-01	6.833495440050240122e-01	6.297011105573500078e-01	6.605962862336915986e-01	6.605962862336915986e-01	6.605962862336915986e-01	6.700716933967569844e-01	6.605962862336915986e-01	6.516340544669400048e-01	6.309546625814189680e-01	6.605962862336915986e-01	6.605962862336915986e-01	6.935055995270370532e-01	6.511702591023950104e-01	6.623917506034560088e-01	6.509119534873459845e-01	6.605962862336915986e-01	6.585356320920470186e-01	6.628648690841669744e-01	6.395281736805600303e-01	6.760851204268589765e-01	6.987426420658470194e-01	6.124940772397069466e-01	6.479357823244119574e-01	6.367995497645749792e-01	7.220860929555480423e-01	6.665727131203950107e-01	6.519479952902349496e-01	6.471954109196560445e-01	6.402051762217280118e-01	6.244347317774220363e-01	6.632617111330439963e-01	6.367393924948420159e-01	7.211045501502859612e-01	6.640168600983720193e-01	6.849364350276020419e-01	6.252613103934949734e-01	6.225405372426250361e-01	5.764016494577739458e-01	6.605962862336915986e-01	6.322443574719830428e-01	6.581812120126550036e-01	6.605962862336915986e-01	6.611739138727470433e-01	6.926783339232990278e-01	6.590233876098029464e-01	6.500668504324289554e-01	6.512858706171029688e-01	6.106056717776969789e-01	6.507491496267580056e-01	6.423457199340090185e-01	6.451370807884999614e-01	6.504031682639119794e-01	6.215848911253579745e-01	6.040069744397960072e-01	6.206940177867550368e-01	6.745813748127149623e-01	6.441656007984239984e-01	6.667265040017009703e-01	6.473687991419779797e-01	6.605962862336915986e-01	6.605962862336915986e-01	7.080659993940280339e-01	7.149560454242069873e-01	6.584672495629410038e-01	6.548193193170790405e-01	6.995333114522620521e-01	6.605962862336915986e-01	6.605962862336915986e-01
6.605962862336915986e-01	6.986344230269589950e-01	6.605962862336915986e-01	6.079186757486789716e-01	7.562611321099980133e-01	7.220451840098359719e-01	7.465443533183909741e-01	7.139963033549110438e-01	6.971862675536020237e-01	6.605962862336915986e-01	7.342883868852879692e-01	1.000000000000000000e+00	7.168669099648290466e-01	6.605962862336915986e-01	6.578573198002050093e-01	6.605962862336915986e-01	6.338248104386730031e-01	6.605962862336915986e-01	6.605962862336915986e-01	6.605962862336915986e-01	6.538620111187649631e-01	6.357821721313340335e-01	7.063780766026539482e-01	6.605962862336915986e-01	6.605962862336915986e-01	7.334635476363779993e-01	6.605962862336915986e-01	6.605962862336915986e-01	6.605962862336915986e-01	6.443308103392459962e-01	6.605962862336915986e-01	6.172836543697990397e-01	6.605962862336915986e-01	6.605962862336915986e-01	6.605962862336915986e-01	5.909881316315800381e-01	6.605962862336915986e-01	6.096467669897970287e-01	6.260778341120389889e-01	6.605962862336915986e-01	6.464264411507539831e-01	6.605962862336915986e-01	6.605962862336915986e-01	6.845170932693720456e-01	5.597332472240279522e-01	6.605962862336915986e-01	5.903631046262219906e-01	6.799279667074850098e-01	6.605962862336915986e-01	6.542121364859260213e-01	6.605962862336915986e-01	6.639059969406070350e-01	6.605962862336915986e-01	6.545874327066809606e-01	6.605962862336915986e-01	6.732002792342079989e-01	6.866703611386949513e-01	6.605962862336915986e-01	6.150139621931060008e-01	6.137855276457120368e-01	6.856644736306759524e-01	6.605962862336915986e-01	7.275108821357310074e-01	6.673331623826049830e-01	6.605962862336915986e-01	6.990440802948120202e-01	6.605962862336915986e-01	6.711940461065509789e-01	6.405862526605029528e-01	6.838136137842010243e-01	6.749910763604619612e-01	6.719814300339760349e-01	6.141250905317130471e-01	6.397901245496709910e-01	6.453583575137149531e-01	6.794164771332740216e-01	6.605962862336915986e-01	6.605962862336915986e-01	6.811165914052940140e-01	6.247159807446700519e-01	6.605962862336915986e-01	6.605962862336915986e-01	6.093096862983650164e-01	6.605962862336915986e-01	6.605962862336915986e-01	6.605962862336915986e-01	6.605962862336915986e-01	6.605962862336915986e-01	7.281578994456420206e-01	6.571442377921650202e-01	7.153775120669380039e-01	6.686437991390850044e-01	6.259348267498380247e-01	5.900612579043269523e-01	6.643456352354399908e-01	6.711306048515810474e-01	6.947839554653290062e-01	6.605962862336915986e-01	6.771994053765749699e-01	7.359177309289980373e-01	6.605962862336915986e-01	6.605962862336915986e-01	6.668620497941439851e-01	6.605962862336915986e-01	6.605962862336915986e-01	6.604113632522859989e-01	7.008057687918090028e-01	6.231466728366490404e-01	5.983345823417749454e-01	5.929823585294730082e-01	6.241029119107259771e-01	6.502165634635509450e-01	6.535158190241660003e-01	6.773652657759360318e-01	6.733318464885249544e-01	6.605962862336915986e-01	6.680991437477460382e-01	7.074708488587989619e-01	7.164296138175110240e-01	6.830017928549430017e-01	7.293689094229579561e-01	7.509838453029300531e-01	7.088952353557329555e-01	7.364608888703230161e-01
