1.000000000000000000e+00	2.740983119405814294e-01	2.740983119405814294e-01	2.104157644066129984e-01	2.740983119405814294e-01	1.711842872138180094e-01	2.159797027415089887e-01	2.564803570587360082e-01	3.888894607352140209e-01	2.740983119405814294e-01	5.161429300743419768e-01	2.740983119405814294e-01	2.740983119405814294e-01	2.740983119405814294e-01	5.101411254600950462e-01	2.740983119405814294e-01	2.740983119405814294e-01	2.740983119405814294e-01	2.740983119405814294e-01	2.740983119405814294e-01	2.740983119405814294e-01	2.740983119405814294e-01	2.740983119405814294e-01	1.608345180955760012e-01	2.740983119405814294e-01	2.740983119405814294e-01	6.169535749858660045e-01	2.578906005566570236e-01	2.740983119405814294e-01	2.489691115675830013e-01	2.740983119405814294e-01	2.740983119405814294e-01	2.740983119405814294e-01	2.342580431566030075e-01	6.010034121881430158e-01	2.740983119405814294e-01	2.740983119405814294e-01	2.740983119405814294e-01	2.740983119405814294e-01	3.815644582362819892e-01	2.740983119405814294e-01	2.740983119405814294e-01	2.740983119405814294e-01	2.740983119405814294e-01	2.740983119405814294e-01	2.285911430401000102e-02	2.740983119405814294e-01	2.740983119405814294e-01	2.740983119405814294e-01	8.647940212931599924e-02	5.729393390260779650e-01	2.740983119405814294e-01	2.462536416995000088e-01	5.780044122899480330e-01	2.740983119405814294e-01	2.740983119405814294e-01	2.740983119405814294e-01	6.470822045586019922e-01	2.740983119405814294e-01	2.740983119405814294e-01	6.572268305036009783e-01	2.740983119405814294e-01	5.456718159628649589e-01	2.740983119405814294e-01	2.740983119405814294e-01	2.740983119405814294e-01	1.837416096499739915e-01	1.141282923158289941e-01	2.740983119405814294e-01	2.740983119405814294e-01	2.740983119405814294e-01	2.740983119405814294e-01	5.276260876243099585e-01	2.740983119405814294e-01	2.740983119405814294e-01	3.610983953125399687e-02	2.740983119405814294e-01	2.740983119405814294e-01	1.140719028304619936e-01	2.740983119405814294e-01	2.740983119405814294e-01	2.740983119405814294e-01	4.411312266067379806e-01	2.740983119405814294e-01	2.740983119405814294e-01	2.740983119405814294e-01	2.740983119405814294e-01	2.740983119405814294e-01	2.740983119405814294e-01	2.740983119405814294e-01	5.177785998268490120e-02	2.740983119405814294e-01	5.098890705581470284e-01	2.740983119405814294e-01	2.740983119405814294e-01	2.740983119405814294e-01	2.740983119405814294e-01	2.740983119405814294e-01	2.740983119405814294e-01	2.740983119405814294e-01	6.642552626426520002e-01	2.740983119405814294e-01	2.740983119405814294e-01	2.740983119405814294e-01	2.740983119405814294e-01	2.740983119405814294e-01	2.740983119405814294e-01	1.403862371327699865e-01	1.360185823262549942e-01	2.740983119405814294e-01	2.740983119405814294e-01	2.740983119405814294e-01	1.455400499722540042e-01	2.740983119405814294e-01	2.740983119405814294e-01	6.318532030463439586e-01	2.740983119405814294e-01	2.740983119405814294e-01	2.740983119405814294e-01	2.740983119405814294e-01	2.740983119405814294e-01	2.740983119405814294e-01	2.740983119405814294e-01	5.557285672161129675e-01
2.740983119405814294e-01	1.000000000000000000e+00	2.740983119405814294e-01	4.798109755599939963e-02	2.740983119405814294e-01	2.740983119405814294e-01	2.740983119405814294e-01	2.740983119405814294e-01	9.053836807949509902e-02	2.740983119405814294e-01	9.642580109222330387e-02	1.503089239904910057e-01	6.595889473804909808e-02	2.740983119405814294e-01	2.300753382147860057e-02	6.076657206632730263e-02	2.740983119405814294e-01	5.211281652592000130e-02	2.740983119405814294e-01	2.740983119405814294e-01	2.740983119405814294e-01	1.751676861769119881e-02	2.740983119405814294e-01	2.740983119405814294e-01	2.740983119405814294e-01	2.740983119405814294e-01	2.740983119405814294e-01	2.740983119405814294e-01	2.740983119405814294e-01	6.294258298864910395e-02	4.179026765382749808e-02	2.740983119405814294e-01	2.740983119405814294e-01	1.118916761328690029e-01	2.740983119405814294e-01	2.740983119405814294e-01	2.740983119405814294e-01	5.314199806296229789e-02	1.725369577925160020e-02	2.740983119405814294e-01	2.740983119405814294e-01	2.740983119405814294e-01	2.740983119405814294e-01	2.070141049559250102e-02	2.740983119405814294e-01	2.740983119405814294e-01	2.740983119405814294e-01	2.193680215543659939e-02	2.740983119405814294e-01	1.858552086389569924e-01	2.740983119405814294e-01	2.740983119405814294e-01	1.125572244413799994e-01	2.740983119405814294e-01	2.740983119405814294e-01	2.740983119405814294e-01	2.740983119405814294e-01	2.740983119405814294e-01	2.740983119405814294e-01	1.891133133348840006e-02	2.740983119405814294e-01	2.740983119405814294e-01	2.740983119405814294e-01	2.740983119405814294e-01	1.054438809134280036e-01	2.687713161797830042e-01	2.740983119405814294e-01	2.740983119405814294e-01	2.740983119405814294e-01	2.740983119405814294e-01	2.740983119405814294e-01	2.740983119405814294e-01	1.260578103151810056e-02	5.749308654203309776e-02	5.387741121782749915e-02	1.218705080434560051e-01	2.740983119405814294e-01	2.136413650574970138e-02	2.740983119405814294e-01	2.740983119405814294e-01	2.740983119405814294e-01	2.740983119405814294e-01	2.524290323884920140e-02	2.047203587874260045e-01	2.740983119405814294e-01	1.480496002804740016e-02	2.740983119405814294e-01	2.740983119405814294e-01	2.740983119405814294e-01	2.740983119405814294e-01	2.740983119405814294e-01	2.740983119405814294e-01	2.740983119405814294e-01	2.740983119405814294e-01	2.740983119405814294e-01	2.740983119405814294e-01	8.756480922482899609e-02	2.740983119405814294e-01	2.740983119405814294e-01	3.053540312645559862e-02	5.416600433092590150e-02	2.740983119405814294e-01	2.740983119405814294e-01	2.740983119405814294e-01	2.740983119405814294e-01	2.740983119405814294e-01	2.740983119405814294e-01	1.910367711881739983e-02	1.391363796652710094e-01	2.740983119405814294e-01	2.740983119405814294e-01	2.740983119405814294e-01	1.508227153577189894e-01	2.740983119405814294e-01	1.648156637676150005e-01	2.740983119405814294e-01	3.525502035230049930e-02	8.088266690113020407e-02	2.740983119405814294e-01	2.740983119405814294e-01	2.740983119405814294e-01	2.740983119405814294e-01	7.967815324849769967e-03	2.740983119405814294e-01
2.740983119405814294e-01	2.740983119405814294e-01	1.000000000000000000e+00	8.860751899106110441e-02	2.740983119405814294e-01	2.740983119405814294e-01	1.687007041390989892e-01	2.740983119405814294e-01	1.792948658853910082e-01	2.740983119405814294e-01	2.740983119405814294e-01	2.740983119405814294e-01	9.407005251874969720e-02	5.249192458581879855e-02	2.740983119405814294e-01	2.740983119405814294e-01	2.740983119405814294e-01	2.740983119405814294e-01	2.740983119405814294e-01	2.740983119405814294e-01	2.740983119405814294e-01	2.740983119405814294e-01	2.740983119405814294e-01	2.740983119405814294e-01	2.740983119405814294e-01	2.740983119405814294e-01	5.163670303643679710e-02	2.740983119405814294e-01	2.056641549932779894e-02	2.740983119405814294e-01	7.305006883476000690e-02	2.244650044198870029e-02	2.740983119405814294e-01	2.740983119405814294e-01	3.008743118848530157e-02	2.740983119405814294e-01	6.351845708803970092e-02	2.740983119405814294e-01	2.740983119405814294e-01	2.740983119405814294e-01	2.740983119405814294e-01	2.740983119405814294e-01	2.740983119405814294e-01	2.740983119405814294e-01	2.740983119405814294e-01	2.740983119405814294e-01	2.740983119405814294e-01	2.740983119405814294e-01	2.740983119405814294e-01	2.740983119405814294e-01	2.740983119405814294e-01	2.740983119405814294e-01	2.740983119405814294e-01	2.740983119405814294e-01	2.740983119405814294e-01	2.740983119405814294e-01	2.138526371407130020e-02	2.740983119405814294e-01	1.626939766783390071e-02	2.740983119405814294e-01	2.740983119405814294e-01	2.740983119405814294e-01	2.740983119405814294e-01	1.223245084239990010e-01	2.740983119405814294e-01	2.740983119405814294e-01	2.740983119405814294e-01	2.740983119405814294e-01	2.740983119405814294e-01	2.740983119405814294e-01	2.740983119405814294e-01	2.740983119405814294e-01	2.740983119405814294e-01	4.285394148793390118e-02	2.740983119405814294e-01	2.878632597781999869e-01	2.740983119405814294e-01	2.740983119405814294e-01	2.740983119405814294e-01	2.740983119405814294e-01	4.860732692188630272e-02	2.740983119405814294e-01	2.740983119405814294e-01	2.740983119405814294e-01	2.740983119405814294e-01	2.740983119405814294e-01	2.740983119405814294e-01	2.740983119405814294e-01	2.740983119405814294e-01	2.740983119405814294e-01	1.935736257298260043e-01	2.765153236073190079e-01	8.633502411145900501e-02	2.740983119405814294e-01	2.740983119405814294e-01	2.740983119405814294e-01	2.740983119405814294e-01	2.740983119405814294e-01	2.740983119405814294e-01	2.740983119405814294e-01	8.679543302692530049e-02	2.740983119405814294e-01	2.740983119405814294e-01	2.740983119405814294e-01	4.189563321329539680e-02	4.323279198483109820e-02	1.608685871903610121e-01	2.740983119405814294e-01	2.740983119405814294e-01	1.333261290531199961e-02	2.740983119405814294e-01	2.740983119405814294e-01	1.006574404393699995e-01	2.740983119405814294e-01	2.740983119405814294e-01	2.740983119405814294e-01	2.740983119405814294e-01	2.740983119405814294e-01	9.283188706214380581e-02	2.740983119405814294e-01	1.915524844668470006e-01	2.740983119405814294e-01	2.740983119405814294e-01	2.987153918838670111e-02
2.104157644066129984e-01	4.798109755599939963e-02	8.860751899106110441e-02	1.000000000000000000e+00	2.601521159933830041e-01	2.740983119405814294e-01	2.740983119405814294e-01	2.740983119405814294e-01	2.740983119405814294e-01	2.740983119405814294e-01	2.740983119405814294e-01	2.740983119405814294e-01	2.740983119405814294e-01	4.446530256296710171e-03	2.740983119405814294e-01	2.740983119405814294e-01	2.450627002432720081e-01	2.218601053569990017e-02	2.740983119405814294e-01	1.576825819835770137e-01	2.740983119405814294e-01	2.740983119405814294e-01	2.740983119405814294e-01	1.824532282452940024e-01	2.715560910797700234e-01	2.740983119405814294e-01	2.740983119405814294e-01	1.659326316721450034e-01	2.740983119405814294e-01	2.463058048716819937e-01	2.740983119405814294e-01	2.740983119405814294e-01	1.358330486701750106e-01	2.740983119405814294e-01	2.740983119405814294e-01	1.380080327137060137e-01	2.740983119405814294e-01	2.740983119405814294e-01	2.740983119405814294e-01	2.740983119405814294e-01	1.702201428360969881e-01	2.740983119405814294e-01	2.740983119405814294e-01	2.740983119405814294e-01	2.740983119405814294e-01	2.740983119405814294e-01	9.844821367608240503e-02	2.740983119405814294e-01	2.740983119405814294e-01	2.740983119405814294e-01	2.740983119405814294e-01	2.740983119405814294e-01	2.740983119405814294e-01	2.740983119405814294e-01	1.297465100955740025e-01	2.740983119405814294e-01	2.740983119405814294e-01	2.740983119405814294e-01	1.392149877876769914e-01	2.740983119405814294e-01	2.740983119405814294e-01	2.740983119405814294e-01	2.740983119405814294e-01	2.740983119405814294e-01	2.280084915959020020e-01	2.740983119405814294e-01	1.375314222965419997e-01	1.614716658957049966e-01	2.740983119405814294e-01	2.740983119405814294e-01	2.740983119405814294e-01	2.740983119405814294e-01	2.740983119405814294e-01	1.488585798483499922e-01	1.736081697662979900e-02	2.740983119405814294e-01	1.587885731216870100e-01	2.740983119405814294e-01	9.412541454647689598e-02	2.740983119405814294e-01	1.879798484460359909e-01	1.852613109190809904e-01	1.412212753223049955e-01	2.740983119405814294e-01	2.740983119405814294e-01	2.740983119405814294e-01	1.703042882392629964e-01	1.204335339532759952e-01	2.740983119405814294e-01	2.740983119405814294e-01	2.740983119405814294e-01	2.740983119405814294e-01	2.134029526875370064e-01	2.740983119405814294e-01	1.655971385128970075e-01	1.637678684666930007e-01	1.864817281246390068e-01	2.740983119405814294e-01	1.838410919286619927e-01	2.740983119405814294e-01	2.740983119405814294e-01	5.407048359140829985e-02	1.522420282486849907e-01	2.740983119405814294e-01	2.740983119405814294e-01	2.740983119405814294e-01	2.740983119405814294e-01	2.740983119405814294e-01	1.250548151215009895e-01	2.740983119405814294e-01	2.740983119405814294e-01	2.740983119405814294e-01	2.740983119405814294e-01	2.740983119405814294e-01	7.563033785907820328e-02	2.740983119405814294e-01	2.740983119405814294e-01	2.740983119405814294e-01	2.982697093750559802e-01	2.740983119405814294e-01	2.740983119405814294e-01	2.740983119405814294e-01	2.740983119405814294e-01	2.740983119405814294e-01
2.740983119405814294e-01	2.740983119405814294e-01	2.740983119405814294e-01	2.601521159933830041e-01	1.000000000000000000e+00	2.473630343717319879e-01	2.740983119405814294e-01	3.340183465196189805e-01	2.740983119405814294e-01	2.740983119405814294e-01	2.740983119405814294e-01	2.740983119405814294e-01	2.740983119405814294e-01	2.740983119405814294e-01	2.708667655917250117e-01	4.521144075470079904e-01	3.405427740908569811e-01	2.740983119405814294e-01	3.004678322528659962e-01	2.740983119405814294e-01	2.740983119405814294e-01	2.740983119405814294e-01	2.740983119405814294e-01	2.740983119405814294e-01	4.336276543290080165e-01	2.740983119405814294e-01	2.740983119405814294e-01	2.740983119405814294e-01	2.740983119405814294e-01	2.740983119405814294e-01	1.759798340925859961e-01	2.785727927400200032e-01	2.740983119405814294e-01	2.740983119405814294e-01	2.740983119405814294e-01	2.740983119405814294e-01	2.740983119405814294e-01	3.881031792638380273e-01	2.888744363419989969e-01	2.740983119405814294e-01	2.740983119405814294e-01	1.442646773275780003e-01	2.740983119405814294e-01	2.740983119405814294e-01	2.740983119405814294e-01	2.740983119405814294e-01	2.740983119405814294e-01	2.833132466320649745e-01	2.740983119405814294e-01	1.992681943944769885e-01	2.740983119405814294e-01	2.740983119405814294e-01	2.740983119405814294e-01	2.740983119405814294e-01	2.740983119405814294e-01	2.740983119405814294e-01	2.496027099862180021e-01	2.740983119405814294e-01	2.740983119405814294e-01	2.740983119405814294e-01	2.378186596222529869e-01	2.740983119405814294e-01	2.740983119405814294e-01	2.740983119405814294e-01	3.702592909841380120e-01	2.740983119405814294e-01	2.440555040041569868e-01	2.740983119405814294e-01	2.740983119405814294e-01	2.740983119405814294e-01	2.740983119405814294e-01	2.905995432380549803e-01	2.630270360487499959e-01	2.287340421760259979e-01	2.740983119405814294e-01	2.740983119405814294e-01	2.603052204966039840e-01	2.740983119405814294e-01	2.740983119405814294e-01	2.740983119405814294e-01	2.740983119405814294e-01	2.740983119405814294e-01	2.740983119405814294e-01	1.211242331168719960e-01	2.477883620007589882e-01	2.740983119405814294e-01	2.740983119405814294e-01	1.726123148800799978e-01	2.740983119405814294e-01	2.740983119405814294e-01	1.536963984115959914e-01	2.740983119405814294e-01	2.740983119405814294e-01	2.740983119405814294e-01	3.129018334581740168e-01	2.740983119405814294e-01	3.030385277022479840e-01	2.740983119405814294e-01	2.740983119405814294e-01	2.740983119405814294e-01	2.740983119405814294e-01	2.740983119405814294e-01	2.740983119405814294e-01	2.826805464977040216e-01	3.986845135879180102e-01	2.740983119405814294e-01	2.740983119405814294e-01	1.102813005616640057e-01	2.740983119405814294e-01	2.740983119405814294e-01	2.740983119405814294e-01	2.574176405674630241e-01	2.740983119405814294e-01	1.157948433357459950e-01	2.740983119405814294e-01	2.740983119405814294e-01	2.499259952527299877e-01	2.740983119405814294e-01	3.972141668015879978e-01	2.740983119405814294e-01	2.740983119405814294e-01	2.382500029005880093e-01	2.273119885301209953e-01	2.740983119405814294e-01
1.711842872138180094e-01	2.740983119405814294e-01	2.740983119405814294e-01	2.740983119405814294e-01	2.473630343717319879e-01	1.000000000000000000e+00	2.740983119405814294e-01	2.740983119405814294e-01	2.391994622535250081e-01	2.740983119405814294e-01	2.740983119405814294e-01	2.740983119405814294e-01	2.079983792552559940e-01	2.740983119405814294e-01	2.740983119405814294e-01	2.171621448424939926e-01	2.740983119405814294e-01	2.740983119405814294e-01	2.740983119405814294e-01	1.216097919211389933e-01	2.740983119405814294e-01	1.254557070788759887e-01	2.740983119405814294e-01	2.740983119405814294e-01	2.740983119405814294e-01	2.740983119405814294e-01	2.740983119405814294e-01	1.892627096856210056e-01	2.740983119405814294e-01	1.796200617104879993e-01	1.661240886237189962e-01	2.740983119405814294e-01	2.740983119405814294e-01	2.424411817490129961e-01	2.740983119405814294e-01	2.740983119405814294e-01	2.740983119405814294e-01	2.740983119405814294e-01	2.740983119405814294e-01	2.740983119405814294e-01	2.740983119405814294e-01	1.058292157274060008e-01	2.740983119405814294e-01	2.740983119405814294e-01	2.740983119405814294e-01	2.740983119405814294e-01	2.740983119405814294e-01	2.740983119405814294e-01	2.740983119405814294e-01	2.028308967121290052e-01	2.740983119405814294e-01	2.740983119405814294e-01	2.740983119405814294e-01	2.740983119405814294e-01	2.740983119405814294e-01	2.740983119405814294e-01	1.012990679701760016e-01	2.740983119405814294e-01	2.740983119405814294e-01	2.740983119405814294e-01	9.412098438550929591e-02	2.740983119405814294e-01	2.740983119405814294e-01	2.740983119405814294e-01	2.740983119405814294e-01	2.740983119405814294e-01	2.740983119405814294e-01	2.197170550387269883e-01	1.142949382474510028e-01	8.317786656742949536e-02	2.740983119405814294e-01	2.740983119405814294e-01	9.864534427623100621e-02	2.740983119405814294e-01	2.740983119405814294e-01	2.740983119405814294e-01	2.740983119405814294e-01	2.740983119405814294e-01	2.740983119405814294e-01	2.740983119405814294e-01	2.740983119405814294e-01	2.740983119405814294e-01	2.740983119405814294e-01	1.167443237433229974e-01	2.740983119405814294e-01	2.740983119405814294e-01	2.740983119405814294e-01	9.324571329605080283e-02	2.740983119405814294e-01	2.740983119405814294e-01	2.740983119405814294e-01	2.740983119405814294e-01	1.924199723073400092e-01	9.948229475726899640e-02	2.740983119405814294e-01	9.465186776292240645e-02	2.740983119405814294e-01	1.165960560826150016e-01	2.740983119405814294e-01	2.740983119405814294e-01	1.834521201587439865e-01	2.740983119405814294e-01	2.740983119405814294e-01	2.740983119405814294e-01	2.740983119405814294e-01	2.740983119405814294e-01	2.740983119405814294e-01	2.740983119405814294e-01	1.266541871519629991e-01	2.740983119405814294e-01	2.740983119405814294e-01	1.757315205526530089e-01	2.740983119405814294e-01	2.740983119405814294e-01	2.740983119405814294e-01	2.740983119405814294e-01	2.740983119405814294e-01	2.740983119405814294e-01	2.740983119405814294e-01	1.174719064197420060e-01	2.740983119405814294e-01	2.740983119405814294e-01	2.740983119405814294e-01	2.740983119405814294e-01
2.159797027415089887e-01	2.740983119405814294e-01	1.687007041390989892e-01	2.740983119405814294e-01	2.740983119405814294e-01	2.740983119405814294e-01	1.000000000000000000e+00	4.529237702920230202e-01	2.740983119405814294e-01	2.740983119405814294e-01	2.740983119405814294e-01	2.740983119405814294e-01	2.740983119405814294e-01	2.740983119405814294e-01	2.740983119405814294e-01	2.740983119405814294e-01	2.740983119405814294e-01	2.548404903622290135e-02	2.740983119405814294e-01	2.740983119405814294e-01	7.949376891591310168e-02	2.740983119405814294e-01	2.740983119405814294e-01	2.740983119405814294e-01	2.740983119405814294e-01	2.740983119405814294e-01	2.740983119405814294e-01	1.716401275629740042e-01	1.185383107673669972e-01	2.740983119405814294e-01	2.740983119405814294e-01	2.740983119405814294e-01	1.382225579821269867e-01	1.722795331458419898e-01	2.150717894474210024e-01	2.740983119405814294e-01	2.740983119405814294e-01	2.088911800669379926e-01	2.740983119405814294e-01	2.709432708212530239e-01	2.740983119405814294e-01	1.690066848173870095e-01	2.002507238823700020e-01	1.669078392466800120e-01	2.740983119405814294e-01	2.740983119405814294e-01	2.740983119405814294e-01	1.789028817777819913e-01	2.106337604709500044e-01	1.569347637534329876e-01	1.304476340140079960e-01	1.487675241378539903e-01	2.740983119405814294e-01	2.740983119405814294e-01	2.740983119405814294e-01	2.740983119405814294e-01	1.728399497774399940e-01	2.740983119405814294e-01	2.740983119405814294e-01	1.541564530480669937e-01	2.740983119405814294e-01	2.740983119405814294e-01	1.482572448637909934e-01	2.740983119405814294e-01	2.740983119405814294e-01	1.755661728781550135e-01	1.539896602412139937e-01	2.740983119405814294e-01	2.538621304106549736e-01	1.643624747195339963e-01	2.740983119405814294e-01	2.740983119405814294e-01	2.740983119405814294e-01	2.740983119405814294e-01	2.740983119405814294e-01	2.740983119405814294e-01	2.740983119405814294e-01	2.740983119405814294e-01	2.740983119405814294e-01	2.740983119405814294e-01	2.740983119405814294e-01	1.334942723395189934e-01	1.851959238051429923e-01	1.165494182092520065e-01	2.740983119405814294e-01	2.740983119405814294e-01	1.289034597767839962e-01	1.228929419106469939e-01	2.740983119405814294e-01	2.740983119405814294e-01	2.740983119405814294e-01	2.740983119405814294e-01	2.740983119405814294e-01	2.740983119405814294e-01	2.740983119405814294e-01	2.740983119405814294e-01	2.740983119405814294e-01	2.740983119405814294e-01	2.740983119405814294e-01	2.740983119405814294e-01	2.673015728070040065e-01	2.740983119405814294e-01	2.740983119405814294e-01	2.740983119405814294e-01	2.740983119405814294e-01	2.740983119405814294e-01	2.740983119405814294e-01	6.572182507241400296e-02	2.616441161284460137e-01	2.740983119405814294e-01	1.247784769872870014e-01	2.740983119405814294e-01	2.740983119405814294e-01	2.740983119405814294e-01	2.740983119405814294e-01	2.222287931000279937e-01	2.740983119405814294e-01	2.874841360647429900e-01	2.740983119405814294e-01	1.186415732073130003e-01	2.740983119405814294e-01	2.740983119405814294e-01	2.740983119405814294e-01	2.740983119405814294e-01
2.564803570587360082e-01	2.740983119405814294e-01	2.740983119405814294e-01	2.740983119405814294e-01	3.340183465196189805e-01	2.740983119405814294e-01	4.529237702920230202e-01	1.000000000000000000e+00	2.740983119405814294e-01	2.740983119405814294e-01	2.740983119405814294e-01	2.740983119405814294e-01	2.740983119405814294e-01	5.564992972369560247e-03	2.740983119405814294e-01	2.740983119405814294e-01	2.740983119405814294e-01	2.740983119405814294e-01	2.740983119405814294e-01	2.740983119405814294e-01	2.740983119405814294e-01	2.740983119405814294e-01	2.740983119405814294e-01	2.740983119405814294e-01	2.740983119405814294e-01	2.740983119405814294e-01	2.740983119405814294e-01	2.740983119405814294e-01	1.662805437726919966e-01	2.740983119405814294e-01	2.740983119405814294e-01	2.740983119405814294e-01	2.061465714651939951e-01	1.861791582804339928e-01	2.740983119405814294e-01	2.740983119405814294e-01	2.740983119405814294e-01	2.740983119405814294e-01	2.740983119405814294e-01	2.740983119405814294e-01	2.740983119405814294e-01	1.834003194754590116e-01	2.740983119405814294e-01	2.740983119405814294e-01	2.740983119405814294e-01	2.740983119405814294e-01	2.740983119405814294e-01	2.328071252375270017e-01	2.740983119405814294e-01	2.740983119405814294e-01	2.740983119405814294e-01	1.771391091527290129e-01	2.740983119405814294e-01	1.730434488834340090e-01	2.740983119405814294e-01	2.740983119405814294e-01	2.740983119405814294e-01	2.740983119405814294e-01	1.880196676549359958e-01	2.740983119405814294e-01	1.647148472249579942e-01	2.740983119405814294e-01	2.010960708933879904e-01	2.740983119405814294e-01	2.570483661019909993e-01	2.740983119405814294e-01	2.740983119405814294e-01	2.740983119405814294e-01	3.297460819718979752e-01	2.740983119405814294e-01	2.740983119405814294e-01	2.590402259641090277e-01	1.698759809138009891e-01	2.973305870229219772e-01	1.730534072878549962e-02	1.042202128085110008e-01	2.740983119405814294e-01	2.740983119405814294e-01	2.740983119405814294e-01	1.984959196524349878e-01	2.740983119405814294e-01	2.740983119405814294e-01	2.442508633151539987e-01	1.007759529659439934e-01	2.740983119405814294e-01	2.740983119405814294e-01	2.740983119405814294e-01	2.740983119405814294e-01	2.740983119405814294e-01	2.740983119405814294e-01	1.211270836689520014e-01	2.740983119405814294e-01	2.740983119405814294e-01	2.740983119405814294e-01	1.948212893798030032e-01	1.326518423983379935e-01	2.740983119405814294e-01	2.740983119405814294e-01	2.740983119405814294e-01	2.740983119405814294e-01	2.740983119405814294e-01	6.719191141823339930e-02	2.516671392456599765e-01	2.740983119405814294e-01	2.740983119405814294e-01	3.036810573844980210e-01	2.740983119405814294e-01	8.722339431107560548e-02	2.740983119405814294e-01	2.740983119405814294e-01	2.740983119405814294e-01	2.740983119405814294e-01	2.740983119405814294e-01	1.548035725577590060e-01	2.740983119405814294e-01	2.740983119405814294e-01	2.740983119405814294e-01	2.741438183717179733e-01	2.950304111325040002e-01	2.740983119405814294e-01	2.740983119405814294e-01	2.740983119405814294e-01	2.740983119405814294e-01	2.740983119405814294e-01
3.888894607352140209e-01	9.053836807949509902e-02	1.792948658853910082e-01	2.740983119405814294e-01	2.740983119405814294e-01	2.391994622535250081e-01	2.740983119405814294e-01	2.740983119405814294e-01	1.000000000000000000e+00	3.118138894454099974e-01	2.740983119405814294e-01	9.136672145653200461e-02	2.740983119405814294e-01	2.740983119405814294e-01	2.740983119405814294e-01	2.740983119405814294e-01	2.740983119405814294e-01	3.095505757514540116e-02	2.740983119405814294e-01	2.685373848423450172e-01	2.740983119405814294e-01	3.437393526181660164e-01	2.740983119405814294e-01	2.740983119405814294e-01	2.740983119405814294e-01	3.481191760902520027e-01	3.811695569156189900e-01	2.740983119405814294e-01	2.740983119405814294e-01	3.658935669354380082e-01	2.740983119405814294e-01	2.740983119405814294e-01	2.309137072359510046e-01	2.740983119405814294e-01	2.740983119405814294e-01	2.134230423983959901e-01	3.607463636515719774e-01	2.740983119405814294e-01	3.220082812416190099e-01	4.122814041190520085e-01	2.740983119405814294e-01	2.740983119405814294e-01	2.740983119405814294e-01	2.740983119405814294e-01	2.777937334620830256e-01	2.740983119405814294e-01	2.078173430504419994e-01	2.740983119405814294e-01	2.740983119405814294e-01	1.976242925168180120e-01	3.330763890280690198e-01	2.740983119405814294e-01	2.740983119405814294e-01	2.824743923696900194e-01	2.315340476847690121e-01	2.740983119405814294e-01	2.696075436190419894e-01	2.740983119405814294e-01	2.301162472898120037e-01	3.680439708334130033e-01	2.740983119405814294e-01	2.740983119405814294e-01	2.740983119405814294e-01	2.740983119405814294e-01	2.740983119405814294e-01	2.740983119405814294e-01	3.012750270796529795e-01	2.469384368157029885e-01	2.740983119405814294e-01	2.191696347569699888e-01	2.740983119405814294e-01	2.740983119405814294e-01	2.740983119405814294e-01	2.740983119405814294e-01	2.918430868257640073e-02	2.740983119405814294e-01	2.740983119405814294e-01	2.740983119405814294e-01	2.740983119405814294e-01	2.740983119405814294e-01	2.740983119405814294e-01	3.112273874253200234e-01	2.740983119405814294e-01	2.740983119405814294e-01	2.740983119405814294e-01	2.740983119405814294e-01	2.740983119405814294e-01	2.740983119405814294e-01	1.000000000000000048e-04	2.740983119405814294e-01	2.740983119405814294e-01	2.740983119405814294e-01	2.740983119405814294e-01	2.331854727188640009e-01	2.740983119405814294e-01	2.740983119405814294e-01	2.740983119405814294e-01	3.184287319734679933e-01	3.451904286925550069e-01	4.113122883837480037e-01	2.740983119405814294e-01	2.740983119405814294e-01	2.936312133446680184e-01	2.641933411145970245e-01	3.755510647263269886e-01	3.088633140130819799e-01	2.740983119405814294e-01	2.740983119405814294e-01	2.227209476088559958e-01	2.740983119405814294e-01	2.740983119405814294e-01	2.740983119405814294e-01	2.740983119405814294e-01	1.389956511003420103e-01	2.740983119405814294e-01	2.740983119405814294e-01	2.740983119405814294e-01	2.740983119405814294e-01	4.387912331008890221e-01	2.740983119405814294e-01	2.740983119405814294e-01	2.740983119405814294e-01	2.740983119405814294e-01	3.145038613759850166e-01
2.740983119405814294e-01	2.740983119405814294e-01	2.740983119405814294e-01	2.740983119405814294e-01	2.740983119405814294e-01	2.740983119405814294e-01	2.740983119405814294e-01	2.740983119405814294e-01	3.118138894454099974e-01	1.000000000000000000e+00	2.384238813933790002e-01	1.568092425294649872e-01	2.740983119405814294e-01	2.740983119405814294e-01	2.740983119405814294e-01	2.740983119405814294e-01	2.740983119405814294e-01	2.740983119405814294e-01	2.740983119405814294e-01	1.126526253891979995e-01	2.740983119405814294e-01	9.250476115019640178e-02	2.740983119405814294e-01	2.914145157988189960e-01	2.740983119405814294e-01	1.239968851174459985e-01	2.740983119405814294e-01	2.251663211939030074e-01	7.187681833324580105e-02	2.021779953374910066e-01	2.118168417684060112e-01	2.740983119405814294e-01	7.059935510090760424e-02	2.740983119405814294e-01	2.740983119405814294e-01	2.740983119405814294e-01	2.740983119405814294e-01	2.094720756790409977e-01	7.992521810253229442e-02	2.341478092664329991e-01	2.740983119405814294e-01	2.414731721138070053e-01	2.740983119405814294e-01	8.315829392310210288e-02	2.740983119405814294e-01	2.740983119405814294e-01	2.740983119405814294e-01	2.740983119405814294e-01	2.698424072053510203e-01	2.740983119405814294e-01	8.085982836752389491e-02	2.740983119405814294e-01	2.740983119405814294e-01	2.740983119405814294e-01	2.740983119405814294e-01	2.508865566084970133e-01	9.726909700479860477e-02	2.740983119405814294e-01	2.740983119405814294e-01	2.740983119405814294e-01	7.355725113184999331e-02	2.740983119405814294e-01	2.740983119405814294e-01	2.740983119405814294e-01	2.740983119405814294e-01	2.740983119405814294e-01	2.740983119405814294e-01	2.740983119405814294e-01	1.094384561473349948e-01	2.740983119405814294e-01	2.740983119405814294e-01	2.740983119405814294e-01	2.740983119405814294e-01	2.740983119405814294e-01	2.740983119405814294e-01	2.740983119405814294e-01	2.740983119405814294e-01	9.767971295076480209e-02	2.740983119405814294e-01	2.740983119405814294e-01	2.740983119405814294e-01	8.212750766234369615e-02	2.740983119405814294e-01	2.542148619587489833e-01	2.740983119405814294e-01	8.220678971194360363e-02	9.295649800554089959e-02	2.740983119405814294e-01	1.000000000000000048e-04	3.112200631354110070e-01	2.740983119405814294e-01	2.740983119405814294e-01	2.740983119405814294e-01	8.490043880478520544e-02	7.695173481013820038e-02	5.910230367547589930e-02	2.023445948141620043e-01	2.740983119405814294e-01	9.227211599927069574e-02	2.740983119405814294e-01	2.740983119405814294e-01	2.740983119405814294e-01	2.740983119405814294e-01	2.740983119405814294e-01	9.915739956491599616e-02	2.740983119405814294e-01	2.740983119405814294e-01	2.740983119405814294e-01	2.740983119405814294e-01	2.740983119405814294e-01	2.740983119405814294e-01	2.740983119405814294e-01	2.740983119405814294e-01	2.281963760158310095e-01	2.327140034837600069e-01	1.206462914405739967e-01	2.740983119405814294e-01	2.740983119405814294e-01	1.812719729139559977e-01	2.740983119405814294e-01	2.273922455605560111e-01	2.740983119405814294e-01	2.740983119405814294e-01	2.740983119405814294e-01
5.161429300743419768e-01	9.642580109222330387e-02	2.740983119405814294e-01	2.740983119405814294e-01	2.740983119405814294e-01	2.740983119405814294e-01	2.740983119405814294e-01	2.740983119405814294e-01	2.740983119405814294e-01	2.384238813933790002e-01	1.000000000000000000e+00	2.740983119405814294e-01	2.740983119405814294e-01	2.740983119405814294e-01	2.740983119405814294e-01	3.461259145645410040e-01	3.119460046433489842e-01	2.740983119405814294e-01	2.740983119405814294e-01	2.740983119405814294e-01	2.740983119405814294e-01	2.740983119405814294e-01	2.740983119405814294e-01	2.740983119405814294e-01	2.740983119405814294e-01	4.774405451590730265e-01	2.740983119405814294e-01	2.740983119405814294e-01	3.514282220043700167e-01	3.669024283411900234e-01	2.740983119405814294e-01	2.740983119405814294e-01	2.740983119405814294e-01	2.740983119405814294e-01	3.904300508233040090e-01	3.419884041975799760e-01	2.740983119405814294e-01	3.913960173086579730e-01	2.740983119405814294e-01	4.589971442070829855e-01	2.740983119405814294e-01	2.740983119405814294e-01	2.740983119405814294e-01	2.740983119405814294e-01	3.922720461539659920e-01	2.740983119405814294e-01	2.740983119405814294e-01	2.740983119405814294e-01	2.740983119405814294e-01	2.740983119405814294e-01	4.185380453523980249e-01	2.740983119405814294e-01	3.518005896703479962e-01	2.740983119405814294e-01	3.281204619290860047e-01	2.740983119405814294e-01	2.740983119405814294e-01	5.075425553775699816e-01	3.267872829315939809e-01	2.740983119405814294e-01	2.740983119405814294e-01	2.740983119405814294e-01	2.740983119405814294e-01	2.740983119405814294e-01	3.814118342498389880e-01	2.740983119405814294e-01	2.740983119405814294e-01	2.740983119405814294e-01	3.706428889928050086e-01	2.740983119405814294e-01	2.740983119405814294e-01	2.740983119405814294e-01	4.087936146476279786e-01	2.740983119405814294e-01	1.979428783865970140e-02	9.856644471276840291e-02	3.617921154556489882e-01	4.085531732797160198e-01	2.213623237397739918e-01	4.756909411677009980e-01	4.804047798093600274e-01	2.740983119405814294e-01	3.524303733848250242e-01	2.740983119405814294e-01	2.740983119405814294e-01	4.777889885646510182e-01	4.320487724449429967e-01	2.789204715892870112e-01	2.740983119405814294e-01	2.740983119405814294e-01	2.740983119405814294e-01	2.740983119405814294e-01	2.740983119405814294e-01	2.740983119405814294e-01	4.828416802625840054e-01	2.740983119405814294e-01	2.740983119405814294e-01	2.740983119405814294e-01	5.044583580416900359e-01	2.740983119405814294e-01	2.740983119405814294e-01	2.740983119405814294e-01	2.740983119405814294e-01	2.740983119405814294e-01	5.132721456713990049e-01	2.740983119405814294e-01	2.740983119405814294e-01	2.740983119405814294e-01	2.740983119405814294e-01	2.639944565150300071e-01	2.740983119405814294e-01	2.740983119405814294e-01	1.944502667560600029e-01	2.740983119405814294e-01	2.740983119405814294e-01	2.740983119405814294e-01	3.531028314071329999e-01	2.740983119405814294e-01	2.740983119405814294e-01	2.740983119405814294e-01	1.091401047230580040e-01	3.647672785115059768e-01	2.740983119405814294e-01	2.740983119405814294e-01
2.740983119405814294e-01	1.503089239904910057e-01	2.740983119405814294e-01	2.740983119405814294e-01	2.740983119405814294e-01	2.740983119405814294e-01	2.740983119405814294e-01	2.740983119405814294e-01	9.136672145653200461e-02	1.568092425294649872e-01	2.740983119405814294e-01	1.000000000000000000e+00	2.740983119405814294e-01	2.740983119405814294e-01	1.207299235466779974e-02	4.901627211326770039e-02	6.152201653395539954e-02	1.203428716562110062e-01	2.740983119405814294e-01	2.740983119405814294e-01	2.740983119405814294e-01	2.740983119405814294e-01	2.740983119405814294e-01	2.740983119405814294e-01	2.740983119405814294e-01	2.740983119405814294e-01	2.740983119405814294e-01	2.740983119405814294e-01	2.740983119405814294e-01	2.740983119405814294e-01	2.740983119405814294e-01	7.505487238169839675e-03	2.740983119405814294e-01	2.740983119405814294e-01	2.740983119405814294e-01	2.740983119405814294e-01	2.740983119405814294e-01	2.740983119405814294e-01	2.740983119405814294e-01	2.740983119405814294e-01	8.689035542378270235e-03	2.740983119405814294e-01	2.628441548798950145e-02	2.740983119405814294e-01	2.740983119405814294e-01	2.740983119405814294e-01	2.740983119405814294e-01	2.740983119405814294e-01	2.740983119405814294e-01	2.740983119405814294e-01	1.445890880185000081e-02	2.132043937660769994e-02	6.582553484522260523e-02	2.740983119405814294e-01	2.740983119405814294e-01	2.296185584799279866e-01	2.740983119405814294e-01	2.740983119405814294e-01	2.740983119405814294e-01	1.566117327718220126e-02	6.224647466008069625e-03	2.740983119405814294e-01	2.740983119405814294e-01	1.652467673777759938e-01	2.740983119405814294e-01	2.740983119405814294e-01	2.740983119405814294e-01	2.740983119405814294e-01	2.740983119405814294e-01	2.740983119405814294e-01	1.187126400571720045e-02	2.740983119405814294e-01	2.740983119405814294e-01	2.740983119405814294e-01	2.740983119405814294e-01	2.377347226376989864e-01	2.740983119405814294e-01	2.740983119405814294e-01	2.740983119405814294e-01	2.740983119405814294e-01	2.057416106579380149e-02	2.740983119405814294e-01	8.607624770130800629e-03	2.740983119405814294e-01	9.144296805569910799e-03	1.049572568150130072e-02	2.740983119405814294e-01	7.979449635508910690e-03	2.740983119405814294e-01	2.740983119405814294e-01	2.019022181457829912e-01	2.740983119405814294e-01	3.389552130772469779e-02	2.740983119405814294e-01	2.740983119405814294e-01	6.291658489545100090e-03	4.234765442542939851e-02	2.740983119405814294e-01	1.156108964062129915e-02	2.740983119405814294e-01	2.558139196504780055e-02	2.740983119405814294e-01	2.740983119405814294e-01	2.740983119405814294e-01	2.740983119405814294e-01	1.693030412757360118e-02	2.740983119405814294e-01	2.137167954017060029e-02	2.740983119405814294e-01	2.740983119405814294e-01	4.915887837858520272e-03	4.043011385005070013e-02	8.916813885603740164e-02	2.740983119405814294e-01	5.123911163002009550e-01	2.740983119405814294e-01	1.457300804819510083e-02	2.740983119405814294e-01	2.740983119405814294e-01	2.740983119405814294e-01	2.740983119405814294e-01	2.740983119405814294e-01	6.378276175155069699e-03	1.216969558897530029e-02
