9.999999999999990008e-01	5.540109491238952577e-01	5.540109491238952577e-01	5.540109491238952577e-01	5.540109491238952577e-01	5.540109491238952577e-01	5.540109491238952577e-01	5.540109491238952577e-01	5.540109491238952577e-01	5.540109491238952577e-01	6.016740228455550454e-01	5.540109491238952577e-01	5.540109491238952577e-01	5.540109491238952577e-01	5.959814785945970472e-01	5.540109491238952577e-01	5.540109491238952577e-01	5.540109491238952577e-01	5.540109491238952577e-01	5.540109491238952577e-01	5.540109491238952577e-01	5.540109491238952577e-01	5.540109491238952577e-01	5.540109491238952577e-01	5.981078345174329902e-01	6.154236185655970193e-01	5.540109491238952577e-01	6.194369575166179809e-01	5.810817144650010091e-01	5.540109491238952577e-01	5.540109491238952577e-01	5.540109491238952577e-01	5.687158938359010429e-01	5.540109491238952577e-01	5.540109491238952577e-01	5.540109491238952577e-01	5.540109491238952577e-01	6.021070927490459468e-01	5.540109491238952577e-01	5.540109491238952577e-01	6.301608502667509493e-01	5.540109491238952577e-01	5.540109491238952577e-01	5.680367128119230280e-01	5.540109491238952577e-01	5.540109491238952577e-01	5.622998248397630405e-01	5.540109491238952577e-01	5.540109491238952577e-01	5.540109491238952577e-01	5.540109491238952577e-01	5.436296463834350279e-01	5.540109491238952577e-01	5.283483188349059612e-01	5.540109491238952577e-01	5.540109491238952577e-01	5.540109491238952577e-01	5.540109491238952577e-01	5.540109491238952577e-01	5.540109491238952577e-01	5.540109491238952577e-01	5.688918088971850473e-01	6.345877762999080351e-01	5.540109491238952577e-01	5.540109491238952577e-01	5.540109491238952577e-01	5.540109491238952577e-01	5.540109491238952577e-01	5.540109491238952577e-01	5.540109491238952577e-01	5.540109491238952577e-01	5.540109491238952577e-01	5.540109491238952577e-01	5.540109491238952577e-01	5.157253494219410372e-01	5.535841023483429879e-01	5.540109491238952577e-01	5.540109491238952577e-01	5.540109491238952577e-01	5.540109491238952577e-01	5.540109491238952577e-01	5.540109491238952577e-01	5.540109491238952577e-01	5.540109491238952577e-01	5.540109491238952577e-01	5.540109491238952577e-01	5.771835269248649647e-01	5.540109491238952577e-01	5.540109491238952577e-01	5.540109491238952577e-01	5.540109491238952577e-01	5.082896186726250098e-01	5.540109491238952577e-01	5.031099769830329471e-01	5.540109491238952577e-01	4.961340410067899831e-01	5.540109491238952577e-01	5.358280287147190180e-01	5.540109491238952577e-01	5.540109491238952577e-01	5.063539560576379994e-01	5.281588586117970108e-01	5.540109491238952577e-01	5.540109491238952577e-01	5.540109491238952577e-01	5.285453344634669648e-01	5.540109491238952577e-01	5.540109491238952577e-01	5.697566479762979919e-01	5.406250573323919673e-01	5.540109491238952577e-01	5.540109491238952577e-01	5.540109491238952577e-01	5.540109491238952577e-01	5.540109491238952577e-01	7.447686350571940395e-01	5.540109491238952577e-01	7.269134232056869704e-01	5.540109491238952577e-01	5.540109491238952577e-01	5.540109491238952577e-01	5.540109491238952577e-01	5.540109491238952577e-01	5.540109491238952577e-01
5.540109491238952577e-01	9.999999999999990008e-01	5.540109491238952577e-01	5.540109491238952577e-01	5.939821430943329483e-01	5.540109491238952577e-01	5.733834862331610438e-01	5.540109491238952577e-01	5.540109491238952577e-01	5.540109491238952577e-01	5.540109491238952577e-01	5.540109491238952577e-01	5.540109491238952577e-01	5.540109491238952577e-01	5.540109491238952577e-01	5.540109491238952577e-01	5.540109491238952577e-01	4.921223014668439921e-01	5.540109491238952577e-01	5.540109491238952577e-01	5.317651968727420408e-01	5.842803285149350545e-01	5.540109491238952577e-01	5.540109491238952577e-01	5.540109491238952577e-01	5.540109491238952577e-01	5.464109348681419620e-01	5.952376082706279936e-01	5.488770437634009625e-01	5.848281344122929770e-01	5.540109491238952577e-01	5.540109491238952577e-01	5.262133848249630486e-01	5.540109491238952577e-01	5.540109491238952577e-01	5.540109491238952577e-01	5.540109491238952577e-01	5.540109491238952577e-01	5.749189541906729595e-01	5.540109491238952577e-01	6.097057742481409859e-01	5.300850117834620123e-01	5.540109491238952577e-01	5.540109491238952577e-01	5.540109491238952577e-01	5.540109491238952577e-01	5.540109491238952577e-01	5.540109491238952577e-01	5.817231730168910264e-01	5.540109491238952577e-01	5.940395055310370154e-01	5.443106918396289906e-01	5.540109491238952577e-01	5.540109491238952577e-01	5.601236171663600549e-01	5.540109491238952577e-01	5.710162783813079734e-01	5.540109491238952577e-01	5.315151531762399850e-01	5.540109491238952577e-01	5.540109491238952577e-01	5.540109491238952577e-01	5.970618140297380139e-01	5.540109491238952577e-01	5.540109491238952577e-01	5.540109491238952577e-01	5.422199686936040042e-01	5.489674269459210443e-01	5.540109491238952577e-01	5.540109491238952577e-01	5.540109491238952577e-01	5.863076450755400071e-01	5.540109491238952577e-01	5.540109491238952577e-01	5.540109491238952577e-01	5.540109491238952577e-01	5.540109491238952577e-01	5.540109491238952577e-01	5.540109491238952577e-01	5.540109491238952577e-01	5.766624688806339938e-01	5.540109491238952577e-01	5.540109491238952577e-01	5.540109491238952577e-01	5.543922659585940327e-01	5.540109491238952577e-01	5.540109491238952577e-01	5.461712047365060441e-01	5.540109491238952577e-01	5.385250399026250134e-01	5.540109491238952577e-01	5.540109491238952577e-01	5.540109491238952577e-01	5.540109491238952577e-01	5.540109491238952577e-01	5.047899721548130270e-01	5.540109491238952577e-01	5.540109491238952577e-01	5.540109491238952577e-01	5.659882507834079757e-01	5.540109491238952577e-01	5.397021316763089827e-01	5.293994659796460445e-01	5.540109491238952577e-01	5.316038437391650273e-01	5.314592178561120539e-01	5.540109491238952577e-01	5.540109491238952577e-01	5.270566529492439756e-01	5.540109491238952577e-01	5.835104871860899989e-01	5.540109491238952577e-01	5.732317117866649880e-01	5.790201078984049676e-01	5.540109491238952577e-01	5.540109491238952577e-01	5.540109491238952577e-01	5.540109491238952577e-01	6.955565200510139823e-01	5.540109491238952577e-01	5.540109491238952577e-01	6.152814284145909918e-01	6.125716055222449885e-01	5.540109491238952577e-01
5.540109491238952577e-01	5.540109491238952577e-01	1.000000000000000000e+00	5.540109491238952577e-01	5.703697954910730283e-01	5.540109491238952577e-01	5.540109491238952577e-01	6.015352447032900063e-01	5.540109491238952577e-01	5.983310685239020543e-01	5.540109491238952577e-01	5.710151651690670294e-01	5.540109491238952577e-01	4.995741972200529735e-01	5.540109491238952577e-01	5.540109491238952577e-01	5.540109491238952577e-01	5.540109491238952577e-01	5.560440493482320390e-01	5.540109491238952577e-01	5.540109491238952577e-01	5.540109491238952577e-01	5.540109491238952577e-01	5.900777635067570026e-01	5.540109491238952577e-01	5.540109491238952577e-01	5.662251997077180077e-01	5.827769808244830374e-01	5.540109491238952577e-01	5.703963290644540329e-01	5.540109491238952577e-01	5.540109491238952577e-01	5.540109491238952577e-01	5.540109491238952577e-01	5.540109491238952577e-01	5.540109491238952577e-01	5.540109491238952577e-01	5.758158877996779612e-01	5.799224211111669858e-01	5.633295408168960128e-01	5.540109491238952577e-01	5.540109491238952577e-01	5.724089610169109665e-01	5.540109491238952577e-01	5.540109491238952577e-01	5.540109491238952577e-01	5.540109491238952577e-01	5.540109491238952577e-01	5.540109491238952577e-01	5.540109491238952577e-01	5.540109491238952577e-01	5.540109491238952577e-01	5.059266047952619694e-01	5.540109491238952577e-01	5.540109491238952577e-01	5.540109491238952577e-01	5.522026373997670490e-01	5.269567463991049472e-01	5.404375008107940026e-01	5.464249655341120171e-01	5.540109491238952577e-01	5.540109491238952577e-01	5.540109491238952577e-01	5.540109491238952577e-01	5.178069658106270179e-01	5.540109491238952577e-01	5.540109491238952577e-01	5.540109491238952577e-01	5.540109491238952577e-01	5.426328438364219631e-01	5.540109491238952577e-01	5.540109491238952577e-01	5.540109491238952577e-01	5.540109491238952577e-01	5.540109491238952577e-01	5.311695806429449496e-01	5.540109491238952577e-01	5.540109491238952577e-01	5.540109491238952577e-01	5.373193163164390329e-01	5.540109491238952577e-01	5.540109491238952577e-01	5.540109491238952577e-01	5.834545703857000332e-01	5.540109491238952577e-01	5.540109491238952577e-01	5.540109491238952577e-01	5.553830298404770494e-01	5.540109491238952577e-01	5.540109491238952577e-01	5.540109491238952577e-01	5.540109491238952577e-01	5.540109491238952577e-01	5.540109491238952577e-01	5.540109491238952577e-01	5.540109491238952577e-01	5.540109491238952577e-01	5.137306526908680393e-01	5.540109491238952577e-01	5.540109491238952577e-01	5.540109491238952577e-01	5.540109491238952577e-01	5.540109491238952577e-01	5.051596189581339935e-01	5.540109491238952577e-01	5.287656036715060459e-01	5.540109491238952577e-01	5.540109491238952577e-01	5.484306294259799763e-01	5.540109491238952577e-01	5.540109491238952577e-01	5.540109491238952577e-01	5.452874044228209760e-01	5.540109491238952577e-01	5.540109491238952577e-01	5.540109491238952577e-01	5.540109491238952577e-01	7.291294620921470182e-01	5.540109491238952577e-01	5.540109491238952577e-01	5.540109491238952577e-01	5.540109491238952577e-01	5.540109491238952577e-01	5.540109491238952577e-01
5.540109491238952577e-01	5.540109491238952577e-01	5.540109491238952577e-01	9.999999999999980016e-01	5.540109491238952577e-01	4.815073774829479736e-01	5.540109491238952577e-01	5.540109491238952577e-01	5.540109491238952577e-01	5.540109491238952577e-01	4.930025479854149850e-01	5.540109491238952577e-01	5.540109491238952577e-01	5.540109491238952577e-01	5.540109491238952577e-01	5.540109491238952577e-01	5.540109491238952577e-01	5.834183234309650024e-01	5.540109491238952577e-01	5.540109491238952577e-01	5.758557649351380148e-01	5.540109491238952577e-01	5.540109491238952577e-01	5.540109491238952577e-01	4.780813543116450015e-01	5.302007099176719862e-01	5.540109491238952577e-01	5.540109491238952577e-01	5.540109491238952577e-01	5.540109491238952577e-01	5.540109491238952577e-01	5.540109491238952577e-01	5.204646709400529980e-01	5.540109491238952577e-01	5.540109491238952577e-01	5.540109491238952577e-01	5.540109491238952577e-01	5.540109491238952577e-01	6.037475253596840119e-01	5.540109491238952577e-01	5.095132570595239940e-01	5.540109491238952577e-01	5.540109491238952577e-01	5.540109491238952577e-01	5.246466166014850385e-01	5.540109491238952577e-01	5.540109491238952577e-01	4.961213879475599997e-01	5.540109491238952577e-01	5.540109491238952577e-01	5.540109491238952577e-01	5.540109491238952577e-01	5.540109491238952577e-01	5.540109491238952577e-01	4.945023859694540058e-01	5.242319842426089727e-01	5.384023231826999822e-01	5.028571856287989972e-01	5.540109491238952577e-01	5.540109491238952577e-01	5.540109491238952577e-01	5.540109491238952577e-01	5.540109491238952577e-01	5.540109491238952577e-01	5.540109491238952577e-01	5.616105594774990495e-01	5.540109491238952577e-01	5.569695105649840050e-01	5.540109491238952577e-01	5.540109491238952577e-01	5.540109491238952577e-01	5.540109491238952577e-01	4.886055116411049948e-01	5.540109491238952577e-01	5.517522517609699806e-01	5.540109491238952577e-01	5.540109491238952577e-01	5.355725419994850078e-01	5.151213051741709847e-01	5.540109491238952577e-01	5.042650013762870476e-01	5.540109491238952577e-01	5.540109491238952577e-01	4.948045588478410250e-01	5.540109491238952577e-01	5.540109491238952577e-01	5.540109491238952577e-01	5.540109491238952577e-01	5.540109491238952577e-01	5.540109491238952577e-01	5.540109491238952577e-01	5.540109491238952577e-01	4.850209171826069809e-01	5.540109491238952577e-01	5.540109491238952577e-01	5.540109491238952577e-01	5.379984406618030235e-01	5.540109491238952577e-01	5.447281745775980344e-01	5.264291996950849484e-01	5.540109491238952577e-01	4.910440389735700184e-01	4.842905362803420211e-01	5.540109491238952577e-01	5.540109491238952577e-01	5.540109491238952577e-01	5.003845432241870173e-01	5.540109491238952577e-01	5.709687677330209654e-01	4.919056561960429841e-01	5.336979319035829450e-01	5.540109491238952577e-01	5.540109491238952577e-01	5.460260122749239775e-01	5.540109491238952577e-01	5.540109491238952577e-01	5.424687776954090213e-01	5.540109491238952577e-01	5.540109491238952577e-01	5.540109491238952577e-01	5.540109491238952577e-01	5.116541980911489818e-01	5.540109491238952577e-01	5.540109491238952577e-01
5.540109491238952577e-01	5.939821430943329483e-01	5.703697954910730283e-01	5.540109491238952577e-01	9.999999999999970024e-01	5.540109491238952577e-01	5.540109491238952577e-01	5.540109491238952577e-01	5.540109491238952577e-01	5.540109491238952577e-01	5.540109491238952577e-01	5.540109491238952577e-01	5.540109491238952577e-01	5.540109491238952577e-01	5.540109491238952577e-01	5.464008110733939994e-01	5.540109491238952577e-01	5.540109491238952577e-01	5.540109491238952577e-01	5.540109491238952577e-01	5.540109491238952577e-01	5.540109491238952577e-01	6.206184678871670135e-01	5.540109491238952577e-01	5.540109491238952577e-01	5.540109491238952577e-01	4.677806649032609787e-01	5.540109491238952577e-01	5.540109491238952577e-01	5.540109491238952577e-01	5.540109491238952577e-01	5.046407614970139788e-01	4.573731867475809842e-01	5.407287813547020372e-01	5.206386056332470424e-01	5.540109491238952577e-01	5.540109491238952577e-01	5.540109491238952577e-01	5.540109491238952577e-01	4.761269193855079962e-01	5.554401048869560542e-01	5.540109491238952577e-01	5.540109491238952577e-01	5.540109491238952577e-01	4.369924407036849812e-01	5.540109491238952577e-01	5.540109491238952577e-01	5.772613774095359807e-01	5.540109491238952577e-01	5.540109491238952577e-01	5.540109491238952577e-01	5.540109491238952577e-01	5.540109491238952577e-01	5.435117875668350473e-01	5.540109491238952577e-01	5.540109491238952577e-01	5.540109491238952577e-01	4.860189083647299957e-01	5.540109491238952577e-01	5.077603739381509884e-01	5.540109491238952577e-01	5.089216119210570044e-01	5.540109491238952577e-01	5.540109491238952577e-01	4.754074532280900267e-01	5.540109491238952577e-01	4.961581040637950135e-01	5.516151271249409849e-01	5.540109491238952577e-01	5.540109491238952577e-01	5.540109491238952577e-01	5.741097237906229722e-01	5.540109491238952577e-01	5.540109491238952577e-01	5.154301876080550349e-01	5.540109491238952577e-01	5.540109491238952577e-01	5.540109491238952577e-01	5.663441298289549897e-01	5.540109491238952577e-01	5.540109491238952577e-01	5.540109491238952577e-01	5.540109491238952577e-01	5.540109491238952577e-01	5.540109491238952577e-01	5.540109491238952577e-01	5.540109491238952577e-01	5.540109491238952577e-01	6.368853542604040463e-01	5.540109491238952577e-01	5.853571994769379838e-01	5.540109491238952577e-01	5.540109491238952577e-01	5.540109491238952577e-01	5.540109491238952577e-01	5.270571262289229786e-01	5.658200638935509952e-01	5.540109491238952577e-01	5.540109491238952577e-01	5.540109491238952577e-01	6.184452450466429996e-01	5.540109491238952577e-01	5.540109491238952577e-01	4.704092625143940221e-01	5.786078271545349594e-01	5.311262999796829698e-01	5.540109491238952577e-01	5.540109491238952577e-01	5.540109491238952577e-01	5.540109491238952577e-01	5.540109491238952577e-01	5.417780566942600462e-01	5.540109491238952577e-01	5.404298303885189947e-01	5.405251739961129953e-01	6.137219472750300442e-01	5.479657553694780026e-01	5.540109491238952577e-01	5.540109491238952577e-01	5.540109491238952577e-01	5.773410116727759611e-01	5.540109491238952577e-01	5.540109491238952577e-01	5.540109491238952577e-01
5.540109491238952577e-01	5.540109491238952577e-01	5.540109491238952577e-01	4.815073774829479736e-01	5.540109491238952577e-01	9.999999999999980016e-01	5.741148839918279734e-01	5.540109491238952577e-01	5.540109491238952577e-01	5.540109491238952577e-01	5.540109491238952577e-01	6.233246037553119567e-01	5.540109491238952577e-01	5.540109491238952577e-01	5.181813491371529690e-01	5.540109491238952577e-01	5.528489635910109889e-01	4.474054086127409735e-01	5.540109491238952577e-01	5.540109491238952577e-01	5.476237457357120419e-01	5.540109491238952577e-01	5.540109491238952577e-01	5.134028941719950279e-01	5.540109491238952577e-01	5.540109491238952577e-01	4.615966608903980251e-01	5.540109491238952577e-01	5.540109491238952577e-01	5.540109491238952577e-01	5.093839225373330004e-01	4.923766506585420255e-01	4.643549887246830044e-01	5.540109491238952577e-01	5.130711698822739697e-01	5.540109491238952577e-01	5.540109491238952577e-01	5.540109491238952577e-01	5.149391440666120090e-01	5.540109491238952577e-01	4.893675549781960066e-01	5.771527970198689905e-01	5.540109491238952577e-01	5.564635495931460341e-01	5.540109491238952577e-01	5.540109491238952577e-01	4.708239561455250244e-01	5.540109491238952577e-01	5.540109491238952577e-01	5.540109491238952577e-01	5.540109491238952577e-01	6.131380023253339973e-01	5.540109491238952577e-01	5.540109491238952577e-01	5.547041993045449537e-01	5.540109491238952577e-01	5.540109491238952577e-01	5.540109491238952577e-01	5.540109491238952577e-01	5.540109491238952577e-01	5.540109491238952577e-01	5.540109491238952577e-01	5.540109491238952577e-01	5.540109491238952577e-01	4.628968431761260049e-01	5.891933343989790295e-01	4.764568646613869807e-01	5.540109491238952577e-01	5.189707717008660293e-01	5.540109491238952577e-01	5.540109491238952577e-01	5.540109491238952577e-01	5.540109491238952577e-01	5.463930896541240312e-01	5.540109491238952577e-01	5.540109491238952577e-01	5.540109491238952577e-01	5.619084244762080349e-01	6.013393291628009729e-01	5.540109491238952577e-01	5.540109491238952577e-01	4.767914149367920018e-01	5.540109491238952577e-01	5.540109491238952577e-01	5.540109491238952577e-01	5.540109491238952577e-01	5.540109491238952577e-01	5.540109491238952577e-01	5.540109491238952577e-01	5.630659905347979999e-01	6.057870267934819530e-01	5.640080245271299475e-01	5.540109491238952577e-01	4.480785508290719976e-01	5.540109491238952577e-01	5.540109491238952577e-01	6.040274386458149847e-01	5.150793425266629866e-01	5.540109491238952577e-01	5.540109491238952577e-01	5.540109491238952577e-01	5.540109491238952577e-01	5.540109491238952577e-01	5.540109491238952577e-01	5.705457518887330215e-01	5.540109491238952577e-01	6.097607687302010193e-01	5.540109491238952577e-01	5.540109491238952577e-01	5.540109491238952577e-01	4.838299362476790044e-01	5.540109491238952577e-01	5.374640837811509586e-01	5.540109491238952577e-01	5.540109491238952577e-01	5.540109491238952577e-01	5.415912650570049447e-01	5.540109491238952577e-01	5.747183840615990302e-01	5.540109491238952577e-01	5.540109491238952577e-01	5.540109491238952577e-01	5.540109491238952577e-01	5.540109491238952577e-01
5.540109491238952577e-01	5.733834862331610438e-01	5.540109491238952577e-01	5.540109491238952577e-01	5.540109491238952577e-01	5.741148839918279734e-01	9.999999999999990008e-01	6.585516588426280071e-01	5.540109491238952577e-01	5.540109491238952577e-01	5.540109491238952577e-01	5.540109491238952577e-01	5.540109491238952577e-01	5.326715077055570458e-01	5.433633323031960005e-01	5.291538103527799741e-01	5.269516725292240356e-01	4.796691191458949954e-01	4.790666539215620023e-01	5.540109491238952577e-01	5.540109491238952577e-01	5.540109491238952577e-01	5.540109491238952577e-01	5.141653491010740318e-01	5.540109491238952577e-01	5.540109491238952577e-01	5.540109491238952577e-01	5.753933176799750360e-01	5.540109491238952577e-01	5.540109491238952577e-01	5.540109491238952577e-01	5.540109491238952577e-01	5.540109491238952577e-01	5.363489443503990373e-01	5.540109491238952577e-01	4.535449607680420159e-01	5.540109491238952577e-01	5.540109491238952577e-01	5.145658726076419720e-01	4.847114406355459981e-01	5.540109491238952577e-01	5.540109491238952577e-01	5.540109491238952577e-01	5.540109491238952577e-01	5.540109491238952577e-01	5.662215192603530234e-01	4.872005857359599790e-01	5.540109491238952577e-01	5.318077852564110364e-01	5.540109491238952577e-01	5.540109491238952577e-01	5.540109491238952577e-01	5.540109491238952577e-01	5.540109491238952577e-01	5.540109491238952577e-01	5.540109491238952577e-01	5.651114720489629484e-01	5.540109491238952577e-01	4.984341729476750027e-01	5.540109491238952577e-01	5.540109491238952577e-01	5.540109491238952577e-01	5.540109491238952577e-01	5.540109491238952577e-01	5.540109491238952577e-01	5.540109491238952577e-01	5.540109491238952577e-01	5.540109491238952577e-01	5.244475013319369605e-01	5.540109491238952577e-01	5.540109491238952577e-01	5.427279500542540047e-01	5.540109491238952577e-01	5.540109491238952577e-01	5.540109491238952577e-01	5.540109491238952577e-01	5.540109491238952577e-01	5.540109491238952577e-01	5.540109491238952577e-01	5.111994788085949537e-01	6.559918617963960141e-01	5.540109491238952577e-01	4.954188952061219786e-01	5.540109491238952577e-01	5.540109491238952577e-01	5.540109491238952577e-01	5.540109491238952577e-01	5.540109491238952577e-01	5.540109491238952577e-01	5.540109491238952577e-01	5.540109491238952577e-01	5.401666914835520084e-01	5.023519977485400023e-01	4.618832650339990131e-01	5.540109491238952577e-01	5.540109491238952577e-01	5.540109491238952577e-01	5.540109491238952577e-01	5.435162163346769493e-01	5.540109491238952577e-01	6.150291683637739704e-01	5.540109491238952577e-01	5.540109491238952577e-01	5.540109491238952577e-01	5.540109491238952577e-01	5.540109491238952577e-01	5.581553824562850430e-01	5.540109491238952577e-01	5.540109491238952577e-01	5.540109491238952577e-01	5.540109491238952577e-01	5.540109491238952577e-01	5.540109491238952577e-01	5.540109491238952577e-01	5.540109491238952577e-01	5.540109491238952577e-01	5.540109491238952577e-01	5.895582454613770285e-01	5.540109491238952577e-01	5.572668837575039946e-01	5.540109491238952577e-01	5.540109491238952577e-01	5.540109491238952577e-01	5.958212026932070415e-01
5.540109491238952577e-01	5.540109491238952577e-01	6.015352447032900063e-01	5.540109491238952577e-01	5.540109491238952577e-01	5.540109491238952577e-01	6.585516588426280071e-01	1.000000000000000000e+00	5.540109491238952577e-01	5.540109491238952577e-01	5.540109491238952577e-01	6.132648130905330452e-01	5.540109491238952577e-01	5.540109491238952577e-01	5.540109491238952577e-01	5.540109491238952577e-01	5.540109491238952577e-01	5.540109491238952577e-01	5.540109491238952577e-01	5.540109491238952577e-01	5.540109491238952577e-01	5.540109491238952577e-01	6.669503161331580277e-01	5.540109491238952577e-01	6.630356227478150233e-01	5.540109491238952577e-01	5.540109491238952577e-01	5.540109491238952577e-01	5.540109491238952577e-01	5.540109491238952577e-01	5.818367585530029862e-01	5.540109491238952577e-01	5.135018384527370028e-01	5.540109491238952577e-01	5.540109491238952577e-01	4.992457795436590073e-01	5.540109491238952577e-01	5.540109491238952577e-01	5.540109491238952577e-01	5.540109491238952577e-01	5.751767585511919911e-01	5.540109491238952577e-01	5.540109491238952577e-01	5.540109491238952577e-01	5.540109491238952577e-01	5.540109491238952577e-01	5.064749141928609477e-01	5.540109491238952577e-01	5.540109491238952577e-01	5.540109491238952577e-01	5.771157644444969703e-01	5.540109491238952577e-01	4.756309166733870275e-01	5.540109491238952577e-01	5.540109491238952577e-01	5.121333432241079731e-01	5.483890851077349859e-01	5.540109491238952577e-01	5.540109491238952577e-01	5.540109491238952577e-01	5.412163114701850075e-01	5.540109491238952577e-01	5.540109491238952577e-01	5.540109491238952577e-01	5.540109491238952577e-01	5.540109491238952577e-01	5.653582466649810234e-01	5.540109491238952577e-01	5.540109491238952577e-01	5.540109491238952577e-01	5.540109491238952577e-01	5.540109491238952577e-01	5.224930102451950109e-01	5.540109491238952577e-01	5.540109491238952577e-01	5.238001961891930458e-01	5.540109491238952577e-01	5.540109491238952577e-01	5.293242844251719870e-01	5.168147560298039789e-01	5.540109491238952577e-01	5.370688815320190379e-01	5.540109491238952577e-01	5.540109491238952577e-01	5.540109491238952577e-01	5.367956161293020445e-01	5.474120612830459809e-01	5.540109491238952577e-01	6.466895331274880032e-01	5.540109491238952577e-01	5.674821279977659838e-01	5.055105163423140313e-01	4.539221030037879911e-01	5.540109491238952577e-01	4.846216961149629743e-01	5.540109491238952577e-01	5.540109491238952577e-01	5.086041359654179805e-01	5.017140678370429763e-01	5.352555763723709781e-01	5.540109491238952577e-01	5.540109491238952577e-01	4.992690191626720231e-01	5.540109491238952577e-01	5.127650592717919453e-01	5.540109491238952577e-01	5.540109491238952577e-01	5.540109491238952577e-01	5.540109491238952577e-01	5.540109491238952577e-01	5.607181459402910129e-01	5.540109491238952577e-01	5.540109491238952577e-01	5.540109491238952577e-01	5.678584690794949985e-01	5.540109491238952577e-01	5.758310264038819515e-01	5.540109491238952577e-01	5.540109491238952577e-01	5.540109491238952577e-01	4.964687579558390018e-01	5.540109491238952577e-01	5.540109491238952577e-01	5.540109491238952577e-01
5.540109491238952577e-01	5.540109491238952577e-01	5.540109491238952577e-01	5.540109491238952577e-01	5.540109491238952577e-01	5.540109491238952577e-01	5.540109491238952577e-01	5.540109491238952577e-01	1.000000000000000000e+00	5.540109491238952577e-01	5.540109491238952577e-01	5.540109491238952577e-01	5.540109491238952577e-01	5.540109491238952577e-01	6.020900100665950161e-01	5.540109491238952577e-01	5.153281656629019603e-01	4.795296007857000053e-01	5.540109491238952577e-01	5.540109491238952577e-01	5.540109491238952577e-01	5.540109491238952577e-01	5.540109491238952577e-01	5.790442588412709757e-01	6.644488700704850315e-01	5.852549056414749762e-01	5.410830977901179839e-01	5.540109491238952577e-01	5.540109491238952577e-01	5.818669886360330334e-01	5.540109491238952577e-01	5.540109491238952577e-01	5.540109491238952577e-01	5.540109491238952577e-01	5.426965127177769688e-01	5.540109491238952577e-01	5.648508365945119625e-01	5.540109491238952577e-01	5.540109491238952577e-01	5.540109491238952577e-01	5.540109491238952577e-01	5.540109491238952577e-01	5.540109491238952577e-01	5.540109491238952577e-01	5.540109491238952577e-01	5.540109491238952577e-01	5.540109491238952577e-01	5.540109491238952577e-01	5.689413730195890251e-01	5.395139415511049918e-01	5.540109491238952577e-01	5.540109491238952577e-01	5.540109491238952577e-01	5.540109491238952577e-01	5.540109491238952577e-01	5.540109491238952577e-01	5.540109491238952577e-01	5.540109491238952577e-01	5.540109491238952577e-01	5.189952188800840416e-01	5.540109491238952577e-01	5.540109491238952577e-01	5.540109491238952577e-01	5.280923141170089652e-01	5.540109491238952577e-01	5.540109491238952577e-01	5.540109491238952577e-01	5.523366654794440445e-01	5.540109491238952577e-01	5.252918504225809748e-01	5.067062644756059608e-01	5.540109491238952577e-01	5.540109491238952577e-01	5.624873027406279702e-01	5.088014371762109578e-01	5.540109491238952577e-01	6.160648290054919762e-01	5.540109491238952577e-01	5.390699282566600026e-01	5.193199049769769982e-01	5.540109491238952577e-01	5.540109491238952577e-01	5.540109491238952577e-01	6.023749538246340185e-01	5.540109491238952577e-01	5.540109491238952577e-01	5.540109491238952577e-01	5.540109491238952577e-01	5.540109491238952577e-01	5.309171602668220080e-01	5.540109491238952577e-01	5.540109491238952577e-01	5.540109491238952577e-01	5.540109491238952577e-01	5.540109491238952577e-01	5.540109491238952577e-01	5.280688062551950335e-01	5.540109491238952577e-01	5.021233690964469476e-01	5.314326813028740215e-01	5.540109491238952577e-01	5.540109491238952577e-01	5.540109491238952577e-01	5.540109491238952577e-01	5.540109491238952577e-01	5.540109491238952577e-01	5.540109491238952577e-01	5.540109491238952577e-01	5.540109491238952577e-01	5.209210670614510263e-01	5.540109491238952577e-01	5.540109491238952577e-01	5.540109491238952577e-01	5.426855470946599924e-01	5.540109491238952577e-01	6.049731344878199746e-01	5.540109491238952577e-01	5.992576446433940385e-01	5.540109491238952577e-01	6.280470751808330254e-01	4.868535473668669789e-01	5.540109491238952577e-01	5.540109491238952577e-01	5.540109491238952577e-01
5.540109491238952577e-01	5.540109491238952577e-01	5.983310685239020543e-01	5.540109491238952577e-01	5.540109491238952577e-01	5.540109491238952577e-01	5.540109491238952577e-01	5.540109491238952577e-01	5.540109491238952577e-01	1.000000000000000000e+00	5.540109491238952577e-01	5.540109491238952577e-01	5.540109491238952577e-01	4.726937639269769842e-01	5.540109491238952577e-01	5.540109491238952577e-01	5.540109491238952577e-01	4.705383010100990249e-01	5.407957403257730444e-01	5.540109491238952577e-01	5.540109491238952577e-01	5.674646341373900116e-01	5.540109491238952577e-01	5.540109491238952577e-01	5.540109491238952577e-01	5.540109491238952577e-01	5.540109491238952577e-01	5.540109491238952577e-01	5.540109491238952577e-01	5.540109491238952577e-01	5.540109491238952577e-01	5.540109491238952577e-01	5.540109491238952577e-01	5.809523754562400111e-01	5.540109491238952577e-01	5.540109491238952577e-01	5.540109491238952577e-01	5.540109491238952577e-01	5.540109491238952577e-01	5.540109491238952577e-01	5.540109491238952577e-01	5.227776691127440367e-01	5.610824890700339962e-01	5.241237141295880253e-01	5.540109491238952577e-01	5.540109491238952577e-01	5.047564732285080291e-01	5.540109491238952577e-01	5.540109491238952577e-01	5.540109491238952577e-01	5.540109491238952577e-01	5.540109491238952577e-01	5.540109491238952577e-01	5.037870610064629773e-01	5.540109491238952577e-01	5.074247212949469787e-01	5.540109491238952577e-01	5.540109491238952577e-01	5.540109491238952577e-01	5.540109491238952577e-01	5.540109491238952577e-01	5.278660371583310251e-01	5.540109491238952577e-01	5.540109491238952577e-01	5.162540610521080264e-01	5.540109491238952577e-01	5.540109491238952577e-01	5.408266431181499856e-01	4.935960229335760174e-01	5.540109491238952577e-01	5.540109491238952577e-01	5.540109491238952577e-01	5.225569329847189470e-01	5.540109491238952577e-01	4.880636419005919824e-01	5.540109491238952577e-01	5.540109491238952577e-01	5.540109491238952577e-01	5.540109491238952577e-01	5.165819074101809516e-01	5.540109491238952577e-01	5.356029003220630358e-01	5.540109491238952577e-01	5.540109491238952577e-01	5.540109491238952577e-01	5.540109491238952577e-01	5.432942520279080423e-01	5.540109491238952577e-01	5.540109491238952577e-01	5.540109491238952577e-01	5.595989195878530165e-01	5.540109491238952577e-01	4.585276782109010130e-01	4.650577669007620041e-01	4.638003192534699837e-01	4.789380490405290014e-01	5.540109491238952577e-01	5.540109491238952577e-01	5.000207708502270032e-01	5.540109491238952577e-01	5.540109491238952577e-01	5.540109491238952577e-01	5.540109491238952577e-01	5.540109491238952577e-01	5.540109491238952577e-01	5.540109491238952577e-01	5.540109491238952577e-01	5.540109491238952577e-01	5.540109491238952577e-01	5.230528974165420397e-01	5.540109491238952577e-01	5.540109491238952577e-01	5.255570926420719546e-01	5.540109491238952577e-01	5.604173770485419981e-01	5.540109491238952577e-01	5.865837955136430359e-01	5.540109491238952577e-01	5.540109491238952577e-01	5.540109491238952577e-01	5.540109491238952577e-01	5.540109491238952577e-01	6.240095472929420017e-01	5.540109491238952577e-01
6.016740228455550454e-01	5.540109491238952577e-01	5.540109491238952577e-01	4.930025479854149850e-01	5.540109491238952577e-01	5.540109491238952577e-01	5.540109491238952577e-01	5.540109491238952577e-01	5.540109491238952577e-01	5.540109491238952577e-01	1.000000000000000000e+00	5.540109491238952577e-01	5.540109491238952577e-01	5.540109491238952577e-01	5.540109491238952577e-01	5.540109491238952577e-01	5.540109491238952577e-01	5.540109491238952577e-01	5.132402900613499686e-01	5.540109491238952577e-01	5.540109491238952577e-01	5.540109491238952577e-01	5.711683359080680367e-01	5.540109491238952577e-01	5.739276428517570139e-01	6.347919387660759805e-01	5.163825619059040362e-01	5.540109491238952577e-01	5.540109491238952577e-01	5.433288522986640112e-01	5.540109491238952577e-01	5.540109491238952577e-01	5.540109491238952577e-01	5.540109491238952577e-01	5.540109491238952577e-01	5.540109491238952577e-01	5.540109491238952577e-01	5.540109491238952577e-01	5.540109491238952577e-01	5.540109491238952577e-01	5.261105615388189660e-01	5.540109491238952577e-01	5.540109491238952577e-01	5.540109491238952577e-01	5.540109491238952577e-01	5.540109491238952577e-01	5.540109491238952577e-01	5.540109491238952577e-01	5.540109491238952577e-01	5.507726854828850493e-01	5.540109491238952577e-01	5.540109491238952577e-01	5.540109491238952577e-01	5.540109491238952577e-01	5.540109491238952577e-01	5.540109491238952577e-01	5.540109491238952577e-01	5.540109491238952577e-01	5.540109491238952577e-01	5.540109491238952577e-01	5.540109491238952577e-01	5.592744220319210147e-01	5.950285997891400225e-01	5.540109491238952577e-01	5.540109491238952577e-01	5.867864798223150213e-01	5.540109491238952577e-01	5.878859935142459747e-01	5.540109491238952577e-01	5.499947155422729717e-01	5.540109491238952577e-01	5.540109491238952577e-01	5.540109491238952577e-01	5.505649894060730132e-01	5.226565730727139591e-01	5.540109491238952577e-01	5.540109491238952577e-01	5.540109491238952577e-01	5.540109491238952577e-01	5.540109491238952577e-01	5.540109491238952577e-01	5.540109491238952577e-01	5.540109491238952577e-01	5.540109491238952577e-01	5.540109491238952577e-01	5.048485761901100322e-01	5.540109491238952577e-01	5.540109491238952577e-01	6.221463395182209588e-01	5.519543113901500542e-01	5.773720451882089488e-01	5.540109491238952577e-01	5.026273080949770211e-01	5.540109491238952577e-01	5.540109491238952577e-01	5.540109491238952577e-01	5.449276456169359628e-01	5.407442190727490550e-01	5.540109491238952577e-01	5.868684076146190032e-01	5.459399738516880207e-01	5.352038755014190130e-01	5.540109491238952577e-01	4.887019673586889823e-01	5.360194035385229538e-01	5.540109491238952577e-01	5.540109491238952577e-01	5.540109491238952577e-01	5.015078059165900548e-01	5.540109491238952577e-01	5.004648820616069971e-01	5.647459414225369789e-01	5.540109491238952577e-01	5.540109491238952577e-01	5.540109491238952577e-01	5.540109491238952577e-01	5.540109491238952577e-01	5.540109491238952577e-01	6.144616591203599931e-01	5.540109491238952577e-01	5.408923469925409622e-01	5.953169623062859461e-01	5.540109491238952577e-01	5.540109491238952577e-01
5.540109491238952577e-01	5.540109491238952577e-01	5.710151651690670294e-01	5.540109491238952577e-01	5.540109491238952577e-01	6.233246037553119567e-01	5.540109491238952577e-01	6.132648130905330452e-01	5.540109491238952577e-01	5.540109491238952577e-01	5.540109491238952577e-01	1.000000000000000000e+00	5.540109491238952577e-01	5.540109491238952577e-01	5.445384700479950491e-01	5.540109491238952577e-01	5.159049036935430266e-01	5.540109491238952577e-01	5.011120226538160471e-01	6.423816953710429489e-01	5.540109491238952577e-01	5.182189599442470485e-01	5.540109491238952577e-01	5.092952110291010248e-01	5.540109491238952577e-01	5.540109491238952577e-01	4.672177282732080106e-01	5.540109491238952577e-01	5.540109491238952577e-01	5.283630879729269703e-01	5.540109491238952577e-01	4.964786996815159781e-01	5.540109491238952577e-01	5.540109491238952577e-01	5.540109491238952577e-01	5.540109491238952577e-01	5.540109491238952577e-01	5.540109491238952577e-01	5.067778612296249818e-01	5.540109491238952577e-01	5.308591583307169515e-01	5.540109491238952577e-01	5.829754574389020005e-01	5.540109491238952577e-01	5.540109491238952577e-01	5.540109491238952577e-01	5.540109491238952577e-01	5.540109491238952577e-01	5.540109491238952577e-01	5.540109491238952577e-01	5.540109491238952577e-01	5.540109491238952577e-01	5.540109491238952577e-01	5.540109491238952577e-01	5.540109491238952577e-01	5.630685221202870183e-01	5.540109491238952577e-01	5.540109491238952577e-01	4.938312853423310056e-01	4.924002522543399762e-01	5.540109491238952577e-01	5.540109491238952577e-01	5.540109491238952577e-01	5.540109491238952577e-01	5.540109491238952577e-01	5.540109491238952577e-01	4.857722417285569860e-01	5.606346043067850227e-01	5.540109491238952577e-01	5.759987772647969795e-01	5.652438456961109692e-01	5.540109491238952577e-01	5.540109491238952577e-01	5.540109491238952577e-01	5.540109491238952577e-01	5.706306578484630077e-01	6.546212298746769687e-01	5.290958718817869721e-01	5.727043400911040472e-01	5.540109491238952577e-01	6.713332811203780448e-01	5.540109491238952577e-01	5.540109491238952577e-01	5.541492133139089837e-01	5.540109491238952577e-01	5.782651696005529640e-01	5.840688714511990121e-01	5.540109491238952577e-01	5.540109491238952577e-01	5.540109491238952577e-01	6.149874782508849558e-01	5.575454393058929536e-01	5.540109491238952577e-01	5.540109491238952577e-01	5.523510198585389608e-01	5.540109491238952577e-01	5.894595251774880085e-01	5.540109491238952577e-01	5.540109491238952577e-01	5.540109491238952577e-01	6.133854928334200318e-01	5.540109491238952577e-01	5.553903236760560080e-01	4.539982593558770096e-01	5.880204686365749778e-01	5.476096498141329594e-01	5.540109491238952577e-01	5.540109491238952577e-01	5.540109491238952577e-01	5.540109491238952577e-01	5.540109491238952577e-01	5.353827891028439812e-01	5.540109491238952577e-01	5.540109491238952577e-01	5.540109491238952577e-01	5.540109491238952577e-01	5.540109491238952577e-01	5.540109491238952577e-01	6.163006840487510463e-01	5.750065124513540349e-01	5.540109491238952577e-01	6.599103077074409684e-01	5.540109491238952577e-01	5.540109491238952577e-01
