1.000000000000000000e+00	2.000000000000000111e-01	2.751048322930095824e-01	2.751048322930095824e-01	2.751048322930095824e-01	2.500000000000000000e-01	1.131386861313870007e-01	3.629032258064520122e-01	3.632812500000000000e-01	3.195266272189349888e-01	2.751048322930095824e-01	3.765432098765429947e-01	2.751048322930095824e-01	2.751048322930095824e-01	2.751048322930095824e-01	2.751048322930095824e-01	2.751048322930095824e-01	2.751048322930095824e-01	3.692946058091289840e-01	2.751048322930095824e-01	3.429394812680119919e-01	2.751048322930095824e-01	3.323262839879150277e-01	2.751048322930095824e-01	3.254237288135590211e-01	2.751048322930095824e-01	2.751048322930095824e-01	2.751048322930095824e-01	2.751048322930095824e-01	2.751048322930095824e-01	2.751048322930095824e-01	2.751048322930095824e-01	2.751048322930095824e-01	3.322259136212620256e-01	2.751048322930095824e-01	2.751048322930095824e-01	2.751048322930095824e-01	1.985559566786999908e-01	2.751048322930095824e-01	3.507246376811590238e-01	2.751048322930095824e-01	2.751048322930095824e-01	2.751048322930095824e-01	2.751048322930095824e-01	2.751048322930095824e-01	2.751048322930095824e-01	2.751048322930095824e-01	2.751048322930095824e-01	2.751048322930095824e-01	2.751048322930095824e-01	2.751048322930095824e-01	2.751048322930095824e-01	2.751048322930095824e-01	2.751048322930095824e-01	3.180076628352490054e-01	2.751048322930095824e-01	2.751048322930095824e-01	2.751048322930095824e-01	2.751048322930095824e-01	1.955719557195569891e-01	1.336405529953919868e-01	2.751048322930095824e-01	2.751048322930095824e-01	2.751048322930095824e-01	4.176706827309240033e-01	2.751048322930095824e-01	2.751048322930095824e-01	2.751048322930095824e-01	2.206148282097649960e-01	2.751048322930095824e-01	2.751048322930095824e-01	2.500000000000000000e-01	2.751048322930095824e-01	2.751048322930095824e-01	1.572327044025159937e-01	2.751048322930095824e-01	2.751048322930095824e-01	2.751048322930095824e-01	2.115942028985509926e-01	2.751048322930095824e-01	2.751048322930095824e-01	1.081081081081079927e-02	2.751048322930095824e-01	2.751048322930095824e-01	2.751048322930095824e-01	1.909090909090910004e-01	2.751048322930095824e-01	1.933962264150939914e-01	1.703056768558950107e-01	2.751048322930095824e-01	2.751048322930095824e-01	2.751048322930095824e-01	2.026666666666669947e-01	1.960784313725489891e-01	2.730496453900709830e-01	2.751048322930095824e-01	2.751048322930095824e-01	2.751048322930095824e-01	2.812500000000000000e-01	2.708933717579249945e-01	2.192982456140349923e-01	2.751048322930095824e-01	2.751048322930095824e-01	5.597014925373130501e-01	1.479999999999999927e-01	2.962962962962960023e-01	2.751048322930095824e-01	2.751048322930095824e-01	2.751048322930095824e-01	3.483870967741939939e-01	2.751048322930095824e-01	3.154761904761900215e-01	3.409961685823750255e-01	2.751048322930095824e-01	2.751048322930095824e-01	2.751048322930095824e-01	2.853535353535350261e-01	2.751048322930095824e-01	2.751048322930095824e-01	2.751048322930095824e-01	2.751048322930095824e-01	2.751048322930095824e-01	2.652329749103939927e-01	2.751048322930095824e-01
2.000000000000000111e-01	1.000000000000000000e+00	2.142857142857139963e-01	2.692307692307689959e-01	2.861635220125789969e-01	2.751048322930095824e-01	2.751048322930095824e-01	2.751048322930095824e-01	1.838440111420610035e-01	2.055427251732100113e-01	1.931818181818180102e-01	2.751048322930095824e-01	2.751048322930095824e-01	2.751048322930095824e-01	2.751048322930095824e-01	2.751048322930095824e-01	2.751048322930095824e-01	2.751048322930095824e-01	1.600000000000000033e-01	2.751048322930095824e-01	2.751048322930095824e-01	1.965601965601969925e-01	2.579075425790749998e-01	2.751048322930095824e-01	2.751048322930095824e-01	2.751048322930095824e-01	2.751048322930095824e-01	2.751048322930095824e-01	2.751048322930095824e-01	2.704545454545450034e-01	2.751048322930095824e-01	3.163265306122450271e-01	2.751048322930095824e-01	2.751048322930095824e-01	3.008595988538679822e-01	2.751048322930095824e-01	2.751048322930095824e-01	1.826086956521739968e-01	2.597087378640779987e-01	2.431192660550459961e-01	2.751048322930095824e-01	2.751048322930095824e-01	2.812500000000000000e-01	2.751048322930095824e-01	3.697674418604650071e-01	2.751048322930095824e-01	2.751048322930095824e-01	2.751048322930095824e-01	2.751048322930095824e-01	2.751048322930095824e-01	2.751048322930095824e-01	2.751048322930095824e-01	2.751048322930095824e-01	2.751048322930095824e-01	2.751048322930095824e-01	2.412587412587409996e-01	2.710526315789469898e-01	2.751048322930095824e-01	2.751048322930095824e-01	2.751048322930095824e-01	2.751048322930095824e-01	2.751048322930095824e-01	2.751048322930095824e-01	2.751048322930095824e-01	1.594594594594589965e-01	2.751048322930095824e-01	2.751048322930095824e-01	2.751048322930095824e-01	2.751048322930095824e-01	2.751048322930095824e-01	2.751048322930095824e-01	4.627329192546579817e-01	2.751048322930095824e-01	2.751048322930095824e-01	2.751048322930095824e-01	2.751048322930095824e-01	2.300884955752210137e-01	2.751048322930095824e-01	2.751048322930095824e-01	4.263157894736839815e-01	2.751048322930095824e-01	3.816793893129769976e-03	2.751048322930095824e-01	2.751048322930095824e-01	2.751048322930095824e-01	2.751048322930095824e-01	2.751048322930095824e-01	2.791208791208790174e-01	2.751048322930095824e-01	2.751048322930095824e-01	2.751048322930095824e-01	2.751048322930095824e-01	2.751048322930095824e-01	2.751048322930095824e-01	2.116991643454040062e-01	2.455696202531650052e-01	2.751048322930095824e-01	1.320224719101119881e-01	2.891246684350129992e-01	2.751048322930095824e-01	2.751048322930095824e-01	2.077562326869810128e-01	2.751048322930095824e-01	2.751048322930095824e-01	2.751048322930095824e-01	1.700507614213200014e-01	2.751048322930095824e-01	1.818181818181819898e-01	2.751048322930095824e-01	2.319201995012470097e-01	2.751048322930095824e-01	2.751048322930095824e-01	2.751048322930095824e-01	2.751048322930095824e-01	2.751048322930095824e-01	2.751048322930095824e-01	2.751048322930095824e-01	2.751048322930095824e-01	2.751048322930095824e-01	1.829573934837090132e-01	2.751048322930095824e-01	2.751048322930095824e-01	2.751048322930095824e-01	2.751048322930095824e-01
2.751048322930095824e-01	2.142857142857139963e-01	1.000000000000000000e+00	2.751048322930095824e-01	2.751048322930095824e-01	2.751048322930095824e-01	2.751048322930095824e-01	5.047169811320759703e-01	3.636363636363639795e-01	3.058103975535170216e-01	4.380530973451329801e-01	2.751048322930095824e-01	2.751048322930095824e-01	2.751048322930095824e-01	2.751048322930095824e-01	2.751048322930095824e-01	2.751048322930095824e-01	2.751048322930095824e-01	3.347639484978540136e-01	2.751048322930095824e-01	2.751048322930095824e-01	2.751048322930095824e-01	3.927392739273929956e-01	2.751048322930095824e-01	4.645669291338579976e-01	3.353846153846150036e-01	2.751048322930095824e-01	2.751048322930095824e-01	3.498233215547699726e-01	2.782369146005509997e-01	2.751048322930095824e-01	1.060606060606059942e-01	2.506459948320409747e-01	3.498233215547699726e-01	2.508710801393729817e-01	2.751048322930095824e-01	2.751048322930095824e-01	2.751048322930095824e-01	2.751048322930095824e-01	2.751048322930095824e-01	1.741935483870969970e-01	2.751048322930095824e-01	2.751048322930095824e-01	2.714285714285710194e-01	2.443324937027709920e-01	2.251908396946560031e-01	2.751048322930095824e-01	2.751048322930095824e-01	3.511450381679390165e-01	2.751048322930095824e-01	2.751048322930095824e-01	3.285714285714290139e-01	2.751048322930095824e-01	2.751048322930095824e-01	2.751048322930095824e-01	2.751048322930095824e-01	4.109090909090910015e-01	2.751048322930095824e-01	2.751048322930095824e-01	2.751048322930095824e-01	1.127450980392159935e-01	2.751048322930095824e-01	3.622047244094490082e-01	2.751048322930095824e-01	2.751048322930095824e-01	2.842892768079799959e-01	2.751048322930095824e-01	1.871921182266010064e-01	2.751048322930095824e-01	2.751048322930095824e-01	2.751048322930095824e-01	2.751048322930095824e-01	2.751048322930095824e-01	2.751048322930095824e-01	2.751048322930095824e-01	2.751048322930095824e-01	2.751048322930095824e-01	2.887537993920969992e-01	2.751048322930095824e-01	2.751048322930095824e-01	2.751048322930095824e-01	2.751048322930095824e-01	2.767527675276750254e-01	2.034883720930230067e-01	2.751048322930095824e-01	1.911764705882350035e-01	2.751048322930095824e-01	2.751048322930095824e-01	2.751048322930095824e-01	2.751048322930095824e-01	2.751048322930095824e-01	3.333333333333329818e-01	2.100840336134449926e-01	2.751048322930095824e-01	3.333333333333329818e-01	3.367003367003369996e-01	3.215547703180209882e-01	2.751048322930095824e-01	4.270072992700730263e-01	2.751048322930095824e-01	2.751048322930095824e-01	2.751048322930095824e-01	2.751048322930095824e-01	2.751048322930095824e-01	2.751048322930095824e-01	2.751048322930095824e-01	2.751048322930095824e-01	2.751048322930095824e-01	2.751048322930095824e-01	2.751048322930095824e-01	2.751048322930095824e-01	2.751048322930095824e-01	2.929687500000000000e-01	2.751048322930095824e-01	2.474576271186439969e-01	2.751048322930095824e-01	2.628865979381440066e-01	2.751048322930095824e-01	2.751048322930095824e-01	2.751048322930095824e-01	2.751048322930095824e-01	2.751048322930095824e-01	2.751048322930095824e-01	2.751048322930095824e-01
2.751048322930095824e-01	2.692307692307689959e-01	2.751048322930095824e-01	1.000000000000000000e+00	2.751048322930095824e-01	2.751048322930095824e-01	2.751048322930095824e-01	2.751048322930095824e-01	3.241590214067279763e-01	3.250000000000000111e-01	3.209876543209880251e-01	2.751048322930095824e-01	2.751048322930095824e-01	2.995049504950489938e-01	2.751048322930095824e-01	2.303206997084550067e-01	2.751048322930095824e-01	2.578616352201260065e-01	2.751048322930095824e-01	2.751048322930095824e-01	3.715710723192020004e-01	2.751048322930095824e-01	2.751048322930095824e-01	2.751048322930095824e-01	2.751048322930095824e-01	3.948051948051949922e-01	2.751048322930095824e-01	2.751048322930095824e-01	2.751048322930095824e-01	2.751048322930095824e-01	2.751048322930095824e-01	2.751048322930095824e-01	3.220720720720720021e-01	3.002680965147450087e-01	2.554347826086960094e-01	3.306878306878309748e-01	2.295081967213110086e-01	2.751048322930095824e-01	2.751048322930095824e-01	2.761020881670530058e-01	2.751048322930095824e-01	2.751048322930095824e-01	2.751048322930095824e-01	2.751048322930095824e-01	2.866379310344829845e-01	2.751048322930095824e-01	2.751048322930095824e-01	2.751048322930095824e-01	3.246376811594199885e-01	2.751048322930095824e-01	2.751048322930095824e-01	2.751048322930095824e-01	1.465798045602610122e-01	2.751048322930095824e-01	2.751048322930095824e-01	2.751048322930095824e-01	2.751048322930095824e-01	2.751048322930095824e-01	2.751048322930095824e-01	2.142857142857139963e-01	1.301369863013699946e-01	2.751048322930095824e-01	2.865329512893979858e-01	2.751048322930095824e-01	3.529411764705879806e-01	2.751048322930095824e-01	2.751048322930095824e-01	2.751048322930095824e-01	3.154246100519930152e-01	2.751048322930095824e-01	2.751048322930095824e-01	2.751048322930095824e-01	2.751048322930095824e-01	2.893081761006289776e-01	2.751048322930095824e-01	3.743961352656999808e-01	2.751048322930095824e-01	2.751048322930095824e-01	2.751048322930095824e-01	2.751048322930095824e-01	2.751048322930095824e-01	2.751048322930095824e-01	2.751048322930095824e-01	2.751048322930095824e-01	2.751048322930095824e-01	2.751048322930095824e-01	2.751048322930095824e-01	2.751048322930095824e-01	2.751048322930095824e-01	2.751048322930095824e-01	2.751048322930095824e-01	2.751048322930095824e-01	2.751048322930095824e-01	3.119533527696790043e-01	2.751048322930095824e-01	3.513513513513509823e-01	2.751048322930095824e-01	2.724458204334370137e-01	2.751048322930095824e-01	2.751048322930095824e-01	2.751048322930095824e-01	2.751048322930095824e-01	2.751048322930095824e-01	2.751048322930095824e-01	2.751048322930095824e-01	3.400000000000000244e-01	2.751048322930095824e-01	2.751048322930095824e-01	3.274111675126900045e-01	2.751048322930095824e-01	2.751048322930095824e-01	3.316455696202529890e-01	2.751048322930095824e-01	2.751048322930095824e-01	2.751048322930095824e-01	4.043715846994540009e-01	3.446712018140590250e-01	2.751048322930095824e-01	2.751048322930095824e-01	3.114754098360659751e-01	2.751048322930095824e-01	2.751048322930095824e-01	2.751048322930095824e-01	2.751048322930095824e-01
2.751048322930095824e-01	2.861635220125789969e-01	2.751048322930095824e-01	2.751048322930095824e-01	1.000000000000000000e+00	2.619808306709269785e-01	2.751048322930095824e-01	2.751048322930095824e-01	2.030651340996169896e-01	2.751048322930095824e-01	2.751048322930095824e-01	1.709401709401709990e-01	2.751048322930095824e-01	2.751048322930095824e-01	2.751048322930095824e-01	2.751048322930095824e-01	2.751048322930095824e-01	2.751048322930095824e-01	2.751048322930095824e-01	2.751048322930095824e-01	2.751048322930095824e-01	2.751048322930095824e-01	2.751048322930095824e-01	2.751048322930095824e-01	2.751048322930095824e-01	2.751048322930095824e-01	2.751048322930095824e-01	2.322834645669289988e-01	1.806451612903229864e-01	2.140921409214089910e-01	3.873873873873869833e-01	2.751048322930095824e-01	2.751048322930095824e-01	1.844660194174760071e-01	2.751048322930095824e-01	1.779141104294479914e-01	1.821428571428569954e-01	2.751048322930095824e-01	2.179104477611940038e-01	1.743869209809260079e-01	2.751048322930095824e-01	2.348993288590600081e-01	2.751048322930095824e-01	2.751048322930095824e-01	2.751048322930095824e-01	1.090909090909090023e-01	2.751048322930095824e-01	2.751048322930095824e-01	1.496598639455780089e-01	1.612903225806449903e-01	2.751048322930095824e-01	2.751048322930095824e-01	2.751048322930095824e-01	2.751048322930095824e-01	2.751048322930095824e-01	1.960784313725489891e-01	2.196721311475409999e-01	2.751048322930095824e-01	1.563636363636360105e-01	2.751048322930095824e-01	2.751048322930095824e-01	1.924686192468620105e-01	1.578947368421050046e-01	2.751048322930095824e-01	2.751048322930095824e-01	2.751048322930095824e-01	1.736111111111109939e-01	2.751048322930095824e-01	2.751048322930095824e-01	1.250000000000000000e-01	2.751048322930095824e-01	2.286689419795220057e-01	2.751048322930095824e-01	2.751048322930095824e-01	2.751048322930095824e-01	1.780104712041880033e-01	2.751048322930095824e-01	2.751048322930095824e-01	2.751048322930095824e-01	2.751048322930095824e-01	2.055837563451780037e-01	1.333333333333329949e-02	2.313432835820899980e-01	2.751048322930095824e-01	2.751048322930095824e-01	1.822916666666669905e-01	2.751048322930095824e-01	2.751048322930095824e-01	1.887755102040820088e-01	2.751048322930095824e-01	1.564417177914110002e-01	2.751048322930095824e-01	2.751048322930095824e-01	2.751048322930095824e-01	2.751048322930095824e-01	1.906249999999999889e-01	2.751048322930095824e-01	2.751048322930095824e-01	2.751048322930095824e-01	2.228915662650599872e-01	2.751048322930095824e-01	2.751048322930095824e-01	1.549295774647889978e-01	1.748466257668709889e-01	1.101321585903080047e-01	1.400651465798050110e-01	2.751048322930095824e-01	1.553030303030299986e-01	2.023809523809519950e-01	2.751048322930095824e-01	2.751048322930095824e-01	2.751048322930095824e-01	2.751048322930095824e-01	2.751048322930095824e-01	2.751048322930095824e-01	2.191358024691359985e-01	2.751048322930095824e-01	1.755725190839690086e-01	2.751048322930095824e-01	1.758957654723130037e-01	2.000000000000000111e-01	2.751048322930095824e-01	2.751048322930095824e-01	2.751048322930095824e-01
2.500000000000000000e-01	2.751048322930095824e-01	2.751048322930095824e-01	2.751048322930095824e-01	2.619808306709269785e-01	1.000000000000000000e+00	2.751048322930095824e-01	2.751048322930095824e-01	2.751048322930095824e-01	2.751048322930095824e-01	2.751048322930095824e-01	1.952941176470590068e-01	2.751048322930095824e-01	2.751048322930095824e-01	1.748251748251750115e-01	2.751048322930095824e-01	1.981566820276499941e-01	2.751048322930095824e-01	2.751048322930095824e-01	2.751048322930095824e-01	2.394366197183100120e-01	2.751048322930095824e-01	2.419753086419750010e-01	2.751048322930095824e-01	2.751048322930095824e-01	2.907268170426069998e-01	2.751048322930095824e-01	2.094395280235989976e-01	2.751048322930095824e-01	2.751048322930095824e-01	2.751048322930095824e-01	2.751048322930095824e-01	2.751048322930095824e-01	2.751048322930095824e-01	2.751048322930095824e-01	2.751048322930095824e-01	2.751048322930095824e-01	2.751048322930095824e-01	2.751048322930095824e-01	2.751048322930095824e-01	2.751048322930095824e-01	5.048543689320390548e-01	2.740524781341109883e-01	3.182957393483710207e-01	2.751048322930095824e-01	2.751048322930095824e-01	2.751048322930095824e-01	2.751048322930095824e-01	1.662198391420910137e-01	2.751048322930095824e-01	2.751048322930095824e-01	2.751048322930095824e-01	2.751048322930095824e-01	2.751048322930095824e-01	2.751048322930095824e-01	2.676579925650560132e-01	2.751048322930095824e-01	2.751048322930095824e-01	2.751048322930095824e-01	2.751048322930095824e-01	1.119133574007220022e-01	2.751048322930095824e-01	2.751048322930095824e-01	2.751048322930095824e-01	2.751048322930095824e-01	2.751048322930095824e-01	1.983471074380170063e-01	2.751048322930095824e-01	2.751048322930095824e-01	2.751048322930095824e-01	2.751048322930095824e-01	5.758620689655169489e-01	2.751048322930095824e-01	2.751048322930095824e-01	3.395638629283490029e-01	2.751048322930095824e-01	2.593750000000000222e-01	2.751048322930095824e-01	2.213740458015270030e-01	4.707520891364900262e-01	2.751048322930095824e-01	8.097165991902830623e-03	2.900302114803630094e-01	8.198529411764710062e-01	3.203342618384399931e-01	2.857142857142859760e-01	2.520547945205480200e-01	2.751048322930095824e-01	2.751048322930095824e-01	2.751048322930095824e-01	2.751048322930095824e-01	1.813031161473090125e-01	2.751048322930095824e-01	2.662721893491120095e-01	1.825842696629209894e-01	2.513089005235599749e-01	2.751048322930095824e-01	1.823708206686930067e-01	2.751048322930095824e-01	2.751048322930095824e-01	2.751048322930095824e-01	2.751048322930095824e-01	2.005649717514119967e-01	2.751048322930095824e-01	2.751048322930095824e-01	2.751048322930095824e-01	2.751048322930095824e-01	2.035928143712570082e-01	2.751048322930095824e-01	2.751048322930095824e-01	2.751048322930095824e-01	3.808219178082190015e-01	2.189349112426040023e-01	2.751048322930095824e-01	2.751048322930095824e-01	2.751048322930095824e-01	2.751048322930095824e-01	1.705202312138729970e-01	2.751048322930095824e-01	2.751048322930095824e-01	2.751048322930095824e-01	1.923076923076920131e-01	2.099125364431490004e-01	2.751048322930095824e-01
1.131386861313870007e-01	2.751048322930095824e-01	2.751048322930095824e-01	2.751048322930095824e-01	2.751048322930095824e-01	2.751048322930095824e-01	1.000000000000000000e+00	2.751048322930095824e-01	2.751048322930095824e-01	1.101449275362320068e-01	2.751048322930095824e-01	2.751048322930095824e-01	1.666666666666669905e-01	1.812499999999999944e-01	2.751048322930095824e-01	2.751048322930095824e-01	2.751048322930095824e-01	2.751048322930095824e-01	2.751048322930095824e-01	1.843137254901960065e-01	2.751048322930095824e-01	2.751048322930095824e-01	2.751048322930095824e-01	2.751048322930095824e-01	2.751048322930095824e-01	2.751048322930095824e-01	2.751048322930095824e-01	2.751048322930095824e-01	2.751048322930095824e-01	1.764705882352939903e-01	2.751048322930095824e-01	3.262032085561499817e-01	1.398963730569950104e-01	2.751048322930095824e-01	2.751048322930095824e-01	2.751048322930095824e-01	2.751048322930095824e-01	2.751048322930095824e-01	1.620795107033639881e-01	2.751048322930095824e-01	2.751048322930095824e-01	2.751048322930095824e-01	1.908396946564890062e-01	2.751048322930095824e-01	2.640449438202249755e-01	2.751048322930095824e-01	2.751048322930095824e-01	2.215189873417720001e-01	2.751048322930095824e-01	2.751048322930095824e-01	1.766666666666669994e-01	2.751048322930095824e-01	2.751048322930095824e-01	2.751048322930095824e-01	8.914728682170540430e-02	2.751048322930095824e-01	2.751048322930095824e-01	1.731843575418990089e-01	2.751048322930095824e-01	2.751048322930095824e-01	2.751048322930095824e-01	2.751048322930095824e-01	1.143911439114389944e-01	2.751048322930095824e-01	2.751048322930095824e-01	1.544117647058819986e-01	1.969111969111969895e-01	2.751048322930095824e-01	1.701720841300189968e-01	2.751048322930095824e-01	2.751048322930095824e-01	2.751048322930095824e-01	2.751048322930095824e-01	2.751048322930095824e-01	2.751048322930095824e-01	1.436314363143630091e-01	2.751048322930095824e-01	2.751048322930095824e-01	2.369337979094079949e-01	2.751048322930095824e-01	2.751048322930095824e-01	2.751048322930095824e-01	1.936758893280630112e-01	2.751048322930095824e-01	2.751048322930095824e-01	2.751048322930095824e-01	2.751048322930095824e-01	2.751048322930095824e-01	1.202185792349730054e-01	2.751048322930095824e-01	2.751048322930095824e-01	2.751048322930095824e-01	2.751048322930095824e-01	2.751048322930095824e-01	1.792828685258960053e-01	1.766666666666669994e-01	2.751048322930095824e-01	2.751048322930095824e-01	2.751048322930095824e-01	2.751048322930095824e-01	2.751048322930095824e-01	1.379310344827590074e-01	2.751048322930095824e-01	1.639344262295079901e-01	7.692307692307689959e-02	2.751048322930095824e-01	2.751048322930095824e-01	2.751048322930095824e-01	2.751048322930095824e-01	1.198738170347000004e-01	2.751048322930095824e-01	1.347305389221560012e-01	1.666666666666669905e-01	2.751048322930095824e-01	1.328671328671330032e-01	2.751048322930095824e-01	2.751048322930095824e-01	2.751048322930095824e-01	2.751048322930095824e-01	2.751048322930095824e-01	1.597633136094669948e-01	1.126126126126130028e-01	2.751048322930095824e-01	2.751048322930095824e-01
3.629032258064520122e-01	2.751048322930095824e-01	5.047169811320759703e-01	2.751048322930095824e-01	2.751048322930095824e-01	2.751048322930095824e-01	2.751048322930095824e-01	1.000000000000000000e+00	2.751048322930095824e-01	2.751048322930095824e-01	2.751048322930095824e-01	2.751048322930095824e-01	2.751048322930095824e-01	2.843749999999999889e-01	1.844660194174760071e-01	2.751048322930095824e-01	2.852852852852850174e-01	4.019607843137260050e-01	2.751048322930095824e-01	3.400000000000000244e-01	2.751048322930095824e-01	2.751048322930095824e-01	3.258064516129030030e-01	2.751048322930095824e-01	3.992248062015499865e-01	2.751048322930095824e-01	2.751048322930095824e-01	4.008810572687219742e-01	2.751048322930095824e-01	2.689075630252100169e-01	3.319148936170209785e-01	2.751048322930095824e-01	2.349869451697129963e-01	2.751048322930095824e-01	2.751048322930095824e-01	3.554006968641120201e-01	2.751048322930095824e-01	3.130434782608699784e-01	3.322580645161289925e-01	2.751048322930095824e-01	2.751048322930095824e-01	2.751048322930095824e-01	2.751048322930095824e-01	2.055555555555559910e-01	2.751048322930095824e-01	2.751048322930095824e-01	2.751048322930095824e-01	2.852760736196319757e-01	2.751048322930095824e-01	2.751048322930095824e-01	2.751048322930095824e-01	2.751048322930095824e-01	2.751048322930095824e-01	2.751048322930095824e-01	2.751048322930095824e-01	1.971153846153849976e-01	2.751048322930095824e-01	2.029702970297030118e-01	2.751048322930095824e-01	2.510638297872340163e-01	2.751048322930095824e-01	2.751048322930095824e-01	3.562753036437250054e-01	1.258741258741259972e-01	2.751048322930095824e-01	2.751048322930095824e-01	2.751048322930095824e-01	2.751048322930095824e-01	2.751048322930095824e-01	2.751048322930095824e-01	2.751048322930095824e-01	2.751048322930095824e-01	2.751048322930095824e-01	2.751048322930095824e-01	2.751048322930095824e-01	3.382352941176470229e-01	2.751048322930095824e-01	3.540983606557380203e-01	2.751048322930095824e-01	2.751048322930095824e-01	2.751048322930095824e-01	2.751048322930095824e-01	2.751048322930095824e-01	1.852941176470589979e-01	2.751048322930095824e-01	2.751048322930095824e-01	2.751048322930095824e-01	2.751048322930095824e-01	1.959798994974870090e-01	2.751048322930095824e-01	1.900311526479749880e-01	2.751048322930095824e-01	2.751048322930095824e-01	2.751048322930095824e-01	2.702702702702700077e-01	3.219178082191779811e-01	2.751048322930095824e-01	2.801724137931029812e-01	3.103448275862070171e-01	2.751048322930095824e-01	2.751048322930095824e-01	4.473684210526320260e-01	2.751048322930095824e-01	2.751048322930095824e-01	2.415458937198070033e-01	2.909090909090910060e-01	2.751048322930095824e-01	2.751048322930095824e-01	2.751048322930095824e-01	2.751048322930095824e-01	2.751048322930095824e-01	2.751048322930095824e-01	3.445378151260499733e-01	3.653846153846149747e-01	2.751048322930095824e-01	2.751048322930095824e-01	2.751048322930095824e-01	2.987551867219920276e-01	3.229571984435800069e-01	2.751048322930095824e-01	2.751048322930095824e-01	2.751048322930095824e-01	3.347107438016529990e-01	2.751048322930095824e-01
3.632812500000000000e-01	1.838440111420610035e-01	3.636363636363639795e-01	3.241590214067279763e-01	2.030651340996169896e-01	2.751048322930095824e-01	2.751048322930095824e-01	2.751048322930095824e-01	1.000000000000000000e+00	2.633136094674560224e-01	2.751048322930095824e-01	2.751048322930095824e-01	3.354430379746839996e-01	3.105590062111799887e-01	2.751048322930095824e-01	2.751048322930095824e-01	2.751048322930095824e-01	3.813953488372089917e-01	3.122362869198310187e-01	2.751048322930095824e-01	2.751048322930095824e-01	3.470790378006869958e-01	2.751048322930095824e-01	3.142857142857140018e-01	2.751048322930095824e-01	2.751048322930095824e-01	2.751048322930095824e-01	2.751048322930095824e-01	2.751048322930095824e-01	2.751048322930095824e-01	2.751048322930095824e-01	1.450980392156860088e-01	2.751048322930095824e-01	2.751048322930095824e-01	2.751048322930095824e-01	2.751048322930095824e-01	2.751048322930095824e-01	2.933884297520660267e-01	2.751048322930095824e-01	2.751048322930095824e-01	2.338983050847459888e-01	2.075471698113209862e-01	2.751048322930095824e-01	2.751048322930095824e-01	2.751048322930095824e-01	2.751048322930095824e-01	2.751048322930095824e-01	2.427745664739880127e-01	2.751048322930095824e-01	2.751048322930095824e-01	2.751048322930095824e-01	2.704918032786889914e-01	1.635514018691590077e-01	2.751048322930095824e-01	2.751048322930095824e-01	2.751048322930095824e-01	2.751048322930095824e-01	2.751048322930095824e-01	2.751048322930095824e-01	2.751048322930095824e-01	2.751048322930095824e-01	2.751048322930095824e-01	3.106060606060609963e-01	1.562500000000000000e-01	2.751048322930095824e-01	2.751048322930095824e-01	2.751048322930095824e-01	2.110552763819099897e-01	2.751048322930095824e-01	2.751048322930095824e-01	2.851851851851849862e-01	2.129032258064519900e-01	2.751048322930095824e-01	2.751048322930095824e-01	2.751048322930095824e-01	2.751048322930095824e-01	2.751048322930095824e-01	2.544378698224850077e-01	1.700879765395889864e-01	2.751048322930095824e-01	2.751048322930095824e-01	2.751048322930095824e-01	2.751048322930095824e-01	2.751048322930095824e-01	2.751048322930095824e-01	2.751048322930095824e-01	3.722627737226280042e-01	2.751048322930095824e-01	2.751048322930095824e-01	2.751048322930095824e-01	2.751048322930095824e-01	2.751048322930095824e-01	2.751048322930095824e-01	2.751048322930095824e-01	2.751048322930095824e-01	2.751048322930095824e-01	2.751048322930095824e-01	2.751048322930095824e-01	2.572347266881029881e-01	2.751048322930095824e-01	2.751048322930095824e-01	2.751048322930095824e-01	2.329749103942649890e-01	4.249999999999999889e-01	2.751048322930095824e-01	2.751048322930095824e-01	2.971246006389779981e-01	2.346153846153850031e-01	2.751048322930095824e-01	2.751048322930095824e-01	3.969072164948450054e-01	2.751048322930095824e-01	2.751048322930095824e-01	2.751048322930095824e-01	2.602739726027399891e-01	2.751048322930095824e-01	2.751048322930095824e-01	2.751048322930095824e-01	3.097014925373129945e-01	2.751048322930095824e-01	2.421652421652419895e-01	2.751048322930095824e-01	2.751048322930095824e-01	2.751048322930095824e-01
3.195266272189349888e-01	2.055427251732100113e-01	3.058103975535170216e-01	3.250000000000000111e-01	2.751048322930095824e-01	2.751048322930095824e-01	1.101449275362320068e-01	2.751048322930095824e-01	2.633136094674560224e-01	1.000000000000000000e+00	3.270440251572330204e-01	3.973333333333329831e-01	2.751048322930095824e-01	3.307692307692309819e-01	2.751048322930095824e-01	1.988472622478389962e-01	2.751048322930095824e-01	2.751048322930095824e-01	3.333333333333329818e-01	2.751048322930095824e-01	4.020618556701029966e-01	2.751048322930095824e-01	2.751048322930095824e-01	3.753086419753089986e-01	3.137254901960779829e-01	3.341708542713570096e-01	2.751048322930095824e-01	2.870090634441089805e-01	2.751048322930095824e-01	3.138173302107730156e-01	2.751048322930095824e-01	2.751048322930095824e-01	2.751048322930095824e-01	3.305555555555559910e-01	2.751048322930095824e-01	2.751048322930095824e-01	2.751048322930095824e-01	2.751048322930095824e-01	2.751048322930095824e-01	2.751048322930095824e-01	2.751048322930095824e-01	1.731707317073170049e-01	2.751048322930095824e-01	2.604651162790699859e-01	2.751048322930095824e-01	2.751048322930095824e-01	2.751048322930095824e-01	2.751048322930095824e-01	2.751048322930095824e-01	2.751048322930095824e-01	3.387533875338750167e-01	2.751048322930095824e-01	1.381578947368420074e-01	2.283236994219650096e-01	2.751048322930095824e-01	1.226415094339620010e-01	2.751048322930095824e-01	2.751048322930095824e-01	2.751048322930095824e-01	2.072072072072070059e-01	2.751048322930095824e-01	2.751048322930095824e-01	3.106508875739639741e-01	2.751048322930095824e-01	2.751048322930095824e-01	4.606205250596659972e-01	2.751048322930095824e-01	2.751048322930095824e-01	2.751048322930095824e-01	1.651090342679130130e-01	2.751048322930095824e-01	2.751048322930095824e-01	2.751048322930095824e-01	2.095808383233530026e-01	2.706552706552710075e-01	2.751048322930095824e-01	2.751048322930095824e-01	3.393316195372749755e-01	2.525252525252529856e-01	2.751048322930095824e-01	2.751048322930095824e-01	2.751048322930095824e-01	2.751048322930095824e-01	2.751048322930095824e-01	2.751048322930095824e-01	1.184210526315789963e-01	2.751048322930095824e-01	2.751048322930095824e-01	2.446043165467630121e-01	3.403614457831329876e-01	2.009803921568630025e-01	2.751048322930095824e-01	2.050113895216399973e-01	2.751048322930095824e-01	2.751048322930095824e-01	2.751048322930095824e-01	2.751048322930095824e-01	2.751048322930095824e-01	2.751048322930095824e-01	2.751048322930095824e-01	1.866666666666670082e-01	2.751048322930095824e-01	2.751048322930095824e-01	3.333333333333329818e-01	2.207357859531769995e-01	2.719780219780220110e-01	2.751048322930095824e-01	2.751048322930095824e-01	2.751048322930095824e-01	2.751048322930095824e-01	2.751048322930095824e-01	2.751048322930095824e-01	2.751048322930095824e-01	2.751048322930095824e-01	2.751048322930095824e-01	2.751048322930095824e-01	2.751048322930095824e-01	2.751048322930095824e-01	2.947976878612719731e-01	3.130193905817170164e-01	2.690476190476189799e-01	2.751048322930095824e-01	2.492753623188410095e-01	2.751048322930095824e-01
2.751048322930095824e-01	1.931818181818180102e-01	4.380530973451329801e-01	3.209876543209880251e-01	2.751048322930095824e-01	2.751048322930095824e-01	2.751048322930095824e-01	2.751048322930095824e-01	2.751048322930095824e-01	3.270440251572330204e-01	1.000000000000000000e+00	3.312302839116719744e-01	2.751048322930095824e-01	3.583061889250809817e-01	2.751048322930095824e-01	2.751048322930095824e-01	2.751048322930095824e-01	2.751048322930095824e-01	2.751048322930095824e-01	5.022026431718059625e-01	3.233532934131739811e-01	4.659090909090909949e-01	2.751048322930095824e-01	2.751048322930095824e-01	2.751048322930095824e-01	2.751048322930095824e-01	2.751048322930095824e-01	2.751048322930095824e-01	2.955326460481100259e-01	3.660714285714289917e-01	2.751048322930095824e-01	2.751048322930095824e-01	2.751048322930095824e-01	4.960317460317459903e-01	2.377622377622380101e-01	4.468864468864470196e-01	2.751048322930095824e-01	2.751048322930095824e-01	2.751048322930095824e-01	2.751048322930095824e-01	2.751048322930095824e-01	2.751048322930095824e-01	2.751048322930095824e-01	2.751048322930095824e-01	2.751048322930095824e-01	2.751048322930095824e-01	2.751048322930095824e-01	2.751048322930095824e-01	4.663865546218490254e-01	2.751048322930095824e-01	4.848484848484849730e-01	2.751048322930095824e-01	1.192660550458719965e-01	2.751048322930095824e-01	2.751048322930095824e-01	2.751048322930095824e-01	5.892116182572609828e-01	2.751048322930095824e-01	2.230483271375459930e-01	2.751048322930095824e-01	1.044776119402990033e-01	2.751048322930095824e-01	2.751048322930095824e-01	1.349480968858129959e-01	2.751048322930095824e-01	3.010204081632649742e-01	2.751048322930095824e-01	1.859296482412060025e-01	2.145522388059699914e-01	2.534562211981569724e-01	3.003802281368819771e-01	2.751048322930095824e-01	2.751048322930095824e-01	3.917050691244239879e-01	2.751048322930095824e-01	4.451410658307209944e-01	3.782608695652169839e-01	2.751048322930095824e-01	2.751048322930095824e-01	2.751048322930095824e-01	2.751048322930095824e-01	2.751048322930095824e-01	2.751048322930095824e-01	2.751048322930095824e-01	2.751048322930095824e-01	1.900000000000000022e-01	2.751048322930095824e-01	2.684210526315790046e-01	2.751048322930095824e-01	6.333333333333329707e-01	2.751048322930095824e-01	2.751048322930095824e-01	2.751048322930095824e-01	2.751048322930095824e-01	4.194915254237289726e-01	2.751048322930095824e-01	2.751048322930095824e-01	2.751048322930095824e-01	2.781456953642379992e-01	2.751048322930095824e-01	2.751048322930095824e-01	2.751048322930095824e-01	2.751048322930095824e-01	2.751048322930095824e-01	2.751048322930095824e-01	2.751048322930095824e-01	2.751048322930095824e-01	2.751048322930095824e-01	2.751048322930095824e-01	2.751048322930095824e-01	2.751048322930095824e-01	2.751048322930095824e-01	2.751048322930095824e-01	2.751048322930095824e-01	2.751048322930095824e-01	2.751048322930095824e-01	2.751048322930095824e-01	2.751048322930095824e-01	4.122448979591840090e-01	3.381294964028779826e-01	2.676470588235290160e-01	2.751048322930095824e-01	2.751048322930095824e-01	2.751048322930095824e-01
3.765432098765429947e-01	2.751048322930095824e-01	2.751048322930095824e-01	2.751048322930095824e-01	1.709401709401709990e-01	1.952941176470590068e-01	2.751048322930095824e-01	2.751048322930095824e-01	2.751048322930095824e-01	3.973333333333329831e-01	3.312302839116719744e-01	1.000000000000000000e+00	2.751048322930095824e-01	4.786324786324789859e-01	1.210191082802550000e-01	2.751048322930095824e-01	2.751048322930095824e-01	3.824561403508769941e-01	2.751048322930095824e-01	2.751048322930095824e-01	3.948717948717950232e-01	3.971428571428570198e-01	2.751048322930095824e-01	2.751048322930095824e-01	2.751048322930095824e-01	3.143564356435640250e-01	2.751048322930095824e-01	2.751048322930095824e-01	2.751048322930095824e-01	2.751048322930095824e-01	1.694444444444440090e-01	2.751048322930095824e-01	2.751048322930095824e-01	2.751048322930095824e-01	2.751048322930095824e-01	2.751048322930095824e-01	3.413897280966770031e-01	1.781609195402300005e-01	2.751048322930095824e-01	2.751048322930095824e-01	2.751048322930095824e-01	2.751048322930095824e-01	2.410958904109589962e-01	2.751048322930095824e-01	2.751048322930095824e-01	2.751048322930095824e-01	2.751048322930095824e-01	2.751048322930095824e-01	2.751048322930095824e-01	2.751048322930095824e-01	2.751048322930095824e-01	3.380952380952380043e-01	1.270358306188930086e-01	2.751048322930095824e-01	2.751048322930095824e-01	1.121495327102799977e-01	3.509749303621170213e-01	2.751048322930095824e-01	2.751048322930095824e-01	2.751048322930095824e-01	1.489361702127660059e-01	3.178807947019869906e-01	3.547400611620800115e-01	2.751048322930095824e-01	3.510971786833860242e-01	2.751048322930095824e-01	2.751048322930095824e-01	2.751048322930095824e-01	2.751048322930095824e-01	2.751048322930095824e-01	2.751048322930095824e-01	2.751048322930095824e-01	2.751048322930095824e-01	2.205438066465260083e-01	2.751048322930095824e-01	2.751048322930095824e-01	2.751048322930095824e-01	3.532467532467529758e-01	2.751048322930095824e-01	2.751048322930095824e-01	2.751048322930095824e-01	2.751048322930095824e-01	2.751048322930095824e-01	2.751048322930095824e-01	2.928759894459099788e-01	2.751048322930095824e-01	2.751048322930095824e-01	3.676814988290399988e-01	2.751048322930095824e-01	2.751048322930095824e-01	2.751048322930095824e-01	2.751048322930095824e-01	2.751048322930095824e-01	2.032520325203250044e-01	3.829113924050630002e-01	3.798882681564250130e-01	1.954314720812179995e-01	2.500000000000000000e-01	2.751048322930095824e-01	2.751048322930095824e-01	1.521035598705499925e-01	2.751048322930095824e-01	2.751048322930095824e-01	2.751048322930095824e-01	2.751048322930095824e-01	2.751048322930095824e-01	2.751048322930095824e-01	2.751048322930095824e-01	2.751048322930095824e-01	2.685421994884910069e-01	2.474576271186439969e-01	2.751048322930095824e-01	3.459119496855350140e-01	2.751048322930095824e-01	2.751048322930095824e-01	2.751048322930095824e-01	2.751048322930095824e-01	2.751048322930095824e-01	2.751048322930095824e-01	2.751048322930095824e-01	2.751048322930095824e-01	2.751048322930095824e-01	2.751479289940830242e-01	2.122905027932960043e-01
