9.999999999999990008e-01	8.076220981493940076e-01	6.560823475576704755e-01	6.563778433582949656e-01	6.560823475576704755e-01	6.809980607195279534e-01	6.871563603598780379e-01	6.560823475576704755e-01	6.560823475576704755e-01	7.419615855320319531e-01	6.560823475576704755e-01	6.560823475576704755e-01	6.560823475576704755e-01	6.271140377251810394e-01	7.000711977285389853e-01	7.071865145681509590e-01	6.560823475576704755e-01	6.263558824545140125e-01	6.781708346199569748e-01	6.886639373898399974e-01	6.560823475576704755e-01	6.560823475576704755e-01	6.560823475576704755e-01	6.560823475576704755e-01	7.017911040700489655e-01	7.157270122499259646e-01	6.963488780362000474e-01	6.560823475576704755e-01	6.879654178523370023e-01	6.560823475576704755e-01	7.005836281752050310e-01	6.560823475576704755e-01	6.778449452944740328e-01	7.434257543257960510e-01	6.797190896140470340e-01	6.803332210989609941e-01	7.106909690651550537e-01	7.050207680689180023e-01	7.072009080219550103e-01	6.560823475576704755e-01	7.274918411884859770e-01	6.560823475576704755e-01	6.895942906515729609e-01	6.560823475576704755e-01	6.560823475576704755e-01	6.684145251726969494e-01	6.725669483272780358e-01	6.797796522430370469e-01	6.560823475576704755e-01	6.560823475576704755e-01	6.560823475576704755e-01	6.560823475576704755e-01	6.390149994844630532e-01	6.560823475576704755e-01	6.808926628782200341e-01	6.507410308480440220e-01	6.867311505150589523e-01	6.611020135843580503e-01	6.560823475576704755e-01	6.560823475576704755e-01	6.560823475576704755e-01	6.560823475576704755e-01	7.310091115134460527e-01	6.560823475576704755e-01	6.560823475576704755e-01	6.560823475576704755e-01	6.560823475576704755e-01	6.560823475576704755e-01	6.560823475576704755e-01	6.560823475576704755e-01	6.723993477248290107e-01	6.560823475576704755e-01	6.797447818030060152e-01	6.560823475576704755e-01	6.336728190860849708e-01	6.653670930856120380e-01	7.578932242642140160e-01	6.230541446090599456e-01	6.560823475576704755e-01	6.560823475576704755e-01	6.856848558094790214e-01	6.560823475576704755e-01	6.560823475576704755e-01	6.560823475576704755e-01	6.858735039836889591e-01	6.552301958384220137e-01	6.560823475576704755e-01	6.560823475576704755e-01	8.287794425176689961e-01	6.560823475576704755e-01	7.042078430866259842e-01	6.273639840452760463e-01	6.560823475576704755e-01	6.229523559549490219e-01	6.560823475576704755e-01	6.169883836941469912e-01	6.547941938920710525e-01	6.560823475576704755e-01	6.421933657187479660e-01	6.636189033906160217e-01	6.560823475576704755e-01	6.441592089626430040e-01	6.438597048132640444e-01	6.295389098902830494e-01	6.474715783174269657e-01	6.444839234428260122e-01	6.536394963548900483e-01	6.595172321297529949e-01	6.786993422202159953e-01	6.545963596858059841e-01	6.560823475576704755e-01	7.236798302870569577e-01	6.768305696404259830e-01	6.560823475576704755e-01	7.001626338518710524e-01	8.162564431068519699e-01	6.560823475576704755e-01	8.027231455711409946e-01	8.058006467054960043e-01	6.560823475576704755e-01	6.560823475576704755e-01	7.200970590900579449e-01	6.560823475576704755e-01	7.405853334919330067e-01
8.076220981493940076e-01	1.000000000000000000e+00	7.970377696582710003e-01	6.476418413257709616e-01	6.560823475576704755e-01	6.899367991274679701e-01	6.560823475576704755e-01	7.079789994423579813e-01	7.093046854009249502e-01	6.560823475576704755e-01	6.560823475576704755e-01	6.560823475576704755e-01	6.560823475576704755e-01	6.384363047914219935e-01	6.560823475576704755e-01	6.560823475576704755e-01	6.560823475576704755e-01	6.135467990362040158e-01	6.609154913896559957e-01	6.560823475576704755e-01	6.560823475576704755e-01	6.905722930842169704e-01	6.560823475576704755e-01	6.942700323021480102e-01	6.782780832753559919e-01	7.016140441816369755e-01	6.560823475576704755e-01	6.560823475576704755e-01	6.560823475576704755e-01	6.560823475576704755e-01	6.560823475576704755e-01	6.458468577899589835e-01	6.560823475576704755e-01	7.160809504814860116e-01	6.753584283102570529e-01	6.568614968116039954e-01	6.560823475576704755e-01	6.738329143567169943e-01	6.560823475576704755e-01	6.560823475576704755e-01	6.560823475576704755e-01	6.560823475576704755e-01	6.757346626593619954e-01	6.560823475576704755e-01	6.144818213542959651e-01	6.560823475576704755e-01	6.560823475576704755e-01	6.560823475576704755e-01	6.560823475576704755e-01	6.560823475576704755e-01	6.984987615408070338e-01	6.560823475576704755e-01	6.560823475576704755e-01	6.560823475576704755e-01	6.560823475576704755e-01	6.468991702968720503e-01	6.797327744763039803e-01	6.402615221650359567e-01	6.469766870973520101e-01	6.560823475576704755e-01	6.560823475576704755e-01	6.560823475576704755e-01	7.009452668320339530e-01	6.560823475576704755e-01	6.219792659692759962e-01	6.819626278699090216e-01	6.559262474115860053e-01	6.560823475576704755e-01	6.358298542779550200e-01	6.631622980730540462e-01	6.560823475576704755e-01	6.922222608069410477e-01	6.560823475576704755e-01	6.773484094394079946e-01	6.560823475576704755e-01	6.549095014148610394e-01	7.214561588923229518e-01	6.560823475576704755e-01	6.560823475576704755e-01	6.565336150877789656e-01	6.843563699587229543e-01	6.671536979669669964e-01	6.543468088163549856e-01	7.180125370226210224e-01	6.560823475576704755e-01	6.664598639740939579e-01	6.670445382932570499e-01	6.592156849254580120e-01	8.070517191128779855e-01	6.528434357038559455e-01	6.560823475576704755e-01	6.560823475576704755e-01	6.560823475576704755e-01	6.260587268911610437e-01	6.560823475576704755e-01	6.560823475576704755e-01	6.715868291685109792e-01	6.560823475576704755e-01	6.405191224369399805e-01	6.756034023124040111e-01	6.474366927288930373e-01	6.538262376430800105e-01	6.452012973249660055e-01	6.192136552457230270e-01	6.560823475576704755e-01	6.560823475576704755e-01	6.560823475576704755e-01	6.560823475576704755e-01	6.560823475576704755e-01	6.560823475576704755e-01	6.560823475576704755e-01	6.560823475576704755e-01	6.815486530151120270e-01	6.560823475576704755e-01	6.798193194322279531e-01	7.911270560235179605e-01	6.560823475576704755e-01	8.022500284254060476e-01	6.560823475576704755e-01	6.560823475576704755e-01	6.560823475576704755e-01	6.560823475576704755e-01	6.560823475576704755e-01	7.154611589023780471e-01
6.560823475576704755e-01	7.970377696582710003e-01	1.000000000000000000e+00	6.560823475576704755e-01	6.560823475576704755e-01	6.560823475576704755e-01	6.794559110714190053e-01	6.560823475576704755e-01	6.560823475576704755e-01	6.560823475576704755e-01	6.855994375795949614e-01	6.560823475576704755e-01	6.560823475576704755e-01	6.560823475576704755e-01	6.560823475576704755e-01	6.938947387911700293e-01	6.560823475576704755e-01	6.228301659373649546e-01	6.674027466200900260e-01	6.560823475576704755e-01	6.560823475576704755e-01	6.788215650571309823e-01	6.560823475576704755e-01	6.952859291580140155e-01	6.919742571141890286e-01	6.560823475576704755e-01	6.560823475576704755e-01	6.893476167977390379e-01	6.560823475576704755e-01	6.560823475576704755e-01	6.729775509310900183e-01	6.560823475576704755e-01	6.590625387464059681e-01	6.560823475576704755e-01	6.692053998123510539e-01	6.662832189387980497e-01	6.808173377199370213e-01	6.560823475576704755e-01	6.870194908203489659e-01	6.560823475576704755e-01	6.874694548922379855e-01	6.376972157723730383e-01	6.560823475576704755e-01	6.600806987954469518e-01	6.560823475576704755e-01	6.560823475576704755e-01	6.597417452549190209e-01	6.553339747858060171e-01	7.064822320056529659e-01	6.560823475576704755e-01	6.560823475576704755e-01	6.560823475576704755e-01	6.560823475576704755e-01	6.560823475576704755e-01	6.560823475576704755e-01	6.595788773509639880e-01	6.560823475576704755e-01	6.431487293420850015e-01	6.560823475576704755e-01	6.594266895328290135e-01	6.560823475576704755e-01	6.595741353969399867e-01	6.560823475576704755e-01	6.560823475576704755e-01	6.560823475576704755e-01	6.890352222782819558e-01	6.560823475576704755e-01	6.794225827454130062e-01	6.491637258387019660e-01	6.562703174651479676e-01	6.444304955398639789e-01	6.773799602594600122e-01	6.560823475576704755e-01	6.560823475576704755e-01	6.351830736769720209e-01	6.466868485330220517e-01	6.560823475576704755e-01	6.348449716158990341e-01	6.679350477505999750e-01	6.518360349192200420e-01	6.570116543399969755e-01	6.560823475576704755e-01	6.532812573327999583e-01	6.898997249390550479e-01	6.450432670364260046e-01	6.560823475576704755e-01	6.560823475576704755e-01	6.560823475576704755e-01	6.560823475576704755e-01	6.759559555834909750e-01	6.560823475576704755e-01	6.265345454497249778e-01	6.560823475576704755e-01	6.560823475576704755e-01	6.560823475576704755e-01	6.277267035789360072e-01	6.625181202965469973e-01	6.319832143623119736e-01	6.438793080470419650e-01	6.560823475576704755e-01	6.560823475576704755e-01	6.560823475576704755e-01	6.560823475576704755e-01	6.246997675346940282e-01	6.560823475576704755e-01	6.560823475576704755e-01	6.560823475576704755e-01	6.560823475576704755e-01	6.610933480057770151e-01	6.560823475576704755e-01	6.915379144748270424e-01	7.017899202857760255e-01	6.584805580710340056e-01	7.016320105051819800e-01	6.560823475576704755e-01	6.560823475576704755e-01	7.623677466053859764e-01	6.560823475576704755e-01	6.560823475576704755e-01	6.948849001597759978e-01	6.560823475576704755e-01	7.117660048815750429e-01	7.120751421587789842e-01	6.560823475576704755e-01
6.563778433582949656e-01	6.476418413257709616e-01	6.560823475576704755e-01	9.999999999999980016e-01	6.560823475576704755e-01	6.043980900903499487e-01	6.026949621474619878e-01	6.560823475576704755e-01	6.560823475576704755e-01	6.267136264620549735e-01	6.560823475576704755e-01	6.079186757486789716e-01	6.560823475576704755e-01	6.560823475576704755e-01	6.560823475576704755e-01	6.584255169570529809e-01	6.550020403343299602e-01	6.560823475576704755e-01	6.560823475576704755e-01	6.157080587050980380e-01	6.836966351670730191e-01	6.727743969946420322e-01	6.328696865123110138e-01	6.560823475576704755e-01	6.014319458046100131e-01	6.560823475576704755e-01	6.311415329618279557e-01	6.560823475576704755e-01	6.771144731706639774e-01	6.783570820790719713e-01	6.680745021427370034e-01	6.560823475576704755e-01	6.560823475576704755e-01	6.560823475576704755e-01	6.560823475576704755e-01	6.583340293630569606e-01	6.775610912422039833e-01	6.560823475576704755e-01	6.560823475576704755e-01	6.560823475576704755e-01	6.284041413764119843e-01	5.950903726010390304e-01	6.358441253975379848e-01	6.440915615191820098e-01	6.560823475576704755e-01	6.560823475576704755e-01	6.560823475576704755e-01	6.560823475576704755e-01	6.560823475576704755e-01	6.560823475576704755e-01	6.560823475576704755e-01	6.581916063476129786e-01	5.988633089127429754e-01	6.560823475576704755e-01	6.155896702810740306e-01	6.408556716808040399e-01	6.560823475576704755e-01	6.560823475576704755e-01	6.560823475576704755e-01	6.046664640461290041e-01	6.560823475576704755e-01	5.919251514920309543e-01	5.943146441960299731e-01	6.350714287205909692e-01	5.974823635794049848e-01	6.560823475576704755e-01	6.600494304698389936e-01	6.681678581073350331e-01	6.560823475576704755e-01	6.560823475576704755e-01	6.560823475576704755e-01	6.226267641137620545e-01	6.560823475576704755e-01	6.560823475576704755e-01	6.638493734058680262e-01	6.745066000271200402e-01	6.325153316352869481e-01	6.503753297007860423e-01	6.560823475576704755e-01	6.263503283904460206e-01	6.560823475576704755e-01	6.560823475576704755e-01	6.560823475576704755e-01	6.158488119204029720e-01	6.262043055375560163e-01	5.943531151591380235e-01	6.560823475576704755e-01	6.560823475576704755e-01	6.483718270018179464e-01	6.560823475576704755e-01	6.613899317319580362e-01	6.518700658317739816e-01	6.074331936022989709e-01	6.560823475576704755e-01	5.714523486875680014e-01	6.317604571686340487e-01	6.560823475576704755e-01	6.156150411221029684e-01	6.580152107978639586e-01	6.427050542478619510e-01	5.888923476988350281e-01	6.560823475576704755e-01	6.068028326953079921e-01	6.560823475576704755e-01	6.560823475576704755e-01	6.170866732837999580e-01	6.206253678112190197e-01	6.560823475576704755e-01	6.796938084295299776e-01	6.133606959185300411e-01	6.560823475576704755e-01	6.560823475576704755e-01	6.560823475576704755e-01	6.590949422466400032e-01	6.392500624789030361e-01	6.558155008134509689e-01	6.560823475576704755e-01	6.560823475576704755e-01	6.560823475576704755e-01	6.560823475576704755e-01	6.157391365429260022e-01	6.302221876670049960e-01	6.560823475576704755e-01	6.446033138503830529e-01
6.560823475576704755e-01	6.560823475576704755e-01	6.560823475576704755e-01	6.560823475576704755e-01	9.999999999999980016e-01	6.900527951530790460e-01	6.560823475576704755e-01	6.560823475576704755e-01	7.259292594824450218e-01	7.152173251115210295e-01	7.207449645972660024e-01	6.560823475576704755e-01	6.879720530563280256e-01	6.560823475576704755e-01	6.581988014159479983e-01	6.594066061730530226e-01	6.369491267112490362e-01	5.907938704696550358e-01	6.560823475576704755e-01	7.556915335267410105e-01	6.359587680006140165e-01	6.560823475576704755e-01	7.198839916122830029e-01	6.560823475576704755e-01	6.560823475576704755e-01	7.601960393385199799e-01	5.924738104363499458e-01	6.560823475576704755e-01	6.560823475576704755e-01	6.560823475576704755e-01	6.560823475576704755e-01	6.242576271041230251e-01	6.560823475576704755e-01	6.546828851339909772e-01	6.378259422697070136e-01	6.560823475576704755e-01	6.366720314161440353e-01	6.560823475576704755e-01	6.370860990039479699e-01	6.560823475576704755e-01	6.560823475576704755e-01	7.146024539756480332e-01	7.111280564395620063e-01	6.560823475576704755e-01	6.560823475576704755e-01	6.796946111320150141e-01	6.560823475576704755e-01	6.848459808341430533e-01	6.575555157811010520e-01	6.230731258749649948e-01	6.560823475576704755e-01	6.464977168889559644e-01	6.324820242080549937e-01	6.570025153545170360e-01	6.803065941020619567e-01	6.430484399451089628e-01	6.560823475576704755e-01	6.082940405378030047e-01	6.215523670683410495e-01	6.269138568120520283e-01	6.623317383636609934e-01	6.279013088538909493e-01	7.006327965576759631e-01	6.655589803912289604e-01	5.991123699385010326e-01	6.803640056365050093e-01	6.560823475576704755e-01	6.637357002912029902e-01	6.560823475576704755e-01	6.848590559273940448e-01	6.560823475576704755e-01	6.822677107573500432e-01	6.560823475576704755e-01	6.560823475576704755e-01	6.334229310390979695e-01	6.560823475576704755e-01	6.560823475576704755e-01	6.370283570300919740e-01	6.560823475576704755e-01	6.251890108568399773e-01	7.582502351577089517e-01	6.560823475576704755e-01	6.560823475576704755e-01	6.560823475576704755e-01	6.560823475576704755e-01	6.560823475576704755e-01	6.686889400694580043e-01	6.560823475576704755e-01	7.328315680504150498e-01	6.560823475576704755e-01	6.914489450348120236e-01	6.524485489188900367e-01	6.560823475576704755e-01	6.560823475576704755e-01	6.560823475576704755e-01	6.560823475576704755e-01	6.560823475576704755e-01	6.607359084921089476e-01	6.590939340150919756e-01	7.045569471735769751e-01	6.560823475576704755e-01	6.560823475576704755e-01	6.560823475576704755e-01	6.560823475576704755e-01	6.859461341345800545e-01	6.466505440468750532e-01	6.599338653593449511e-01	6.182901545848930036e-01	6.560823475576704755e-01	6.560823475576704755e-01	6.560823475576704755e-01	6.555578891561469890e-01	6.616835663388259681e-01	6.560823475576704755e-01	6.560823475576704755e-01	7.143629446125200344e-01	6.607072178572519494e-01	7.091924408124360424e-01	6.560823475576704755e-01	6.560823475576704755e-01	6.849110703602480088e-01	6.560823475576704755e-01	6.560823475576704755e-01	7.084002604969550365e-01
6.809980607195279534e-01	6.899367991274679701e-01	6.560823475576704755e-01	6.043980900903499487e-01	6.900527951530790460e-01	9.999999999999980016e-01	6.822719357503550519e-01	6.453095057616450303e-01	6.560823475576704755e-01	6.426395934741050420e-01	6.560823475576704755e-01	7.220451840098359719e-01	7.088977543645720303e-01	6.622490212683780353e-01	6.357503805118059903e-01	6.358163227353289537e-01	6.560823475576704755e-01	5.745710915053939827e-01	6.128790739442649960e-01	6.737563642508880291e-01	6.604230753646710417e-01	6.216519262296880122e-01	6.560823475576704755e-01	6.560823475576704755e-01	6.408541947776890124e-01	6.560823475576704755e-01	5.870663439458360111e-01	6.302052903054380373e-01	6.560823475576704755e-01	6.398753188539350045e-01	6.560823475576704755e-01	6.137652581458500345e-01	5.894810692335910041e-01	6.988284596346749922e-01	6.314241518987919743e-01	6.104708628213389998e-01	6.560823475576704755e-01	6.098354956040840102e-01	6.330071081897760132e-01	6.279535289485279614e-01	6.560823475576704755e-01	6.847572275237829853e-01	6.846608032981359448e-01	6.677496113327999749e-01	5.779068984108479690e-01	6.280632566099839664e-01	5.951267788663170411e-01	6.476399178786530486e-01	6.560823475576704755e-01	6.560823475576704755e-01	6.644676326700440505e-01	6.560823475576704755e-01	6.281735017059250081e-01	6.560823475576704755e-01	6.560823475576704755e-01	6.560823475576704755e-01	6.560823475576704755e-01	5.878989947545479877e-01	6.115864765350239596e-01	6.560823475576704755e-01	6.560823475576704755e-01	6.179459464804649693e-01	6.327545736967780110e-01	6.560823475576704755e-01	6.560823475576704755e-01	6.945677735542149511e-01	6.560823475576704755e-01	6.560823475576704755e-01	6.364175122467690127e-01	6.560823475576704755e-01	6.560823475576704755e-01	6.560823475576704755e-01	6.157458263581869762e-01	6.594001860981080210e-01	6.560823475576704755e-01	6.560823475576704755e-01	6.560823475576704755e-01	6.560823475576704755e-01	6.560823475576704755e-01	6.179431627767080215e-01	6.832617718801220486e-01	6.560823475576704755e-01	6.560823475576704755e-01	6.318464368772690465e-01	5.902456686821899723e-01	6.560823475576704755e-01	6.560823475576704755e-01	7.104075480276480503e-01	6.930596388739780345e-01	6.731981938984540337e-01	7.079866671586190208e-01	6.739739716871110398e-01	6.560823475576704755e-01	5.751665450138260249e-01	6.560823475576704755e-01	6.560823475576704755e-01	7.065692014195239512e-01	6.560823475576704755e-01	6.560823475576704755e-01	6.560823475576704755e-01	6.876864431771030350e-01	6.759420802621119995e-01	6.560823475576704755e-01	6.560823475576704755e-01	6.793468258296420093e-01	6.780029669688579785e-01	7.111830797056259978e-01	6.560823475576704755e-01	6.560823475576704755e-01	5.820543257943889826e-01	6.560823475576704755e-01	6.538950125315440287e-01	6.519570274986740133e-01	6.560823475576704755e-01	6.560823475576704755e-01	6.560823475576704755e-01	6.560823475576704755e-01	6.993037903692520540e-01	6.827659791555690250e-01	6.560823475576704755e-01	6.560823475576704755e-01	6.560823475576704755e-01	6.344207704921459579e-01	6.560823475576704755e-01
6.871563603598780379e-01	6.560823475576704755e-01	6.794559110714190053e-01	6.026949621474619878e-01	6.560823475576704755e-01	6.822719357503550519e-01	9.999999999999990008e-01	6.560823475576704755e-01	7.308190037720440069e-01	6.909741243990970005e-01	6.560823475576704755e-01	6.560823475576704755e-01	6.560823475576704755e-01	6.560823475576704755e-01	6.560823475576704755e-01	6.449950112822809833e-01	6.431444627956880433e-01	6.560823475576704755e-01	6.022856628546690017e-01	6.560823475576704755e-01	6.560823475576704755e-01	6.560823475576704755e-01	7.071678514014839712e-01	6.323515969006440196e-01	6.560823475576704755e-01	7.523199806889879770e-01	5.884939601612100279e-01	6.560823475576704755e-01	6.091473312102410054e-01	6.560823475576704755e-01	6.380103954383929965e-01	6.056458581661570140e-01	6.560823475576704755e-01	6.560823475576704755e-01	6.298424858083729871e-01	5.799918118940540213e-01	6.560823475576704755e-01	6.131908821853859770e-01	6.560823475576704755e-01	6.071661335380490465e-01	6.482553472133220085e-01	7.503989776076660512e-01	6.560823475576704755e-01	6.560823475576704755e-01	5.725923304782509771e-01	6.757952306150140087e-01	6.093126208953250078e-01	6.722801050674129808e-01	6.472220776215390492e-01	6.307988091604009862e-01	6.665879882828360525e-01	6.491470308997879801e-01	6.560823475576704755e-01	6.560823475576704755e-01	6.560823475576704755e-01	6.496023215630649661e-01	6.748821633928530073e-01	6.560823475576704755e-01	6.560823475576704755e-01	6.560823475576704755e-01	6.718300758875920264e-01	6.560823475576704755e-01	6.560823475576704755e-01	6.589756883763140394e-01	6.560823475576704755e-01	6.560823475576704755e-01	6.560823475576704755e-01	6.560823475576704755e-01	6.560823475576704755e-01	6.757065233340300292e-01	6.560823475576704755e-01	6.563495628190819664e-01	6.560823475576704755e-01	6.560823475576704755e-01	6.560823475576704755e-01	6.722533529057399537e-01	6.988311746450950324e-01	6.560823475576704755e-01	6.859792713089110094e-01	6.560823475576704755e-01	6.560823475576704755e-01	6.331216416069850306e-01	6.560823475576704755e-01	6.543262440647199529e-01	6.078946981759919543e-01	6.560823475576704755e-01	6.775588986546270398e-01	6.560823475576704755e-01	6.966525112155740329e-01	6.486613070019130456e-01	6.959611090333549521e-01	6.560823475576704755e-01	6.560823475576704755e-01	5.873174545852529738e-01	6.322351041027779450e-01	6.487243888317679730e-01	6.777560762864449639e-01	6.560823475576704755e-01	6.570062037754600404e-01	6.560823475576704755e-01	6.560823475576704755e-01	6.560823475576704755e-01	6.474594573143590548e-01	6.560823475576704755e-01	6.653730027428680360e-01	6.439791313804640316e-01	6.691476826010189782e-01	6.251794699866379812e-01	6.074091721871639482e-01	5.971709767320869666e-01	6.560823475576704755e-01	6.455499735917880066e-01	6.560823475576704755e-01	6.556269231051670143e-01	6.598402071438029814e-01	6.560823475576704755e-01	6.560823475576704755e-01	6.948641215966450124e-01	6.560823475576704755e-01	6.560823475576704755e-01	6.878316250186139458e-01	7.019984957644650470e-01	6.560823475576704755e-01	6.999414810290780498e-01
6.560823475576704755e-01	7.079789994423579813e-01	6.560823475576704755e-01	6.560823475576704755e-01	6.560823475576704755e-01	6.453095057616450303e-01	6.560823475576704755e-01	1.000000000000000000e+00	7.851903523378339633e-01	7.463781274849400349e-01	6.560823475576704755e-01	7.139963033549110438e-01	6.560823475576704755e-01	6.560823475576704755e-01	6.860003863169320537e-01	6.840982777127320169e-01	6.560823475576704755e-01	6.560823475576704755e-01	6.266214083535780466e-01	7.001286532731879619e-01	6.560823475576704755e-01	6.560823475576704755e-01	7.564944738580610117e-01	6.560823475576704755e-01	7.534324586528919898e-01	6.560823475576704755e-01	6.421009918557499807e-01	6.560823475576704755e-01	6.560823475576704755e-01	6.791147086806540445e-01	6.885811814937400355e-01	6.560823475576704755e-01	6.317892672821440181e-01	6.717714006985090469e-01	6.560823475576704755e-01	6.560823475576704755e-01	6.602203448309450495e-01	6.671760632177119454e-01	6.560823475576704755e-01	6.149356185722889556e-01	6.560823475576704755e-01	6.560823475576704755e-01	6.560823475576704755e-01	6.389394373919250469e-01	6.560823475576704755e-01	6.560823475576704755e-01	6.560823475576704755e-01	6.521509340211160133e-01	6.602341305803219873e-01	6.560823475576704755e-01	6.560823475576704755e-01	6.560823475576704755e-01	6.560823475576704755e-01	6.560823475576704755e-01	6.584575380326900262e-01	6.560823475576704755e-01	6.560823475576704755e-01	6.229191547098390513e-01	6.294709131640600086e-01	6.560823475576704755e-01	6.550895083061899493e-01	6.231583615838689472e-01	6.560823475576704755e-01	6.396256722116929749e-01	6.094829676042200495e-01	6.560823475576704755e-01	6.750851955703679463e-01	6.560823475576704755e-01	6.213979183433260278e-01	6.560823475576704755e-01	6.560823475576704755e-01	6.765065368879770169e-01	6.393902785078879880e-01	6.560823475576704755e-01	6.560823475576704755e-01	6.404919551535820377e-01	6.560823475576704755e-01	6.174909877088949894e-01	6.451381677775289702e-01	6.345947409072469902e-01	7.033537954762330013e-01	6.560823475576704755e-01	6.560823475576704755e-01	7.111899434744000104e-01	6.411410463523500303e-01	6.513982563055870090e-01	6.602471797181179713e-01	6.383609399634979642e-01	7.405854679102069626e-01	6.336543830657880294e-01	6.768314670732750171e-01	6.560823475576704755e-01	5.803240508799110131e-01	5.929158402757610524e-01	6.560823475576704755e-01	6.560823475576704755e-01	6.560823475576704755e-01	6.276314146703489971e-01	6.560823475576704755e-01	6.501101147796719548e-01	6.560823475576704755e-01	6.560823475576704755e-01	6.560823475576704755e-01	6.005947409292550221e-01	6.311645772258900333e-01	6.560823475576704755e-01	6.371709028712609912e-01	6.560823475576704755e-01	6.428416619201039461e-01	6.319579438806719462e-01	6.712629527577349542e-01	6.560823475576704755e-01	6.560823475576704755e-01	6.453276474868300250e-01	6.560823475576704755e-01	7.136812347449249527e-01	6.560823475576704755e-01	7.049943215103070537e-01	7.141650700161360499e-01	6.560823475576704755e-01	6.172751381407419746e-01	6.560823475576704755e-01	7.047524905061539613e-01	7.200753889618489723e-01
6.560823475576704755e-01	7.093046854009249502e-01	6.560823475576704755e-01	6.560823475576704755e-01	7.259292594824450218e-01	6.560823475576704755e-01	7.308190037720440069e-01	7.851903523378339633e-01	1.000000000000000000e+00	7.343528234844830527e-01	6.717711670317250139e-01	6.560823475576704755e-01	6.560823475576704755e-01	5.905110501845020066e-01	7.050069868953929841e-01	6.560823475576704755e-01	6.560823475576704755e-01	6.026865965300469696e-01	6.379342104857780305e-01	6.898800667377830154e-01	6.560823475576704755e-01	6.614859194003019915e-01	6.560823475576704755e-01	6.863025615515599975e-01	7.545385266746390540e-01	6.560823475576704755e-01	6.560823475576704755e-01	6.560823475576704755e-01	6.560823475576704755e-01	6.560823475576704755e-01	6.866324645723259623e-01	6.159930223825089701e-01	6.452049284831740117e-01	6.560823475576704755e-01	6.560823475576704755e-01	6.560823475576704755e-01	6.560823475576704755e-01	6.560823475576704755e-01	6.623613873939090402e-01	6.560823475576704755e-01	6.560823475576704755e-01	6.560823475576704755e-01	6.560823475576704755e-01	6.560823475576704755e-01	6.560823475576704755e-01	6.560823475576704755e-01	6.345635858796889739e-01	6.450624962626000380e-01	6.780300914618709873e-01	6.560823475576704755e-01	6.560823475576704755e-01	6.560823475576704755e-01	6.560823475576704755e-01	6.258566540140479972e-01	6.560823475576704755e-01	6.560823475576704755e-01	6.560823475576704755e-01	6.560823475576704755e-01	6.560823475576704755e-01	6.364381672300130077e-01	6.560823475576704755e-01	6.560823475576704755e-01	6.560823475576704755e-01	6.560823475576704755e-01	6.560823475576704755e-01	6.560823475576704755e-01	6.560823475576704755e-01	6.560823475576704755e-01	6.319256089304780000e-01	6.560823475576704755e-01	6.260168925447490151e-01	6.572959133101109463e-01	6.432787315097050485e-01	6.560823475576704755e-01	6.560823475576704755e-01	6.560823475576704755e-01	6.560823475576704755e-01	6.275587857359320454e-01	6.532984681897350265e-01	6.560823475576704755e-01	6.560823475576704755e-01	6.485798936403309733e-01	6.357267404662150234e-01	7.052368446919400347e-01	6.315533679273720447e-01	6.560823475576704755e-01	6.708441926222039609e-01	6.496700741021650405e-01	7.335408858019789591e-01	6.560823475576704755e-01	6.560823475576704755e-01	6.214798598960940001e-01	5.871733401258499851e-01	6.560823475576704755e-01	6.560823475576704755e-01	6.104304337934739477e-01	6.560823475576704755e-01	6.206090143893570055e-01	6.221104393504059971e-01	6.469075216211910284e-01	6.560823475576704755e-01	6.560823475576704755e-01	6.560823475576704755e-01	6.141753286716800098e-01	6.560823475576704755e-01	6.061594883098599951e-01	6.292589660656630057e-01	6.479252428542230380e-01	6.560823475576704755e-01	6.560823475576704755e-01	6.560823475576704755e-01	6.996293465748160134e-01	6.752798054812360062e-01	6.560823475576704755e-01	6.927096127790830504e-01	6.560823475576704755e-01	6.560823475576704755e-01	7.027203374399020319e-01	7.099293691591189726e-01	6.560823475576704755e-01	6.560823475576704755e-01	6.560823475576704755e-01	6.560823475576704755e-01	7.143846640997649766e-01
7.419615855320319531e-01	6.560823475576704755e-01	6.560823475576704755e-01	6.267136264620549735e-01	7.152173251115210295e-01	6.426395934741050420e-01	6.909741243990970005e-01	7.463781274849400349e-01	7.343528234844830527e-01	1.000000000000000000e+00	6.560823475576704755e-01	6.560823475576704755e-01	6.569518586957100448e-01	5.967541256586760268e-01	6.560823475576704755e-01	6.777273978138019794e-01	6.203342300905539952e-01	6.560823475576704755e-01	6.560823475576704755e-01	7.039527207961140398e-01	6.560823475576704755e-01	6.560823475576704755e-01	6.560823475576704755e-01	6.872121867658510519e-01	6.560823475576704755e-01	6.560823475576704755e-01	6.690917354938139550e-01	6.560823475576704755e-01	6.671745247626870157e-01	6.846244352025090407e-01	6.560823475576704755e-01	6.290636587633290366e-01	6.560823475576704755e-01	6.560823475576704755e-01	6.400473951915649495e-01	6.560823475576704755e-01	6.560823475576704755e-01	6.560823475576704755e-01	6.567020713255019571e-01	6.142671713306280257e-01	6.759249149967739845e-01	6.560823475576704755e-01	6.715634322433079451e-01	6.407644791417530516e-01	5.957158819306850317e-01	6.560823475576704755e-01	6.243562422195190198e-01	6.560823475576704755e-01	6.745820639418760312e-01	6.560823475576704755e-01	7.012980246667820383e-01	6.205419756584139579e-01	6.127110734061169683e-01	6.560823475576704755e-01	6.560823475576704755e-01	6.266283057086200481e-01	6.560823475576704755e-01	6.358195041129459657e-01	6.560823475576704755e-01	6.560823475576704755e-01	6.543040273143589936e-01	6.439131330831929789e-01	6.984755085243640194e-01	6.560823475576704755e-01	6.341203224446010367e-01	6.560823475576704755e-01	6.560823475576704755e-01	6.560823475576704755e-01	6.148120831925969476e-01	6.334306905455290293e-01	6.560823475576704755e-01	6.560823475576704755e-01	6.560823475576704755e-01	6.560823475576704755e-01	6.560823475576704755e-01	6.413617558016919684e-01	7.270245485183769452e-01	6.560823475576704755e-01	6.347910811088329774e-01	6.560823475576704755e-01	6.901890549920339790e-01	6.560823475576704755e-01	6.405930650737780008e-01	6.892128877560600442e-01	6.683248646362830447e-01	6.560823475576704755e-01	6.560823475576704755e-01	6.213363584138940077e-01	6.560823475576704755e-01	6.560823475576704755e-01	6.560823475576704755e-01	6.560823475576704755e-01	6.560823475576704755e-01	5.900955890630269485e-01	5.889958536171370218e-01	6.560823475576704755e-01	6.560823475576704755e-01	6.286859144833899515e-01	6.560823475576704755e-01	6.560823475576704755e-01	6.560823475576704755e-01	6.560823475576704755e-01	6.241426432487759968e-01	6.560823475576704755e-01	6.560823475576704755e-01	6.560823475576704755e-01	6.286913220250679446e-01	6.353272193982879568e-01	6.560823475576704755e-01	6.560823475576704755e-01	6.560823475576704755e-01	6.560823475576704755e-01	6.419712950657889827e-01	6.560823475576704755e-01	6.710148581823169867e-01	6.560823475576704755e-01	6.560823475576704755e-01	6.560823475576704755e-01	6.560823475576704755e-01	6.560823475576704755e-01	6.560823475576704755e-01	6.560823475576704755e-01	6.560823475576704755e-01	7.321859697751049723e-01
6.560823475576704755e-01	6.560823475576704755e-01	6.855994375795949614e-01	6.560823475576704755e-01	7.207449645972660024e-01	6.560823475576704755e-01	6.560823475576704755e-01	6.560823475576704755e-01	6.717711670317250139e-01	6.560823475576704755e-01	1.000000000000000000e+00	6.560823475576704755e-01	6.872990918287249507e-01	6.560823475576704755e-01	6.552287370770779606e-01	6.513793509603420517e-01	6.560823475576704755e-01	5.859156928141450171e-01	6.315675412162810032e-01	7.113889083366859989e-01	6.560823475576704755e-01	6.459748032996639466e-01	6.798574782827879748e-01	6.560823475576704755e-01	6.560823475576704755e-01	7.311711377386950206e-01	6.342290644766049867e-01	6.784292138270939798e-01	6.560823475576704755e-01	6.568501527839250009e-01	6.535314345323539609e-01	6.560823475576704755e-01	5.958701384285990388e-01	6.560823475576704755e-01	6.560823475576704755e-01	6.303450951349980347e-01	6.468773359456010397e-01	6.560823475576704755e-01	6.536863995281519957e-01	6.164547181714770119e-01	6.560823475576704755e-01	6.568784352127590154e-01	6.560823475576704755e-01	6.760877746141410460e-01	5.962169350536109524e-01	6.486107211441609621e-01	6.560823475576704755e-01	6.560823475576704755e-01	6.560823475576704755e-01	6.630371429024090046e-01	6.560823475576704755e-01	6.560823475576704755e-01	6.388268672439360030e-01	6.560823475576704755e-01	6.814705238454810132e-01	6.404417469972990551e-01	6.833495440050240122e-01	6.297011105573500078e-01	6.270535216907739962e-01	6.314164378499960151e-01	6.560823475576704755e-01	6.700716933967569844e-01	6.992998411090860511e-01	6.516340544669400048e-01	6.560823475576704755e-01	6.926117097852100279e-01	6.560823475576704755e-01	6.560823475576704755e-01	6.511702591023950104e-01	6.623917506034560088e-01	6.560823475576704755e-01	6.687392400191940478e-01	6.585356320920470186e-01	6.628648690841669744e-01	6.395281736805600303e-01	6.760851204268589765e-01	6.560823475576704755e-01	6.560823475576704755e-01	6.560823475576704755e-01	6.560823475576704755e-01	7.220860929555480423e-01	6.560823475576704755e-01	6.519479952902349496e-01	6.560823475576704755e-01	6.560823475576704755e-01	6.560823475576704755e-01	6.632617111330439963e-01	6.367393924948420159e-01	7.211045501502859612e-01	6.640168600983720193e-01	6.560823475576704755e-01	6.560823475576704755e-01	6.225405372426250361e-01	6.560823475576704755e-01	6.040894235651439459e-01	6.322443574719830428e-01	6.560823475576704755e-01	6.546957626686570331e-01	6.560823475576704755e-01	6.926783339232990278e-01	6.560823475576704755e-01	6.560823475576704755e-01	6.560823475576704755e-01	6.106056717776969789e-01	6.507491496267580056e-01	6.560823475576704755e-01	6.451370807884999614e-01	6.560823475576704755e-01	6.215848911253579745e-01	6.040069744397960072e-01	6.560823475576704755e-01	6.745813748127149623e-01	6.560823475576704755e-01	6.667265040017009703e-01	6.560823475576704755e-01	7.006232368296140267e-01	6.560823475576704755e-01	6.560823475576704755e-01	7.149560454242069873e-01	6.584672495629410038e-01	6.560823475576704755e-01	6.560823475576704755e-01	6.560823475576704755e-01	6.952920754217950527e-01
6.560823475576704755e-01	6.560823475576704755e-01	6.560823475576704755e-01	6.079186757486789716e-01	6.560823475576704755e-01	7.220451840098359719e-01	6.560823475576704755e-01	7.139963033549110438e-01	6.560823475576704755e-01	6.560823475576704755e-01	6.560823475576704755e-01	1.000000000000000000e+00	6.560823475576704755e-01	6.473781918683190195e-01	6.560823475576704755e-01	6.340221925223950006e-01	6.338248104386730031e-01	5.660862703632609794e-01	6.212468780168759475e-01	7.371830337682380163e-01	6.538620111187649631e-01	6.357821721313340335e-01	7.063780766026539482e-01	6.560823475576704755e-01	6.859397444254170528e-01	6.560823475576704755e-01	6.560823475576704755e-01	6.711659680454209465e-01	6.210980319424930229e-01	6.443308103392459962e-01	6.560823475576704755e-01	6.172836543697990397e-01	5.741318791052150150e-01	6.625476397827959607e-01	6.560823475576704755e-01	5.909881316315800381e-01	6.299193149568850236e-01	6.560823475576704755e-01	6.560823475576704755e-01	6.560823475576704755e-01	6.560823475576704755e-01	7.073096169096909636e-01	6.560823475576704755e-01	6.560823475576704755e-01	6.560823475576704755e-01	6.512430681733669680e-01	6.560823475576704755e-01	6.799279667074850098e-01	6.518984207037360479e-01	6.542121364859260213e-01	7.349902959964910165e-01	6.560823475576704755e-01	6.560823475576704755e-01	6.560823475576704755e-01	6.560823475576704755e-01	6.732002792342079989e-01	6.560823475576704755e-01	5.974319427267780203e-01	6.150139621931060008e-01	6.137855276457120368e-01	6.560823475576704755e-01	6.293018728354510261e-01	6.560823475576704755e-01	6.673331623826049830e-01	6.560823475576704755e-01	6.560823475576704755e-01	6.560823475576704755e-01	6.560823475576704755e-01	6.405862526605029528e-01	6.560823475576704755e-01	6.749910763604619612e-01	6.560823475576704755e-01	6.560823475576704755e-01	6.560823475576704755e-01	6.560823475576704755e-01	6.794164771332740216e-01	7.468317379492349639e-01	6.560823475576704755e-01	6.811165914052940140e-01	6.560823475576704755e-01	6.560823475576704755e-01	6.560823475576704755e-01	6.560823475576704755e-01	6.560823475576704755e-01	6.203154110094509788e-01	6.856662320874099548e-01	6.560823475576704755e-01	6.560823475576704755e-01	7.281578994456420206e-01	6.571442377921650202e-01	6.560823475576704755e-01	6.560823475576704755e-01	6.259348267498380247e-01	6.560823475576704755e-01	6.643456352354399908e-01	6.560823475576704755e-01	6.560823475576704755e-01	6.599799228484829472e-01	6.771994053765749699e-01	7.359177309289980373e-01	6.560823475576704755e-01	6.560823475576704755e-01	6.560823475576704755e-01	6.560823475576704755e-01	6.936148902776709813e-01	6.560823475576704755e-01	7.008057687918090028e-01	6.560823475576704755e-01	6.560823475576704755e-01	5.929823585294730082e-01	6.241029119107259771e-01	6.502165634635509450e-01	6.560823475576704755e-01	6.773652657759360318e-01	6.733318464885249544e-01	7.090248630761319948e-01	6.680991437477460382e-01	7.074708488587989619e-01	6.560823475576704755e-01	6.830017928549430017e-01	6.560823475576704755e-01	6.560823475576704755e-01	7.088952353557329555e-01	6.560823475576704755e-01
