1.000000000000000000e+00	3.329729729729730137e-01	2.741086881273795406e-01	2.893258426966289765e-01	2.283737024221449974e-01	3.236658932714620018e-01	2.741086881273795406e-01	2.741086881273795406e-01	2.741086881273795406e-01	2.741086881273795406e-01	2.919161676646709891e-01	2.741086881273795406e-01	2.741086881273795406e-01	4.184873949579829833e-01	1.160092807424590033e-01	2.741086881273795406e-01	2.741086881273795406e-01	2.741086881273795406e-01	2.741086881273795406e-01	2.677304964539010124e-01	3.366708385481850252e-01	3.503759398496240074e-01	2.741086881273795406e-01	2.741086881273795406e-01	2.768987341772150002e-01	2.741086881273795406e-01	1.919431279620849862e-01	2.741086881273795406e-01	2.563636363636360160e-01	2.741086881273795406e-01	2.456747404844289995e-01	9.951456310679610007e-02	2.741086881273795406e-01	2.741086881273795406e-01	2.741086881273795406e-01	2.741086881273795406e-01	2.437619961612280117e-01	2.393887945670629958e-01	2.741086881273795406e-01	3.312020460358059970e-01	3.125000000000000000e-01	2.741086881273795406e-01	2.741086881273795406e-01	1.980769230769230116e-01	2.741086881273795406e-01	2.998352553542010246e-01	2.741086881273795406e-01	2.516339869281050134e-01	3.084112149532710068e-01	2.741086881273795406e-01	2.666666666666669960e-01	3.101361573373679903e-01	2.741086881273795406e-01	2.483974358974359864e-01	2.741086881273795406e-01	1.801242236024840071e-01	2.984375000000000222e-01	2.741086881273795406e-01	2.741086881273795406e-01	2.741086881273795406e-01	2.741086881273795406e-01	2.155339805825239874e-01	2.950257289879930078e-01	2.741086881273795406e-01	2.457044673539519886e-01	2.741086881273795406e-01	2.750000000000000222e-01	1.400437636761490134e-01	3.505859375000000000e-01	2.741086881273795406e-01	2.741086881273795406e-01	2.741086881273795406e-01	3.095238095238099785e-01	2.183486238532109935e-01	2.356792144026189917e-01	2.741086881273795406e-01	2.741086881273795406e-01	2.503912363067289926e-01	1.853932584269659956e-01	2.741086881273795406e-01	2.741086881273795406e-01	2.741086881273795406e-01	2.741086881273795406e-01	2.741086881273795406e-01	2.891566265060239727e-01	2.741086881273795406e-01	5.020325203252029578e-01	3.259345794392520257e-01	2.741086881273795406e-01	2.741086881273795406e-01	2.741086881273795406e-01	2.369942196531789891e-01	3.392484342379959994e-01	2.741086881273795406e-01	1.385681293302540029e-01	2.741086881273795406e-01	2.741086881273795406e-01	2.741086881273795406e-01	1.954022988505750014e-01	2.741086881273795406e-01	2.671353251318099864e-01	2.234432234432230102e-01	2.741086881273795406e-01	4.547069271758439890e-01	2.741086881273795406e-01	2.741086881273795406e-01	2.741086881273795406e-01	2.741086881273795406e-01	2.741086881273795406e-01	2.741086881273795406e-01	2.741086881273795406e-01	2.741086881273795406e-01	2.741086881273795406e-01	2.741086881273795406e-01	2.545787545787550066e-01	2.822458270106220080e-01	2.741086881273795406e-01	2.741086881273795406e-01	2.689075630252100169e-01	2.741086881273795406e-01	2.741086881273795406e-01	2.741086881273795406e-01	2.741086881273795406e-01	2.741086881273795406e-01
3.329729729729730137e-01	1.000000000000000000e+00	2.741086881273795406e-01	5.180084745762709719e-01	2.741086881273795406e-01	2.741086881273795406e-01	2.741086881273795406e-01	3.593582887700529915e-01	2.741086881273795406e-01	3.989304812834220115e-01	2.741086881273795406e-01	4.507936507936510240e-01	2.741086881273795406e-01	2.741086881273795406e-01	2.741086881273795406e-01	2.741086881273795406e-01	4.681528662420380016e-01	2.999999999999999889e-01	2.850924918389550200e-01	2.741086881273795406e-01	6.153061224489799752e-01	4.795811518324609724e-01	2.741086881273795406e-01	2.741086881273795406e-01	2.741086881273795406e-01	5.503634475597090070e-01	2.741086881273795406e-01	2.741086881273795406e-01	3.108695652173910084e-01	4.402116402116399985e-01	2.741086881273795406e-01	2.741086881273795406e-01	2.741086881273795406e-01	3.453159041394340267e-01	3.463626492942449842e-01	2.741086881273795406e-01	2.741086881273795406e-01	2.741086881273795406e-01	5.414480587618050178e-01	5.877551020408160465e-01	2.741086881273795406e-01	2.741086881273795406e-01	2.741086881273795406e-01	2.741086881273795406e-01	7.008113590263690407e-01	2.741086881273795406e-01	2.741086881273795406e-01	2.741086881273795406e-01	2.741086881273795406e-01	2.741086881273795406e-01	4.133476856835309743e-01	4.536842105263160230e-01	2.741086881273795406e-01	3.989189189189190077e-01	3.304061470911089926e-01	2.042175360710319909e-01	4.288747346072189770e-01	2.741086881273795406e-01	1.973684210526319982e-01	3.354564755838639889e-01	7.657657657657659933e-02	2.524698133918770182e-01	3.626609442060089727e-01	2.741086881273795406e-01	3.522355507088330007e-01	4.852320675105489811e-01	2.741086881273795406e-01	1.511111111111110017e-01	8.535156250000000000e-01	1.649831649831650093e-01	2.741086881273795406e-01	2.741086881273795406e-01	2.741086881273795406e-01	2.913472070098580002e-01	2.741086881273795406e-01	7.212121212121209712e-01	2.741086881273795406e-01	2.741086881273795406e-01	2.491838955386289911e-01	4.282678002125400174e-01	2.741086881273795406e-01	6.864988558352399725e-03	2.741086881273795406e-01	2.741086881273795406e-01	2.741086881273795406e-01	2.741086881273795406e-01	3.750000000000000000e-01	6.802443991853359684e-01	1.619797525309339958e-01	2.741086881273795406e-01	2.741086881273795406e-01	2.741086881273795406e-01	9.458874458874459989e-01	3.980582524271840117e-01	2.741086881273795406e-01	2.741086881273795406e-01	1.577181208053690109e-01	2.741086881273795406e-01	2.516483516483519756e-01	2.741086881273795406e-01	3.347732181425490117e-01	2.741086881273795406e-01	3.192640692640689726e-01	4.191489361702129823e-01	3.192640692640689726e-01	3.029315960912050132e-01	2.741086881273795406e-01	2.741086881273795406e-01	4.358430540827150090e-01	2.741086881273795406e-01	2.263736263736260135e-01	2.741086881273795406e-01	2.741086881273795406e-01	4.746300211416489834e-01	3.015184381778739930e-01	2.741086881273795406e-01	3.888888888888890061e-01	2.800000000000000266e-01	3.685344827586209959e-01	2.741086881273795406e-01	2.741086881273795406e-01	2.741086881273795406e-01	4.184322033898310034e-01	2.434210526315790102e-01
2.741086881273795406e-01	2.741086881273795406e-01	1.000000000000000000e+00	2.741086881273795406e-01	2.459312839059669964e-01	2.741086881273795406e-01	2.091097308488610029e-01	2.962962962962960023e-01	2.741086881273795406e-01	2.741086881273795406e-01	3.135725429017159893e-01	2.670713201820940075e-01	2.465986394557820038e-01	2.981072555205049879e-01	1.528822055137840086e-01	2.557726465364120183e-01	2.990797546012269881e-01	2.716763005780349904e-01	2.741086881273795406e-01	2.741086881273795406e-01	3.286802030456850154e-01	2.741086881273795406e-01	3.094841930116469797e-01	2.741086881273795406e-01	2.596153846153850253e-01	3.091655266757870058e-01	1.727493917274940116e-01	3.144104803493449896e-01	2.741086881273795406e-01	2.741086881273795406e-01	2.920517560073940255e-01	1.162790697674419976e-01	2.471169686985169867e-01	2.741086881273795406e-01	3.061224489795920101e-01	2.664233576642339729e-01	2.127659574468090120e-01	2.867513611615239988e-01	2.741086881273795406e-01	3.010204081632649742e-01	2.868318122555409966e-01	2.955182072829130036e-01	1.853448275862069894e-01	2.285714285714290084e-01	2.741086881273795406e-01	2.741086881273795406e-01	2.448210922787190102e-01	2.741086881273795406e-01	2.619414483821260187e-01	3.283582089552239958e-01	2.864238410596030016e-01	2.741086881273795406e-01	2.741086881273795406e-01	3.091537132987909886e-01	2.741086881273795406e-01	1.960784313725489891e-01	2.836767036450080215e-01	1.371681415929200121e-01	1.880341880341880045e-01	2.741086881273795406e-01	7.692307692307689959e-02	2.741086881273795406e-01	2.590051457975989790e-01	2.741086881273795406e-01	2.741086881273795406e-01	2.741086881273795406e-01	2.399999999999999911e-01	2.741086881273795406e-01	3.300781250000000000e-01	2.741086881273795406e-01	3.159609120521170156e-01	3.267015706806279951e-01	2.664233576642339729e-01	3.069105691056909779e-01	2.809773123909249937e-01	2.741086881273795406e-01	2.741086881273795406e-01	2.741086881273795406e-01	2.240000000000000047e-01	2.741086881273795406e-01	2.741086881273795406e-01	8.797653958944280650e-03	2.741086881273795406e-01	2.741086881273795406e-01	2.741086881273795406e-01	2.741086881273795406e-01	2.867383512544799951e-01	2.741086881273795406e-01	1.861575178997610103e-01	2.741086881273795406e-01	2.135416666666669905e-01	2.345924453280320010e-01	2.741086881273795406e-01	3.380281690140850004e-01	1.859296482412060025e-01	2.701492537313430198e-01	2.664974619289339763e-01	3.136882129277570042e-01	2.741086881273795406e-01	2.741086881273795406e-01	2.741086881273795406e-01	2.741086881273795406e-01	2.741086881273795406e-01	3.081967213114750193e-01	2.741086881273795406e-01	2.741086881273795406e-01	2.741086881273795406e-01	2.741086881273795406e-01	2.741086881273795406e-01	2.741086881273795406e-01	2.741086881273795406e-01	2.741086881273795406e-01	2.859174964438119804e-01	3.074581430745810251e-01	2.720306513409960214e-01	2.741086881273795406e-01	2.741086881273795406e-01	2.461538461538460010e-01	2.590051457975989790e-01	2.807971014492749995e-01	2.741086881273795406e-01	2.741086881273795406e-01	2.741086881273795406e-01	2.741086881273795406e-01
2.893258426966289765e-01	5.180084745762709719e-01	2.741086881273795406e-01	1.000000000000000000e+00	2.741086881273795406e-01	4.768722466960350070e-01	2.741086881273795406e-01	2.741086881273795406e-01	2.741086881273795406e-01	3.621399176954729904e-01	3.968462549277270157e-01	3.968253968253970254e-01	2.741086881273795406e-01	3.920000000000000151e-01	1.542372881355930092e-01	2.979020979020979842e-01	2.741086881273795406e-01	2.741086881273795406e-01	2.848664688427299807e-01	3.184438040345820009e-01	2.741086881273795406e-01	2.741086881273795406e-01	2.741086881273795406e-01	2.741086881273795406e-01	3.498659517426270238e-01	4.489544895448949746e-01	2.741086881273795406e-01	4.318471337579620206e-01	2.875722543352600136e-01	3.781291172595520056e-01	2.741086881273795406e-01	1.067796610169489957e-01	3.378932968536250137e-01	2.741086881273795406e-01	3.523391812865500072e-01	2.741086881273795406e-01	2.741086881273795406e-01	3.117066290550070118e-01	2.741086881273795406e-01	2.741086881273795406e-01	4.245283018867920255e-01	2.741086881273795406e-01	2.741086881273795406e-01	2.603369065849919783e-01	4.820457018498370272e-01	2.741086881273795406e-01	3.028064992614479811e-01	3.287482806052269835e-01	3.506493506493509882e-01	4.098984771573599972e-01	3.578231292517010109e-01	2.741086881273795406e-01	2.741086881273795406e-01	2.741086881273795406e-01	2.741086881273795406e-01	2.741086881273795406e-01	3.838926174496640198e-01	2.741086881273795406e-01	2.216981132075470096e-01	2.741086881273795406e-01	2.741086881273795406e-01	2.741086881273795406e-01	3.337988826815639909e-01	3.805970149253730117e-01	3.252148997134670094e-01	3.800505050505050275e-01	3.219178082191779811e-01	2.741086881273795406e-01	5.458984375000000000e-01	1.970198675496689922e-01	2.741086881273795406e-01	2.741086881273795406e-01	3.338192419825070090e-01	3.170731707317069881e-01	2.741086881273795406e-01	5.081433224755700362e-01	3.642857142857139907e-01	2.741086881273795406e-01	2.741086881273795406e-01	3.756684491978610207e-01	2.741086881273795406e-01	2.741086881273795406e-01	2.066772655007949877e-01	4.577226606538900011e-01	3.858267716535430103e-01	1.298076923076920131e-01	3.281471004243279865e-01	4.983164983164979911e-01	2.741086881273795406e-01	2.741086881273795406e-01	2.707182320441989809e-01	2.604790419161679971e-01	2.741086881273795406e-01	3.662952646239550081e-01	2.741086881273795406e-01	2.741086881273795406e-01	2.203389830508470093e-01	2.741086881273795406e-01	2.741086881273795406e-01	4.226327944572749740e-01	2.741086881273795406e-01	2.916666666666670182e-01	2.741086881273795406e-01	3.751686909581650187e-01	2.741086881273795406e-01	2.741086881273795406e-01	2.741086881273795406e-01	2.741086881273795406e-01	3.423772609819120127e-01	2.741086881273795406e-01	2.437888198757759972e-01	3.837837837837840271e-01	2.741086881273795406e-01	3.846153846153850253e-01	2.741086881273795406e-01	2.741086881273795406e-01	3.346883468834689901e-01	2.741086881273795406e-01	3.319386331938630197e-01	2.741086881273795406e-01	3.711484593837540147e-01	2.145110410094639986e-01	3.819163292847500002e-01	2.741086881273795406e-01
2.283737024221449974e-01	2.741086881273795406e-01	2.459312839059669964e-01	2.741086881273795406e-01	1.000000000000000000e+00	2.741086881273795406e-01	2.741086881273795406e-01	2.741086881273795406e-01	2.741086881273795406e-01	2.741086881273795406e-01	2.741086881273795406e-01	2.771084337349399851e-01	2.558922558922560042e-01	2.881355932203389925e-01	2.741086881273795406e-01	9.512195121951220189e-01	2.835820895522390139e-01	2.060931899641580134e-01	2.741086881273795406e-01	2.741086881273795406e-01	3.216957605985040214e-01	3.011695906432749759e-01	2.841091492776889882e-01	2.741086881273795406e-01	2.523510971786829815e-01	3.055181695827730026e-01	2.741086881273795406e-01	2.741086881273795406e-01	2.306306306306309950e-01	2.677760968229950245e-01	2.759856630824369939e-01	2.741086881273795406e-01	2.643678160919539777e-01	2.741086881273795406e-01	2.741086881273795406e-01	2.360139860139859880e-01	2.741086881273795406e-01	2.600349040139620094e-01	2.741086881273795406e-01	2.741086881273795406e-01	2.741086881273795406e-01	2.741086881273795406e-01	2.741086881273795406e-01	2.974683544303799998e-01	2.741086881273795406e-01	2.637540453074430080e-01	2.741086881273795406e-01	2.696817420435509982e-01	2.741086881273795406e-01	2.741086881273795406e-01	2.741086881273795406e-01	2.786885245901640218e-01	1.286863270777479917e-01	2.957983193277309852e-01	2.436823104693139896e-01	2.741086881273795406e-01	2.779503105590059864e-01	2.741086881273795406e-01	1.780538302277429874e-01	2.585616438356159730e-01	2.741086881273795406e-01	2.384769539078160083e-01	2.429284525790350036e-01	2.704225352112680225e-01	2.319587628865980022e-01	2.789017341040460063e-01	2.741086881273795406e-01	2.741086881273795406e-01	2.741086881273795406e-01	1.599099099099099974e-01	2.929133858267720103e-01	3.291796469366560229e-01	2.741086881273795406e-01	2.330827067669170027e-01	2.533557046979870164e-01	2.741086881273795406e-01	2.704081632653059786e-01	2.456692913385830068e-01	2.741086881273795406e-01	2.788161993769470159e-01	2.741086881273795406e-01	1.133144475920679940e-02	2.741086881273795406e-01	3.312883435582820169e-01	3.006134969325149897e-01	1.347031963470320115e-01	2.741086881273795406e-01	3.196721311475410054e-01	2.741086881273795406e-01	2.741086881273795406e-01	2.318339100346019921e-01	2.741086881273795406e-01	3.364779874213840172e-01	2.630718954248369990e-01	1.575178997613370102e-01	2.895522388059699748e-01	2.741086881273795406e-01	2.416225749559079983e-01	2.102161100196459909e-01	3.178893178893180127e-01	2.741086881273795406e-01	2.741086881273795406e-01	2.723948811700179773e-01	2.741086881273795406e-01	2.741086881273795406e-01	2.741086881273795406e-01	2.496413199426109897e-01	2.364273204903679926e-01	2.706422018348619840e-01	2.699186991869920171e-01	2.741086881273795406e-01	2.870662460567819929e-01	2.741086881273795406e-01	2.741086881273795406e-01	2.741086881273795406e-01	2.741086881273795406e-01	2.552504038772209771e-01	2.741086881273795406e-01	2.306425041186160041e-01	2.500000000000000000e-01	3.045685279187819727e-01	2.741086881273795406e-01	2.612055641421949792e-01	2.741086881273795406e-01
3.236658932714620018e-01	2.741086881273795406e-01	2.741086881273795406e-01	4.768722466960350070e-01	2.741086881273795406e-01	1.000000000000000000e+00	2.817955112219450164e-01	2.741086881273795406e-01	3.465116279069769822e-01	3.709131905298759802e-01	4.241417497231450007e-01	4.290502793296089856e-01	3.436073059360730264e-01	2.741086881273795406e-01	1.257783312577830104e-01	3.414918414918409750e-01	4.376391982182630258e-01	2.741086881273795406e-01	2.741086881273795406e-01	2.741086881273795406e-01	2.741086881273795406e-01	4.580573951434879776e-01	3.956916099773239992e-01	4.088335220838050232e-01	2.741086881273795406e-01	2.741086881273795406e-01	1.432098765432099907e-01	4.933481152993349772e-01	3.075117370892019864e-01	2.741086881273795406e-01	2.741086881273795406e-01	2.741086881273795406e-01	3.772935779816509738e-01	3.399765533411490126e-01	3.585798816568049885e-01	2.741086881273795406e-01	2.482517482517480056e-01	2.741086881273795406e-01	5.065645514223190427e-01	2.741086881273795406e-01	2.741086881273795406e-01	2.741086881273795406e-01	2.107186358099880086e-01	2.741086881273795406e-01	2.741086881273795406e-01	2.741086881273795406e-01	2.741086881273795406e-01	2.741086881273795406e-01	2.741086881273795406e-01	5.022522522522520072e-01	3.970251716247140128e-01	4.532130777903040086e-01	2.741086881273795406e-01	3.784403669724770158e-01	3.008130081300809944e-01	2.199017199017199997e-01	4.298745724059290230e-01	1.754601226993859897e-01	1.976047904191620130e-01	2.741086881273795406e-01	7.462686567164179829e-02	2.741086881273795406e-01	3.401592718998859843e-01	5.481997677119629930e-01	3.379953379953379855e-01	2.741086881273795406e-01	2.741086881273795406e-01	2.741086881273795406e-01	2.741086881273795406e-01	2.741086881273795406e-01	4.507531865585169828e-01	7.230614300100709491e-01	3.095512082853860147e-01	2.955899880810490266e-01	2.741086881273795406e-01	2.741086881273795406e-01	3.571428571428569843e-01	3.965714285714290188e-01	2.741086881273795406e-01	4.457274826789839883e-01	2.741086881273795406e-01	7.672634271099740104e-03	2.078720787207870013e-01	2.741086881273795406e-01	2.741086881273795406e-01	2.741086881273795406e-01	3.371691599539700102e-01	2.741086881273795406e-01	2.741086881273795406e-01	4.525386313465780130e-01	2.741086881273795406e-01	2.648456057007130271e-01	7.267206477732790493e-01	2.741086881273795406e-01	1.393034825870649862e-01	4.485458612975389836e-01	2.741086881273795406e-01	3.274853801169589906e-01	2.741086881273795406e-01	5.594855305466239770e-01	2.741086881273795406e-01	2.741086881273795406e-01	2.741086881273795406e-01	2.741086881273795406e-01	2.741086881273795406e-01	3.096926713947990017e-01	4.434589800443459739e-01	3.129330254041570170e-01	4.163860830527499890e-01	2.741086881273795406e-01	2.307692307692310041e-01	2.741086881273795406e-01	4.764512595837899767e-01	2.741086881273795406e-01	2.741086881273795406e-01	2.741086881273795406e-01	3.821510297482840213e-01	2.741086881273795406e-01	3.665893271461719838e-01	2.741086881273795406e-01	2.741086881273795406e-01	2.741086881273795406e-01	3.809523809523809867e-01	2.741086881273795406e-01
2.741086881273795406e-01	2.741086881273795406e-01	2.091097308488610029e-01	2.741086881273795406e-01	2.741086881273795406e-01	2.817955112219450164e-01	1.000000000000000000e+00	2.741086881273795406e-01	2.741086881273795406e-01	1.826086956521739968e-01	2.175324675324679935e-01	2.741086881273795406e-01	1.958955223880599894e-01	2.741086881273795406e-01	2.741086881273795406e-01	2.741086881273795406e-01	2.741086881273795406e-01	2.741086881273795406e-01	2.741086881273795406e-01	2.741086881273795406e-01	2.741086881273795406e-01	2.741086881273795406e-01	2.257495590828919874e-01	2.741086881273795406e-01	2.741086881273795406e-01	2.234794908062230079e-01	2.741086881273795406e-01	2.741086881273795406e-01	2.741086881273795406e-01	1.938110749185670001e-01	2.741086881273795406e-01	2.741086881273795406e-01	2.003610108303250092e-01	2.438524590163929917e-01	2.741086881273795406e-01	1.920792079207920000e-01	1.888888888888889950e-01	2.741086881273795406e-01	2.741086881273795406e-01	2.741086881273795406e-01	2.741086881273795406e-01	2.322485207100589977e-01	2.741086881273795406e-01	2.741086881273795406e-01	2.562874251497009870e-01	1.922398589065260066e-01	2.741086881273795406e-01	2.741086881273795406e-01	2.741086881273795406e-01	2.741086881273795406e-01	2.741086881273795406e-01	2.741086881273795406e-01	2.741086881273795406e-01	2.741086881273795406e-01	2.741086881273795406e-01	2.284946236559139976e-01	2.046979865771809959e-01	2.559523809523809867e-01	1.234866828087169965e-01	2.045889101338430049e-01	2.741086881273795406e-01	2.741086881273795406e-01	1.977611940298510118e-01	2.741086881273795406e-01	2.313883299798789872e-01	2.074303405572759940e-01	2.118959107806689945e-01	2.741086881273795406e-01	2.741086881273795406e-01	2.023460410557179900e-01	2.741086881273795406e-01	2.741086881273795406e-01	2.741086881273795406e-01	1.900647948164150003e-01	3.209876543209880251e-01	2.741086881273795406e-01	2.022471910112360050e-01	2.035087719298249997e-01	2.741086881273795406e-01	2.409012131715770055e-01	2.741086881273795406e-01	2.741086881273795406e-01	2.741086881273795406e-01	2.877792378449410271e-01	2.220394736842110084e-01	2.741086881273795406e-01	1.923809523809519861e-01	2.357920193470370018e-01	1.876832844574780057e-01	2.741086881273795406e-01	2.741086881273795406e-01	1.499999999999999944e-01	2.741086881273795406e-01	2.101449275362320124e-01	2.741086881273795406e-01	2.741086881273795406e-01	1.695402298850569867e-01	2.741086881273795406e-01	1.883720930232559987e-01	3.035460992907800248e-01	1.875000000000000000e-01	1.858974358974359864e-01	2.741086881273795406e-01	2.130584192439859970e-01	1.819999999999999951e-01	1.991614255765200014e-01	2.006269592476490060e-01	2.290388548057259999e-01	2.140468227424749958e-01	2.741086881273795406e-01	1.619047619047619957e-01	1.889632107023410112e-01	2.741086881273795406e-01	2.741086881273795406e-01	1.991614255765200014e-01	2.741086881273795406e-01	1.914893617021279915e-01	1.440329218106999876e-01	2.113207547169810019e-01	1.714285714285710138e-01	2.741086881273795406e-01	1.598984771573599972e-01	2.112436115843270013e-01	1.712962962962960023e-01
2.741086881273795406e-01	3.593582887700529915e-01	2.962962962962960023e-01	2.741086881273795406e-01	2.741086881273795406e-01	2.741086881273795406e-01	2.741086881273795406e-01	1.000000000000000000e+00	2.741086881273795406e-01	3.468395461912480160e-01	3.589743589743589758e-01	2.741086881273795406e-01	2.753623188405799893e-01	2.741086881273795406e-01	2.741086881273795406e-01	2.557377049180329931e-01	3.073593073593069991e-01	2.741086881273795406e-01	2.438162544169610035e-01	2.741086881273795406e-01	2.741086881273795406e-01	3.072625698324020216e-01	2.741086881273795406e-01	3.094512195121950082e-01	3.370253164556960002e-01	3.439153439153440073e-01	1.461864406779659897e-01	2.741086881273795406e-01	2.440273037542660117e-01	3.174366616989570122e-01	2.741086881273795406e-01	2.741086881273795406e-01	2.741086881273795406e-01	2.741086881273795406e-01	2.741086881273795406e-01	2.741086881273795406e-01	2.741086881273795406e-01	2.652388797364089723e-01	2.741086881273795406e-01	2.741086881273795406e-01	2.741086881273795406e-01	3.279352226720649854e-01	2.741086881273795406e-01	2.741086881273795406e-01	2.741086881273795406e-01	2.741086881273795406e-01	2.741086881273795406e-01	2.741086881273795406e-01	2.741086881273795406e-01	2.741086881273795406e-01	3.001555209953339909e-01	3.313696612665680274e-01	2.741086881273795406e-01	3.220064724919090016e-01	2.741086881273795406e-01	2.741086881273795406e-01	2.741086881273795406e-01	2.741086881273795406e-01	2.741086881273795406e-01	2.803278688524589723e-01	2.741086881273795406e-01	2.741086881273795406e-01	2.741086881273795406e-01	2.741086881273795406e-01	2.446982055464929917e-01	2.741086881273795406e-01	2.449612403100779878e-01	1.893617021276599865e-01	3.876953125000000000e-01	2.741086881273795406e-01	2.998500749625189754e-01	3.670103092783499887e-01	2.529118136439270081e-01	2.402826855123670058e-01	2.741086881273795406e-01	2.741086881273795406e-01	3.085808580858089845e-01	2.586466165413530138e-01	2.741086881273795406e-01	2.741086881273795406e-01	3.629213483146069841e-01	4.987531172069829648e-03	1.637426900584799949e-01	3.512544802867380023e-01	3.323397913561850214e-01	1.336116910229639965e-01	2.675367047308320201e-01	2.741086881273795406e-01	1.829787234042550004e-01	2.741086881273795406e-01	2.741086881273795406e-01	2.363636363636359983e-01	3.674948240165630264e-01	3.083067092651760044e-01	2.741086881273795406e-01	3.112391930835740061e-01	2.741086881273795406e-01	2.741086881273795406e-01	2.420262664165100108e-01	2.741086881273795406e-01	2.545454545454550188e-01	2.741086881273795406e-01	2.284768211920530090e-01	2.741086881273795406e-01	2.741086881273795406e-01	2.741086881273795406e-01	3.232323232323229822e-01	2.491694352159470049e-01	2.741086881273795406e-01	2.741086881273795406e-01	1.988742964352719911e-01	2.942942942942939899e-01	2.741086881273795406e-01	3.440702781844799940e-01	2.358974358974360030e-01	2.741086881273795406e-01	3.022151898734179998e-01	2.741086881273795406e-01	2.728731942215090189e-01	2.766666666666670049e-01	2.741086881273795406e-01	2.208835341365459892e-01	2.741086881273795406e-01	2.741086881273795406e-01
2.741086881273795406e-01	2.741086881273795406e-01	2.741086881273795406e-01	2.741086881273795406e-01	2.741086881273795406e-01	3.465116279069769822e-01	2.741086881273795406e-01	2.741086881273795406e-01	1.000000000000000000e+00	2.741086881273795406e-01	2.941176470588239833e-01	2.741086881273795406e-01	2.741086881273795406e-01	2.741086881273795406e-01	1.369863013698630061e-01	2.735042735042739759e-01	3.169642857142859760e-01	3.022388059701490159e-01	2.532110091743119962e-01	2.741086881273795406e-01	3.345633456334560218e-01	2.741086881273795406e-01	2.741086881273795406e-01	2.741086881273795406e-01	2.795031055900619732e-01	3.284379172229640043e-01	2.741086881273795406e-01	3.197755960729309899e-01	2.741086881273795406e-01	2.741086881273795406e-01	2.741086881273795406e-01	9.557109557109559617e-02	2.864077669902910239e-01	2.706896551724140010e-01	2.926829268292679975e-01	3.094812164579610059e-01	2.429906542056070040e-01	2.741086881273795406e-01	3.448753462603880160e-01	2.741086881273795406e-01	2.741086881273795406e-01	3.191780821917810096e-01	1.951219512195120076e-01	2.098298676748580061e-01	3.567318757192169953e-01	3.021001615508889793e-01	2.825688073394500011e-01	2.741086881273795406e-01	2.741086881273795406e-01	2.741086881273795406e-01	2.741086881273795406e-01	2.741086881273795406e-01	2.741086881273795406e-01	3.049180327868850071e-01	2.772808586762069982e-01	2.741086881273795406e-01	2.741086881273795406e-01	2.741086881273795406e-01	2.741086881273795406e-01	2.741086881273795406e-01	2.741086881273795406e-01	2.741086881273795406e-01	2.741086881273795406e-01	2.741086881273795406e-01	2.741086881273795406e-01	2.741086881273795406e-01	2.653721682847899888e-01	2.741086881273795406e-01	3.671875000000000000e-01	2.080536912751680123e-01	2.741086881273795406e-01	2.741086881273795406e-01	2.448979591836729919e-01	2.741086881273795406e-01	2.253968253968250124e-01	3.611738148984199870e-01	2.866666666666670138e-01	2.741086881273795406e-01	2.741086881273795406e-01	2.741086881273795406e-01	2.741086881273795406e-01	7.915567282321900322e-03	2.741086881273795406e-01	2.741086881273795406e-01	2.741086881273795406e-01	2.741086881273795406e-01	3.170731707317069881e-01	3.426573426573429892e-01	1.706783369803059891e-01	2.741086881273795406e-01	2.534013605442180239e-01	2.576335877862599988e-01	3.499480789200419828e-01	2.741086881273795406e-01	1.943793911007029862e-01	2.741086881273795406e-01	2.741086881273795406e-01	2.722513089005240139e-01	2.741086881273795406e-01	2.741086881273795406e-01	2.924693520140109748e-01	2.741086881273795406e-01	2.517361111111109939e-01	2.741086881273795406e-01	3.061594202898549888e-01	2.880733944954130266e-01	3.234859675036930171e-01	2.741086881273795406e-01	3.630573248407639730e-01	2.937399678972710260e-01	2.741086881273795406e-01	2.741086881273795406e-01	3.323903818953319877e-01	2.741086881273795406e-01	2.833638025594150123e-01	3.060606060606059775e-01	2.610062893081759872e-01	2.495446265938069952e-01	2.741086881273795406e-01	2.741086881273795406e-01	2.943089430894310077e-01	1.882591093117410019e-01	2.978395061728389970e-01	2.848484848484850174e-01
2.741086881273795406e-01	3.989304812834220115e-01	2.741086881273795406e-01	3.621399176954729904e-01	2.741086881273795406e-01	3.709131905298759802e-01	1.826086956521739968e-01	3.468395461912480160e-01	2.741086881273795406e-01	1.000000000000000000e+00	3.574529667149060064e-01	3.731563421828910099e-01	2.741086881273795406e-01	3.280346820809250108e-01	2.741086881273795406e-01	2.334869431643629978e-01	2.741086881273795406e-01	2.741086881273795406e-01	2.753872633390709868e-01	3.166666666666669849e-01	3.888213851761849749e-01	3.476454293628810088e-01	2.741086881273795406e-01	3.413173652694609927e-01	3.590138674884439940e-01	3.431122448979589956e-01	2.741086881273795406e-01	3.610354223433239751e-01	2.703150912106139780e-01	3.157142857142860026e-01	3.032786885245900010e-01	8.196721311475410610e-02	3.022900763358780107e-01	2.864077669902910239e-01	2.924071082390949927e-01	3.299663299663300187e-01	2.933810375670840020e-01	2.777777777777780122e-01	3.629139072847680225e-01	2.741086881273795406e-01	3.796178343949039857e-01	3.346405228758170258e-01	2.029795158286779866e-01	2.245614035087719895e-01	2.741086881273795406e-01	3.231240428790200236e-01	2.741086881273795406e-01	3.181818181818180102e-01	3.052781740370900110e-01	3.581267217630850208e-01	2.741086881273795406e-01	2.741086881273795406e-01	2.741086881273795406e-01	3.138461538461539968e-01	3.062605752961080063e-01	2.741086881273795406e-01	3.226277372262770227e-01	1.296296296296300110e-01	2.741086881273795406e-01	2.623456790123460114e-01	8.631578947368420685e-02	2.149046793760830132e-01	2.741086881273795406e-01	3.098404255319149869e-01	2.618296529968450193e-01	2.741086881273795406e-01	2.741086881273795406e-01	1.461538461538459954e-01	2.741086881273795406e-01	2.080808080808080052e-01	2.741086881273795406e-01	2.741086881273795406e-01	3.014827018121910007e-01	2.337228714524209883e-01	2.741086881273795406e-01	4.202247191011240224e-01	2.741086881273795406e-01	3.262518968133539810e-01	2.399299474605950111e-01	2.741086881273795406e-01	2.741086881273795406e-01	9.174311926605510301e-03	2.741086881273795406e-01	2.741086881273795406e-01	2.741086881273795406e-01	2.741086881273795406e-01	3.214285714285710083e-01	3.860252004581899987e-01	1.955645161290320011e-01	2.741086881273795406e-01	2.741086881273795406e-01	2.741086881273795406e-01	2.741086881273795406e-01	2.776119402985069984e-01	1.687242798353910112e-01	3.300561797752810111e-01	1.782178217821779875e-01	2.734627831715210067e-01	2.306338028169009902e-01	3.401937046004839815e-01	2.741086881273795406e-01	3.197158081705149812e-01	2.741086881273795406e-01	2.741086881273795406e-01	3.270868824531519836e-01	2.741086881273795406e-01	3.746397694524499777e-01	2.741086881273795406e-01	3.265602322206099806e-01	3.231240428790200236e-01	2.741086881273795406e-01	2.741086881273795406e-01	2.741086881273795406e-01	2.741086881273795406e-01	2.666666666666669960e-01	2.741086881273795406e-01	2.741086881273795406e-01	2.741086881273795406e-01	2.741086881273795406e-01	2.741086881273795406e-01	3.158705701078580175e-01	2.500000000000000000e-01	2.741086881273795406e-01	2.741086881273795406e-01
2.919161676646709891e-01	2.741086881273795406e-01	3.135725429017159893e-01	3.968462549277270157e-01	2.741086881273795406e-01	4.241417497231450007e-01	2.175324675324679935e-01	3.589743589743589758e-01	2.941176470588239833e-01	3.574529667149060064e-01	1.000000000000000000e+00	2.741086881273795406e-01	2.824536376604849797e-01	3.364864864864859917e-01	2.741086881273795406e-01	2.741086881273795406e-01	2.741086881273795406e-01	3.301127214170689883e-01	2.741086881273795406e-01	2.741086881273795406e-01	2.741086881273795406e-01	3.851261620185920109e-01	3.791606367583210124e-01	3.819742489270390173e-01	3.408450704225349792e-01	4.125786163522009997e-01	2.741086881273795406e-01	2.741086881273795406e-01	2.685887708649469796e-01	3.763888888888889950e-01	2.741086881273795406e-01	9.926470588235289383e-02	2.741086881273795406e-01	2.872023809523809867e-01	2.850812407680949900e-01	3.543307086614170265e-01	2.741086881273795406e-01	2.741086881273795406e-01	3.964421855146120222e-01	2.741086881273795406e-01	3.858173076923079869e-01	2.741086881273795406e-01	1.680261011419250106e-01	2.741086881273795406e-01	2.741086881273795406e-01	2.741086881273795406e-01	2.921874999999999889e-01	3.222060957910010126e-01	2.741086881273795406e-01	4.308943089430889994e-01	3.263009845288329935e-01	3.717774762550880019e-01	2.741086881273795406e-01	2.741086881273795406e-01	2.741086881273795406e-01	2.016806722689080122e-01	3.804809052333800179e-01	2.741086881273795406e-01	1.953642384105959973e-01	3.058823529411759945e-01	8.719851576994429310e-02	2.741086881273795406e-01	4.240506329113920003e-01	3.577863577863579780e-01	2.946428571428569843e-01	3.766578249336869910e-01	2.741086881273795406e-01	1.643356643356639890e-01	2.741086881273795406e-01	1.949910554561720133e-01	3.490304709141269779e-01	4.773195876288660044e-01	3.395638629283490029e-01	2.741086881273795406e-01	2.741086881273795406e-01	4.905027932960889792e-01	3.412816691505219935e-01	2.741086881273795406e-01	2.329635499207609872e-01	2.741086881273795406e-01	4.473684210526320260e-01	5.917159763313610196e-03	1.617161716171620078e-01	4.246260069044879848e-01	3.787878787878790066e-01	2.741086881273795406e-01	2.942898975109810022e-01	2.741086881273795406e-01	1.797153024911030128e-01	2.741086881273795406e-01	2.627737226277370164e-01	2.741086881273795406e-01	4.661190965092399940e-01	3.498542274052480194e-01	2.741086881273795406e-01	3.416886543535619936e-01	2.741086881273795406e-01	3.103975535168200239e-01	2.303999999999999937e-01	3.995243757431630183e-01	3.680884676145340095e-01	2.741086881273795406e-01	2.540620384047270197e-01	3.388888888888890172e-01	2.741086881273795406e-01	2.741086881273795406e-01	4.046639231824419869e-01	2.741086881273795406e-01	3.190348525469169916e-01	3.654970760233919869e-01	2.371475953565509998e-01	2.741086881273795406e-01	3.986928104575159781e-01	2.741086881273795406e-01	2.808641975308640015e-01	2.741086881273795406e-01	2.741086881273795406e-01	2.839116719242900100e-01	2.741086881273795406e-01	2.741086881273795406e-01	2.741086881273795406e-01	2.741086881273795406e-01	3.803418803418799898e-01	2.949152542372879826e-01
2.741086881273795406e-01	4.507936507936510240e-01	2.670713201820940075e-01	3.968253968253970254e-01	2.771084337349399851e-01	4.290502793296089856e-01	2.741086881273795406e-01	2.741086881273795406e-01	2.741086881273795406e-01	3.731563421828910099e-01	2.741086881273795406e-01	1.000000000000000000e+00	3.175775480059079836e-01	4.028571428571430246e-01	2.741086881273795406e-01	2.810650887573959977e-01	3.594594594594590076e-01	3.360522022838500211e-01	2.863999999999999879e-01	2.741086881273795406e-01	2.741086881273795406e-01	2.741086881273795406e-01	4.098360655737710023e-01	3.938953488372090028e-01	3.385269121813029858e-01	3.950000000000000178e-01	1.804788213627989968e-01	3.738680465717980073e-01	2.714723926380370189e-01	2.741086881273795406e-01	2.741086881273795406e-01	9.444444444444440034e-02	2.741086881273795406e-01	2.741086881273795406e-01	3.075757575757580020e-01	2.741086881273795406e-01	2.741086881273795406e-01	2.741086881273795406e-01	4.368421052631579760e-01	4.221954161640529835e-01	3.992673992673990147e-01	3.601003764115430217e-01	2.741086881273795406e-01	2.741086881273795406e-01	2.741086881273795406e-01	2.741086881273795406e-01	2.741086881273795406e-01	3.101449275362320179e-01	2.741086881273795406e-01	2.741086881273795406e-01	3.183098591549299861e-01	2.741086881273795406e-01	8.000000000000000167e-02	2.741086881273795406e-01	2.537537537537539745e-01	2.741086881273795406e-01	3.647887323943659887e-01	1.445578231292519999e-01	2.741086881273795406e-01	2.694524495677230180e-01	1.091954022988509965e-01	2.402597402597400067e-01	3.550834597875570098e-01	3.522580645161290103e-01	2.823179791976230257e-01	2.741086881273795406e-01	3.049132947976879726e-01	1.561403508771929960e-01	2.741086881273795406e-01	1.952983725135619963e-01	3.102981029810299995e-01	4.701030927835049833e-01	3.691813804173350033e-01	2.741086881273795406e-01	2.684659090909090051e-01	4.943693693693689828e-01	2.998544395924310213e-01	3.599419448476049999e-01	2.741086881273795406e-01	2.741086881273795406e-01	2.741086881273795406e-01	2.741086881273795406e-01	2.741086881273795406e-01	4.149425287356319769e-01	2.741086881273795406e-01	1.320422535211270010e-01	2.741086881273795406e-01	2.741086881273795406e-01	1.798561151079139941e-01	2.741086881273795406e-01	2.960725075528700123e-01	2.560386473429949739e-01	2.741086881273795406e-01	3.035460992907800248e-01	1.599264705882350035e-01	2.741086881273795406e-01	1.771019677996419905e-01	3.016845329249620011e-01	2.741086881273795406e-01	2.741086881273795406e-01	2.741086881273795406e-01	2.813990461049279967e-01	2.854961832061069793e-01	4.032258064516129892e-01	2.815829528158300121e-01	2.759689922480619839e-01	3.912448700410400271e-01	2.741086881273795406e-01	3.438789546079780157e-01	3.592375366568920092e-01	2.154605263157889916e-01	2.741086881273795406e-01	3.716129032258059794e-01	2.741086881273795406e-01	2.661538461538460187e-01	4.184704184704179930e-01	3.261494252873560207e-01	2.550544323483669995e-01	2.741086881273795406e-01	2.741086881273795406e-01	3.328488372093019732e-01	2.442882249560630048e-01	2.741086881273795406e-01	2.249190938511330118e-01
