1.000000000000000000e+00	8.131346566186130609e-01	8.131346566186130609e-01	8.268945554789060015e-01	8.131346566186130609e-01	8.131346566186130609e-01	8.295305453929020523e-01	8.131346566186130609e-01	8.131346566186130609e-01	8.131346566186130609e-01	9.225132488705030109e-01	8.131346566186130609e-01	8.131346566186130609e-01	8.131346566186130609e-01	9.211983569214829970e-01	8.131346566186130609e-01	8.591066963452780314e-01	8.131346566186130609e-01	8.131346566186130609e-01	9.093282926205690231e-01	6.410509725250299606e-01	8.131346566186130609e-01	7.500952021834760286e-01	8.131346566186130609e-01	8.872257310331640445e-01	9.392393512056299576e-01	8.131346566186130609e-01	8.476668542650750426e-01	9.353791942996559916e-01	8.131346566186130609e-01	8.131346566186130609e-01	8.131346566186130609e-01	8.131346566186130609e-01	8.377895361012219766e-01	8.131346566186130609e-01	8.131346566186130609e-01	9.036906102313869704e-01	8.131346566186130609e-01	8.131346566186130609e-01	8.131346566186130609e-01	8.131346566186130609e-01	8.131346566186130609e-01	8.131346566186130609e-01	8.131346566186130609e-01	8.131346566186130609e-01	8.131346566186130609e-01	8.131346566186130609e-01	8.131346566186130609e-01	8.750271489452090545e-01	7.419209905609740474e-01	8.131346566186130609e-01	8.131346566186130609e-01	8.131346566186130609e-01	8.131346566186130609e-01	9.283029899183600220e-01	7.627467522978099712e-01	8.131346566186130609e-01	9.483020982489860362e-01	9.253212641190680099e-01	8.131346566186130609e-01	8.131346566186130609e-01	8.131346566186130609e-01	8.131346566186130609e-01	8.131346566186130609e-01	8.131346566186130609e-01	8.131346566186130609e-01	8.131346566186130609e-01	7.674500899938979659e-01	8.131346566186130609e-01	8.131346566186130609e-01	9.373651224183600084e-01	8.131346566186130609e-01	8.131346566186130609e-01	8.131346566186130609e-01	5.429284510988340307e-01	8.131346566186130609e-01	9.264053851062790113e-01	9.169385455860580292e-01	7.674038383571279986e-01	9.424579463717099870e-01	8.131346566186130609e-01	9.523713675590970151e-01	9.050142767147789646e-01	6.549480594676829748e-01	9.394388429253890394e-01	9.453429490393150392e-01	9.490835069363849907e-01	8.131346566186130609e-01	8.131346566186130609e-01	7.735909407795390491e-01	8.131346566186130609e-01	8.131346566186130609e-01	8.131346566186130609e-01	8.131346566186130609e-01	8.131346566186130609e-01	8.131346566186130609e-01	8.131346566186130609e-01	8.131346566186130609e-01	8.131346566186130609e-01	8.131346566186130609e-01	8.131346566186130609e-01	8.131346566186130609e-01	8.131346566186130609e-01	8.131346566186130609e-01	8.131346566186130609e-01	8.131346566186130609e-01	8.131346566186130609e-01	8.131346566186130609e-01	8.131346566186130609e-01	9.023507517880530182e-01	9.285747741435289582e-01	8.131346566186130609e-01	7.905450604771729894e-01	8.131346566186130609e-01	6.731952989304510471e-01	9.455518781033970255e-01	9.195052572177659922e-01	9.467901190752869844e-01	8.131346566186130609e-01	8.131346566186130609e-01	8.131346566186130609e-01	8.131346566186130609e-01	9.197427900090719977e-01	9.308641112044639954e-01
8.131346566186130609e-01	1.000000000000000000e+00	8.131346566186130609e-01	8.131346566186130609e-01	7.601527980063740308e-01	7.624009644313169964e-01	7.852177838477539806e-01	7.800853440636840164e-01	7.460825435716980092e-01	8.131346566186130609e-01	8.131346566186130609e-01	8.131346566186130609e-01	7.178135840249529886e-01	8.131346566186130609e-01	8.131346566186130609e-01	8.131346566186130609e-01	7.536037015131079597e-01	8.131346566186130609e-01	6.301412145574210033e-01	6.427070604347649985e-01	8.131346566186130609e-01	6.106482637605380459e-01	7.935091265468370292e-01	8.131346566186130609e-01	7.032059097555449778e-01	8.131346566186130609e-01	8.131346566186130609e-01	7.255451753450270491e-01	5.944272523843140421e-01	7.137277731054060270e-01	6.789559771089550555e-01	8.131346566186130609e-01	8.131346566186130609e-01	8.131346566186130609e-01	8.131346566186130609e-01	5.566183945353799789e-01	8.131346566186130609e-01	6.991470617693069656e-01	8.131346566186130609e-01	8.131346566186130609e-01	6.501444524813400072e-01	8.131346566186130609e-01	8.131346566186130609e-01	8.131346566186130609e-01	8.131346566186130609e-01	8.131346566186130609e-01	7.966054654070200414e-01	8.131346566186130609e-01	8.131346566186130609e-01	8.131346566186130609e-01	8.131346566186130609e-01	8.131346566186130609e-01	7.661538984545329667e-01	6.175728647418879946e-01	6.077861243095780130e-01	8.131346566186130609e-01	6.307509600211950174e-01	6.127549079048949521e-01	8.131346566186130609e-01	8.131346566186130609e-01	8.131346566186130609e-01	7.761772879848890527e-01	6.107481653187749604e-01	8.131346566186130609e-01	8.131346566186130609e-01	8.519495306946830437e-01	8.131346566186130609e-01	8.131346566186130609e-01	6.675562957250229523e-01	8.131346566186130609e-01	6.057504526227830421e-01	6.381360664964710327e-01	8.131346566186130609e-01	8.131346566186130609e-01	7.003198406561049749e-01	8.131346566186130609e-01	6.160275061558160292e-01	8.131346566186130609e-01	8.131346566186130609e-01	6.296404705068829877e-01	8.131346566186130609e-01	8.131346566186130609e-01	8.131346566186130609e-01	8.131346566186130609e-01	8.131346566186130609e-01	8.131346566186130609e-01	5.988827819331680180e-01	8.131346566186130609e-01	1.000000000000000021e-03	8.131346566186130609e-01	8.131346566186130609e-01	7.565247852868349776e-01	7.068155205467600011e-01	8.131346566186130609e-01	6.004195936987990478e-01	5.734165029751600029e-01	8.131346566186130609e-01	6.016442846443950110e-01	8.131346566186130609e-01	8.131346566186130609e-01	7.007762289728870497e-01	8.131346566186130609e-01	6.315787681935129960e-01	7.894431893133200262e-01	8.131346566186130609e-01	8.131346566186130609e-01	8.294234211883749763e-01	8.131346566186130609e-01	8.131346566186130609e-01	5.833977503429730316e-01	8.131346566186130609e-01	8.131346566186130609e-01	7.939897850612960273e-01	7.955567909044249930e-01	8.131346566186130609e-01	6.857099100712350515e-01	8.131346566186130609e-01	8.131346566186130609e-01	8.131346566186130609e-01	8.131346566186130609e-01	8.432774290832499853e-01	6.309863310728940355e-01	5.547158909061840060e-01	8.131346566186130609e-01
8.131346566186130609e-01	8.131346566186130609e-01	1.000000000000000000e+00	8.131346566186130609e-01	8.190085310692459819e-01	7.797921180236220273e-01	8.049107853332609919e-01	8.131346566186130609e-01	8.131346566186130609e-01	8.131346566186130609e-01	8.131346566186130609e-01	8.131346566186130609e-01	7.495722740703749665e-01	8.131346566186130609e-01	8.131346566186130609e-01	7.871220577481480296e-01	8.131346566186130609e-01	8.131346566186130609e-01	8.131346566186130609e-01	6.402493348411809615e-01	8.131346566186130609e-01	6.565514831119959593e-01	8.462084653826370539e-01	8.333125368835260227e-01	7.782896675993939972e-01	6.792522218779950549e-01	6.967014120367559515e-01	8.131346566186130609e-01	8.131346566186130609e-01	8.131346566186130609e-01	7.268081235845690324e-01	6.293965698153060062e-01	6.127197376846860166e-01	8.131346566186130609e-01	8.131346566186130609e-01	5.805583578792780086e-01	7.145209234520979447e-01	8.131346566186130609e-01	6.348954131115269739e-01	8.131346566186130609e-01	8.131346566186130609e-01	8.257230616211540530e-01	8.131346566186130609e-01	6.182786784530189816e-01	6.326182336028699504e-01	8.131346566186130609e-01	8.131346566186130609e-01	8.131346566186130609e-01	8.131346566186130609e-01	8.754667304362430125e-01	6.489513937932830379e-01	8.131346566186130609e-01	8.131346566186130609e-01	8.131346566186130609e-01	8.131346566186130609e-01	8.719462426859490023e-01	6.256901160070800216e-01	8.131346566186130609e-01	8.131346566186130609e-01	8.131346566186130609e-01	6.181881899464299890e-01	8.665701661127109823e-01	6.106763046533799644e-01	8.131346566186130609e-01	8.131346566186130609e-01	8.131346566186130609e-01	8.131346566186130609e-01	8.131346566186130609e-01	8.131346566186130609e-01	8.131346566186130609e-01	8.131346566186130609e-01	8.131346566186130609e-01	8.131346566186130609e-01	8.131346566186130609e-01	7.599150426953900084e-01	8.591091619217929853e-01	6.237967436133660115e-01	7.020706091967540141e-01	8.131346566186130609e-01	6.722203350342179640e-01	8.131346566186130609e-01	6.331758585221339830e-01	6.232169719692549625e-01	8.998396727171880105e-01	8.131346566186130609e-01	8.131346566186130609e-01	6.517772669451209477e-01	6.103206312739779538e-01	8.131346566186130609e-01	8.131346566186130609e-01	8.185244723682170154e-01	8.131346566186130609e-01	7.417698285996630059e-01	6.309790875771850160e-01	8.131346566186130609e-01	8.131346566186130609e-01	7.641336658044739494e-01	8.131346566186130609e-01	6.562142881885549839e-01	8.131346566186130609e-01	8.131346566186130609e-01	8.574637321859019945e-01	8.131346566186130609e-01	8.131346566186130609e-01	8.131346566186130609e-01	8.131346566186130609e-01	8.131346566186130609e-01	8.131346566186130609e-01	7.723287068550229728e-01	5.906571402448279606e-01	8.131346566186130609e-01	8.131346566186130609e-01	8.131346566186130609e-01	7.773275664747689717e-01	8.131346566186130609e-01	6.686991119333109967e-01	6.586331087282639718e-01	8.131346566186130609e-01	8.131346566186130609e-01	6.266317625899400223e-01	8.174774417822410211e-01	8.131346566186130609e-01	6.044757666151610032e-01	8.131346566186130609e-01
8.268945554789060015e-01	8.131346566186130609e-01	8.131346566186130609e-01	1.000000000000000000e+00	8.485698820121070352e-01	8.040103757947789642e-01	7.913758797874550499e-01	8.131346566186130609e-01	8.131346566186130609e-01	8.212940439706909457e-01	8.131346566186130609e-01	8.131346566186130609e-01	8.131346566186130609e-01	8.131346566186130609e-01	8.308958039344569446e-01	8.305882462068280292e-01	8.131346566186130609e-01	6.285012715631459468e-01	8.131346566186130609e-01	8.131346566186130609e-01	8.131346566186130609e-01	8.131346566186130609e-01	8.131346566186130609e-01	8.131346566186130609e-01	8.131346566186130609e-01	8.131346566186130609e-01	8.462011797459899620e-01	8.032884680479199790e-01	8.092607425027009693e-01	8.429290003287690514e-01	8.249579823827839498e-01	7.995624228661529775e-01	8.131346566186130609e-01	8.131346566186130609e-01	8.131346566186130609e-01	8.131346566186130609e-01	8.131346566186130609e-01	8.097881260304370388e-01	8.131346566186130609e-01	8.131346566186130609e-01	8.057913899119549805e-01	7.477738661017719890e-01	8.190273352386669981e-01	7.906902774054089811e-01	7.994729351477789514e-01	8.131346566186130609e-01	7.537421326033909574e-01	8.131346566186130609e-01	8.597011049710769903e-01	8.131346566186130609e-01	8.202693654673399726e-01	8.131346566186130609e-01	8.131346566186130609e-01	8.131346566186130609e-01	8.131346566186130609e-01	7.909762511921519801e-01	7.971612055368529903e-01	8.131346566186130609e-01	8.131346566186130609e-01	8.131346566186130609e-01	7.927647945873239621e-01	7.156003654096589894e-01	8.131346566186130609e-01	8.131346566186130609e-01	8.131346566186130609e-01	8.131346566186130609e-01	7.851073692669080506e-01	8.131346566186130609e-01	8.138584056561789515e-01	7.669612851164210321e-01	8.131346566186130609e-01	8.131346566186130609e-01	7.886053460127470105e-01	8.131346566186130609e-01	8.131346566186130609e-01	8.131346566186130609e-01	8.131346566186130609e-01	8.131346566186130609e-01	8.131346566186130609e-01	8.131346566186130609e-01	8.156027146725890464e-01	8.141550953633499565e-01	7.876463161686909631e-01	7.179351385724099810e-01	8.131346566186130609e-01	8.131346566186130609e-01	8.131346566186130609e-01	7.724993982575999452e-01	1.000000000000000021e-03	8.131346566186130609e-01	8.131346566186130609e-01	8.131346566186130609e-01	8.283172807979249930e-01	8.131346566186130609e-01	8.131346566186130609e-01	8.020030961779579526e-01	8.131346566186130609e-01	8.141177111786159770e-01	8.131346566186130609e-01	8.308338063929510131e-01	8.560179680235889821e-01	7.006254069909549909e-01	7.948972227237780519e-01	8.131346566186130609e-01	8.310221978658589581e-01	8.131346566186130609e-01	6.936986814027720216e-01	7.473190406179109901e-01	7.760547812113589572e-01	7.679127597072570310e-01	8.131346566186130609e-01	8.131346566186130609e-01	8.131346566186130609e-01	8.131346566186130609e-01	7.298913263700039789e-01	8.131346566186130609e-01	8.001569672959659707e-01	8.131346566186130609e-01	8.131346566186130609e-01	8.193870480762469599e-01	7.655340862096819965e-01	8.131346566186130609e-01	7.775328338785589821e-01	8.131346566186130609e-01
8.131346566186130609e-01	7.601527980063740308e-01	8.190085310692459819e-01	8.485698820121070352e-01	1.000000000000000000e+00	8.433693995756990081e-01	8.131346566186130609e-01	8.131346566186130609e-01	9.203527384079039919e-01	8.131346566186130609e-01	9.246655623844359795e-01	7.369467581938230483e-01	8.874498313138540206e-01	5.537869452341359633e-01	8.527567735991079534e-01	9.077325547837850062e-01	8.768975251187830500e-01	6.360370748843180433e-01	8.131346566186130609e-01	8.340542459232309636e-01	7.310128700564729742e-01	8.711508356534459763e-01	8.131346566186130609e-01	8.525977107399760335e-01	8.131346566186130609e-01	8.918336777396409509e-01	8.984874735413379554e-01	8.131346566186130609e-01	8.131346566186130609e-01	8.755772885196579924e-01	8.090679964030680349e-01	8.131346566186130609e-01	8.131346566186130609e-01	8.519006314492999499e-01	8.131346566186130609e-01	8.131346566186130609e-01	8.131346566186130609e-01	8.131346566186130609e-01	8.131346566186130609e-01	8.131346566186130609e-01	8.530407133631620065e-01	8.131346566186130609e-01	9.008758407567980520e-01	8.410128003143010345e-01	8.379506460080949903e-01	7.725149175283350100e-01	8.131346566186130609e-01	8.574415847518119804e-01	8.131346566186130609e-01	8.214236921422930493e-01	8.131346566186130609e-01	8.534545534397549593e-01	8.131346566186130609e-01	8.497737897759259917e-01	8.131346566186130609e-01	8.131346566186130609e-01	8.442969255420540442e-01	8.131346566186130609e-01	8.280320647591780103e-01	8.131346566186130609e-01	8.131346566186130609e-01	7.537745810683510461e-01	8.131346566186130609e-01	5.530388775646010169e-01	8.131346566186130609e-01	8.131346566186130609e-01	8.419860618988359580e-01	8.391033644894639876e-01	8.131346566186130609e-01	8.184516533531069893e-01	8.523359334201809911e-01	8.601008970806970355e-01	8.497079450450489846e-01	8.131346566186130609e-01	8.131346566186130609e-01	7.931243540051889918e-01	8.486307675236810510e-01	8.805138107302580286e-01	8.377486623952810074e-01	8.131346566186130609e-01	8.131346566186130609e-01	8.131346566186130609e-01	8.459947794390220155e-01	7.730383211429260326e-01	8.131346566186130609e-01	8.640024275503439544e-01	8.131346566186130609e-01	8.071639067503370013e-01	1.000000000000000021e-03	8.317403847559590169e-01	8.131346566186130609e-01	8.131346566186130609e-01	8.131346566186130609e-01	8.340542459232309636e-01	8.678917659334299817e-01	8.446944025586580196e-01	8.131346566186130609e-01	8.131346566186130609e-01	8.131346566186130609e-01	8.807185223187530276e-01	9.141953231074350095e-01	8.131346566186130609e-01	8.632340861457250547e-01	8.572078411657529928e-01	8.939169782898129801e-01	8.669009992621520277e-01	7.448822957377020382e-01	7.642477106973459833e-01	8.245981904246759697e-01	8.131346566186130609e-01	8.397321309846159654e-01	8.474771216672479790e-01	8.131346566186130609e-01	8.131346566186130609e-01	7.822801989907790521e-01	8.131346566186130609e-01	8.131346566186130609e-01	8.131346566186130609e-01	8.935142892980939555e-01	8.559491829478249603e-01	8.131346566186130609e-01	8.395176710981659962e-01	8.131346566186130609e-01	8.131346566186130609e-01
8.131346566186130609e-01	7.624009644313169964e-01	7.797921180236220273e-01	8.040103757947789642e-01	8.433693995756990081e-01	1.000000000000000000e+00	7.782360622282480378e-01	8.131346566186130609e-01	8.131346566186130609e-01	8.218646490311569686e-01	8.131346566186130609e-01	7.400602266012960007e-01	8.131346566186130609e-01	8.131346566186130609e-01	8.131346566186130609e-01	8.300830497589509749e-01	8.258107475595419800e-01	6.348462182338849846e-01	7.767165475735759994e-01	8.131346566186130609e-01	7.036621594203430474e-01	8.131346566186130609e-01	7.867607035411749994e-01	8.131346566186130609e-01	8.082765934506990213e-01	7.903136761205169503e-01	8.131346566186130609e-01	8.162794632927480309e-01	7.581114011471770109e-01	8.131346566186130609e-01	8.131346566186130609e-01	8.131346566186130609e-01	8.131346566186130609e-01	8.413049020532600286e-01	8.131346566186130609e-01	8.131346566186130609e-01	8.131346566186130609e-01	8.023760566265240035e-01	8.131346566186130609e-01	8.131346566186130609e-01	8.131346566186130609e-01	7.604168153365370442e-01	8.131346566186130609e-01	7.507520686222800554e-01	8.131346566186130609e-01	8.131346566186130609e-01	8.131346566186130609e-01	7.654264394816140404e-01	8.666074718044769476e-01	8.232007530367509984e-01	7.787745171492299612e-01	7.918597912591780474e-01	8.131346566186130609e-01	7.604386390525309514e-01	8.131346566186130609e-01	8.028874322821949461e-01	7.563706478897550545e-01	8.131346566186130609e-01	8.131346566186130609e-01	8.131346566186130609e-01	8.131346566186130609e-01	8.131346566186130609e-01	7.368071825386039997e-01	5.780512181500040425e-01	8.131346566186130609e-01	7.540147431287109736e-01	7.671153791643450237e-01	8.131346566186130609e-01	8.131346566186130609e-01	7.384075423082480105e-01	8.131346566186130609e-01	7.663078302863429725e-01	7.539260257092650352e-01	8.131346566186130609e-01	8.131346566186130609e-01	8.131346566186130609e-01	7.526634761228759851e-01	7.770554476230699947e-01	8.131346566186130609e-01	8.131346566186130609e-01	8.131346566186130609e-01	7.713828297095030040e-01	8.131346566186130609e-01	7.695740555143839590e-01	7.654989345931629829e-01	7.700004374205550173e-01	8.131346566186130609e-01	7.487681504507669450e-01	1.000000000000000021e-03	8.075160917125360216e-01	8.131346566186130609e-01	7.719386966915650072e-01	8.179280171257019560e-01	7.547031986805510240e-01	8.131346566186130609e-01	8.131346566186130609e-01	8.028160043969729820e-01	7.694547992275709847e-01	8.131346566186130609e-01	8.131346566186130609e-01	8.131346566186130609e-01	8.131346566186130609e-01	8.131346566186130609e-01	7.954928641690269808e-01	7.932745979957529503e-01	8.131346566186130609e-01	7.235821810141559451e-01	8.131346566186130609e-01	8.131346566186130609e-01	7.271148134874400037e-01	7.335031767049029483e-01	8.131346566186130609e-01	7.749308497246389926e-01	7.585357860498630478e-01	8.131346566186130609e-01	8.131346566186130609e-01	8.131346566186130609e-01	8.236639383070070153e-01	8.131346566186130609e-01	8.131346566186130609e-01	8.131346566186130609e-01	7.533506978960929912e-01	8.131346566186130609e-01	8.131346566186130609e-01
8.295305453929020523e-01	7.852177838477539806e-01	8.049107853332609919e-01	7.913758797874550499e-01	8.131346566186130609e-01	7.782360622282480378e-01	1.000000000000000000e+00	9.079305659239940152e-01	8.624590023994169741e-01	8.131346566186130609e-01	8.509110253792729894e-01	7.373741086100540354e-01	8.131346566186130609e-01	8.131346566186130609e-01	7.900392785762320180e-01	8.457544472512259492e-01	8.131346566186130609e-01	8.131346566186130609e-01	7.951596151207449559e-01	7.810194773114289557e-01	8.131346566186130609e-01	8.131346566186130609e-01	8.131346566186130609e-01	8.131346566186130609e-01	8.131346566186130609e-01	8.131346566186130609e-01	8.131346566186130609e-01	8.131346566186130609e-01	8.131346566186130609e-01	8.080956775436219930e-01	8.131346566186130609e-01	7.799599820370609615e-01	7.855874476623030400e-01	8.069739760182369492e-01	8.131346566186130609e-01	8.131346566186130609e-01	8.455141833375640070e-01	8.131346566186130609e-01	7.854341513071859682e-01	8.527861422948149750e-01	8.167926675254499891e-01	8.131346566186130609e-01	8.131346566186130609e-01	8.038627125182999933e-01	7.718567309758159745e-01	8.131346566186130609e-01	8.131346566186130609e-01	8.131346566186130609e-01	8.131346566186130609e-01	8.131346566186130609e-01	7.800607177897590505e-01	8.131346566186130609e-01	8.253700422094220057e-01	7.859257071873659850e-01	8.131346566186130609e-01	8.131346566186130609e-01	8.131346566186130609e-01	7.915144345368609891e-01	8.131346566186130609e-01	7.961095146628770491e-01	7.742217201370720225e-01	8.131346566186130609e-01	7.923303549374429711e-01	5.558872413155480086e-01	8.243946934335729670e-01	8.088358331600640216e-01	7.960044219176859448e-01	8.258391882419360286e-01	8.460409116088459802e-01	8.131346566186130609e-01	7.755716249151110020e-01	8.131346566186130609e-01	8.131346566186130609e-01	8.131346566186130609e-01	8.131346566186130609e-01	8.131346566186130609e-01	7.931061445461360382e-01	7.994431081340529488e-01	8.131346566186130609e-01	7.963265979464370092e-01	8.083670665924189702e-01	8.131346566186130609e-01	8.141200476398700037e-01	7.694172594065979975e-01	8.131346566186130609e-01	8.131346566186130609e-01	8.131346566186130609e-01	8.131346566186130609e-01	8.131346566186130609e-01	8.131346566186130609e-01	8.131346566186130609e-01	7.687264122523139731e-01	8.131346566186130609e-01	8.131346566186130609e-01	8.131346566186130609e-01	8.131346566186130609e-01	8.057497648716109850e-01	8.131346566186130609e-01	8.131346566186130609e-01	8.066451772815470544e-01	8.513800285687429525e-01	7.531885607677929473e-01	8.131346566186130609e-01	8.131346566186130609e-01	8.118964390846890034e-01	8.423751983143870081e-01	7.926100976737749937e-01	8.131346566186130609e-01	8.491618743557219906e-01	8.131346566186130609e-01	7.758454507596259653e-01	7.955636405021909718e-01	8.653573632088960021e-01	8.131346566186130609e-01	7.899780623745720209e-01	8.324209676502879462e-01	8.131346566186130609e-01	8.589711005334490501e-01	8.305405730325370328e-01	8.131346566186130609e-01	8.018857185859730174e-01	8.131346566186130609e-01	7.495077403310730357e-01	7.801995305831670446e-01
8.131346566186130609e-01	7.800853440636840164e-01	8.131346566186130609e-01	8.131346566186130609e-01	8.131346566186130609e-01	8.131346566186130609e-01	9.079305659239940152e-01	1.000000000000000000e+00	8.131346566186130609e-01	8.684573584516029898e-01	8.701313760095990002e-01	8.131346566186130609e-01	8.541578069742450374e-01	8.131346566186130609e-01	8.211337799748820165e-01	8.131346566186130609e-01	8.131346566186130609e-01	8.131346566186130609e-01	8.319003313895180218e-01	8.131346566186130609e-01	7.440703907434510489e-01	8.255287638034569664e-01	8.131346566186130609e-01	8.274334307076559591e-01	8.131346566186130609e-01	8.131346566186130609e-01	8.284860798780769864e-01	8.440086294415020118e-01	8.131346566186130609e-01	8.131346566186130609e-01	8.144472184073470178e-01	8.131346566186130609e-01	8.131346566186130609e-01	8.131346566186130609e-01	8.503715030013729859e-01	7.731869791609150555e-01	8.131346566186130609e-01	8.131346566186130609e-01	8.131346566186130609e-01	8.484968251643030257e-01	8.440183184676609551e-01	8.131533257114670343e-01	8.131346566186130609e-01	8.351944134901210237e-01	8.131346566186130609e-01	8.131346566186130609e-01	7.837431165326700366e-01	8.371550164126170257e-01	8.449659578040950025e-01	8.131346566186130609e-01	8.131346566186130609e-01	8.097160842335500153e-01	8.131346566186130609e-01	8.131346566186130609e-01	8.299020164318220427e-01	8.131346566186130609e-01	8.131346566186130609e-01	8.131346566186130609e-01	8.156237814224259752e-01	8.336785237124589854e-01	8.025672084902020220e-01	7.470059726191059513e-01	8.131346566186130609e-01	5.444107272954430421e-01	8.473287706390210117e-01	8.131346566186130609e-01	8.384726624377299986e-01	8.131346566186130609e-01	8.131346566186130609e-01	8.347750531731360502e-01	8.131346566186130609e-01	8.481267671241430328e-01	8.131346566186130609e-01	8.625060323647679716e-01	8.131346566186130609e-01	8.131346566186130609e-01	8.269325263747520083e-01	8.127566951432489972e-01	8.176839246622490398e-01	8.210348090127309595e-01	8.403372512276560125e-01	8.131346566186130609e-01	8.131346566186130609e-01	8.131346566186130609e-01	8.463226152132720115e-01	8.131346566186130609e-01	8.118148902749530160e-01	8.014646815633430510e-01	8.131346566186130609e-01	8.131346566186130609e-01	8.131346566186130609e-01	8.131346566186130609e-01	8.131346566186130609e-01	8.274904248233290183e-01	8.191660293220679456e-01	8.131346566186130609e-01	8.229149370728989776e-01	8.143934598996750429e-01	8.131346566186130609e-01	8.131346566186130609e-01	8.612222930035530188e-01	8.131346566186130609e-01	8.131346566186130609e-01	8.131346566186130609e-01	8.131346566186130609e-01	8.131346566186130609e-01	8.131346566186130609e-01	7.426964456718100349e-01	8.638189549044710258e-01	8.131346566186130609e-01	8.065386937456590077e-01	8.131346566186130609e-01	8.131346566186130609e-01	8.131346566186130609e-01	7.574893994117729568e-01	8.131346566186130609e-01	8.131346566186130609e-01	8.540082864908079552e-01	8.616895605451290185e-01	8.019570637021069537e-01	7.897332449976369739e-01	8.324042449099630092e-01	8.131346566186130609e-01	8.131346566186130609e-01
8.131346566186130609e-01	7.460825435716980092e-01	8.131346566186130609e-01	8.131346566186130609e-01	9.203527384079039919e-01	8.131346566186130609e-01	8.624590023994169741e-01	8.131346566186130609e-01	1.000000000000000000e+00	8.131346566186130609e-01	8.131346566186130609e-01	8.131346566186130609e-01	8.957146165130970283e-01	5.407793322759809618e-01	8.694174661210399835e-01	8.765603613541379513e-01	8.821984087029800525e-01	8.131346566186130609e-01	8.131346566186130609e-01	8.518590692974700174e-01	8.131346566186130609e-01	8.778971971485339809e-01	8.247307270966609538e-01	8.759165879636660046e-01	8.131346566186130609e-01	8.792537353184629589e-01	8.890328762075749847e-01	8.844064037745960061e-01	8.537142242200139730e-01	8.846094815884339990e-01	8.131346566186130609e-01	8.131346566186130609e-01	8.363217384722020364e-01	8.131346566186130609e-01	8.131346566186130609e-01	8.131346566186130609e-01	8.830824650939960163e-01	8.970961117877249702e-01	8.709333507327750024e-01	8.975802671509930386e-01	8.535598820637040340e-01	8.131346566186130609e-01	8.131346566186130609e-01	8.515388642539040154e-01	8.131346566186130609e-01	8.131346566186130609e-01	8.131346566186130609e-01	8.583328551590220235e-01	9.035324190215010542e-01	8.205942973597980528e-01	8.745300600190419882e-01	8.131346566186130609e-01	8.677722164649339653e-01	8.131346566186130609e-01	8.365954039656220420e-01	8.551143765160339472e-01	8.522723361169339817e-01	8.804102094230059627e-01	8.359689861585599679e-01	8.131346566186130609e-01	8.131346566186130609e-01	8.131346566186130609e-01	8.428951329906270162e-01	8.131346566186130609e-01	8.131346566186130609e-01	8.131346566186130609e-01	8.638933310105999519e-01	8.131346566186130609e-01	8.131346566186130609e-01	8.131346566186130609e-01	8.581284212833489855e-01	8.131346566186130609e-01	8.131346566186130609e-01	8.494104880137309799e-01	8.131346566186130609e-01	7.877525662208579860e-01	8.573554612792989582e-01	8.770082638897249705e-01	8.131346566186130609e-01	8.671348973633850044e-01	8.131346566186130609e-01	8.131346566186130609e-01	8.356427627813479697e-01	8.131346566186130609e-01	8.131346566186130609e-01	8.131346566186130609e-01	8.673265417636779606e-01	8.131346566186130609e-01	8.131346566186130609e-01	8.131346566186130609e-01	7.999365440690510143e-01	8.131346566186130609e-01	8.131346566186130609e-01	8.131346566186130609e-01	8.704260970441529688e-01	8.460093472208920495e-01	8.131346566186130609e-01	8.131346566186130609e-01	8.131346566186130609e-01	8.973227051826480061e-01	8.131346566186130609e-01	7.376280974726630024e-01	8.611901622233529840e-01	8.501665254060589705e-01	8.131346566186130609e-01	8.131346566186130609e-01	8.131346566186130609e-01	8.131346566186130609e-01	8.131346566186130609e-01	8.131346566186130609e-01	8.131346566186130609e-01	8.597455171381519490e-01	8.292330123145980059e-01	8.131346566186130609e-01	7.896879167729670135e-01	8.580988686074410010e-01	8.131346566186130609e-01	8.131346566186130609e-01	8.131346566186130609e-01	8.635785159822779722e-01	7.760926448766150010e-01	8.545648313461190471e-01	8.131346566186130609e-01	8.684324347223619789e-01
8.131346566186130609e-01	8.131346566186130609e-01	8.131346566186130609e-01	8.212940439706909457e-01	8.131346566186130609e-01	8.218646490311569686e-01	8.131346566186130609e-01	8.684573584516029898e-01	8.131346566186130609e-01	1.000000000000000000e+00	8.131346566186130609e-01	7.977677015412459882e-01	8.145383822480569691e-01	6.325401690060790116e-01	8.131346566186130609e-01	8.131346566186130609e-01	8.131346566186130609e-01	7.206724619854020242e-01	7.730494140378949552e-01	8.131346566186130609e-01	8.131346566186130609e-01	8.131346566186130609e-01	8.596863014252159596e-01	8.603946899710299689e-01	8.131346566186130609e-01	7.752511711166809594e-01	7.778363719432179746e-01	8.131346566186130609e-01	8.131346566186130609e-01	8.131346566186130609e-01	8.275640480330830329e-01	7.291627227080920148e-01	8.131346566186130609e-01	8.230802730503620213e-01	7.682720717974279578e-01	8.131346566186130609e-01	8.037658232317600460e-01	8.264414125244969878e-01	8.131346566186130609e-01	8.377414495953560136e-01	7.536383069019929604e-01	8.408945400332139553e-01	8.131346566186130609e-01	7.383863508594390446e-01	8.131346566186130609e-01	8.131346566186130609e-01	8.131346566186130609e-01	7.464166458650010050e-01	8.523628414001549469e-01	8.131346566186130609e-01	7.358667940026489829e-01	7.708738209764079974e-01	8.131346566186130609e-01	7.371857900239610073e-01	8.131346566186130609e-01	8.448253200836930432e-01	7.526353954926929823e-01	8.131346566186130609e-01	7.180608352555609697e-01	8.131346566186130609e-01	8.131346566186130609e-01	8.131346566186130609e-01	7.274007566378759559e-01	6.476155367249469830e-01	8.131346566186130609e-01	8.472217794617340481e-01	8.034636959436659565e-01	8.560032278991740462e-01	8.131346566186130609e-01	8.131346566186130609e-01	8.131346566186130609e-01	8.131346566186130609e-01	7.179578035611470233e-01	7.773409518273789454e-01	6.732281440878640222e-01	8.131346566186130609e-01	7.373868059758430515e-01	8.131346566186130609e-01	8.131346566186130609e-01	8.131346566186130609e-01	8.131346566186130609e-01	8.131346566186130609e-01	8.131346566186130609e-01	8.461841801710859867e-01	8.131346566186130609e-01	8.131346566186130609e-01	7.484845481223429964e-01	7.150830149781389755e-01	1.000000000000000021e-03	8.673215634513089523e-01	8.244183532939199921e-01	8.131346566186130609e-01	7.900370112249139876e-01	7.402556528899220112e-01	7.314346802846030116e-01	8.131346566186130609e-01	8.131346566186130609e-01	8.131346566186130609e-01	7.478103499429109569e-01	7.795347967021000191e-01	8.023760566265240035e-01	8.131346566186130609e-01	8.131346566186130609e-01	8.131346566186130609e-01	8.131346566186130609e-01	7.789622819259489628e-01	7.983127969110920263e-01	7.195936297377010238e-01	8.299496529528519462e-01	7.161530294932100249e-01	7.029375471327909963e-01	8.131346566186130609e-01	8.345858109336159458e-01	8.351153180016299693e-01	8.131346566186130609e-01	7.726656923844239522e-01	8.131346566186130609e-01	8.131346566186130609e-01	8.119966388368300425e-01	7.356957513181769936e-01	8.347558874495359937e-01	8.131346566186130609e-01	6.876451499016069668e-01	7.420508867071059500e-01
9.225132488705030109e-01	8.131346566186130609e-01	8.131346566186130609e-01	8.131346566186130609e-01	9.246655623844359795e-01	8.131346566186130609e-01	8.509110253792729894e-01	8.701313760095990002e-01	8.131346566186130609e-01	8.131346566186130609e-01	1.000000000000000000e+00	7.132936557947280320e-01	9.126984324974619645e-01	8.131346566186130609e-01	8.945637120602639714e-01	8.131346566186130609e-01	8.675680242172489898e-01	5.857969313835620362e-01	9.066052359863979726e-01	8.899672007868499879e-01	8.131346566186130609e-01	8.131346566186130609e-01	8.131346566186130609e-01	8.131346566186130609e-01	9.028662453435110091e-01	8.131346566186130609e-01	8.131346566186130609e-01	8.770283997141420373e-01	8.131346566186130609e-01	8.849065668624149783e-01	8.463930557690919620e-01	8.131346566186130609e-01	8.728375599997260093e-01	8.714484029769909990e-01	8.916391771797590460e-01	8.773506357864619964e-01	9.017501459447989642e-01	8.131346566186130609e-01	8.131346566186130609e-01	9.094065871488540287e-01	8.939528956743020283e-01	8.131346566186130609e-01	8.935501905026289604e-01	8.131346566186130609e-01	8.131346566186130609e-01	8.131346566186130609e-01	7.939487696604740075e-01	8.973690608819400172e-01	9.085118216412839676e-01	8.186818775348290167e-01	8.131346566186130609e-01	8.131346566186130609e-01	8.803824160243119978e-01	9.012456356039939553e-01	8.729327544131569860e-01	8.131346566186130609e-01	8.131346566186130609e-01	8.131346566186130609e-01	8.724994532634380295e-01	9.177678574196970196e-01	8.131346566186130609e-01	8.131346566186130609e-01	8.754164813769570452e-01	5.453489861106739500e-01	8.131346566186130609e-01	8.131346566186130609e-01	8.131346566186130609e-01	8.337287697424310418e-01	8.131346566186130609e-01	8.131346566186130609e-01	8.131346566186130609e-01	8.131346566186130609e-01	8.966508165749129677e-01	8.665204276884640455e-01	6.198190111991179752e-01	7.538524630837230012e-01	8.833942490659889568e-01	8.965864858367890156e-01	8.131346566186130609e-01	8.131346566186130609e-01	9.144760992569189728e-01	8.131346566186130609e-01	8.805744610546439866e-01	8.131346566186130609e-01	8.893620753413730151e-01	9.138674227664950189e-01	9.027211520621839513e-01	8.558091732646130323e-01	8.131346566186130609e-01	8.131346566186130609e-01	7.586925420594019531e-01	7.722045913429870234e-01	8.131346566186130609e-01	8.748036750348040513e-01	9.150405363813109982e-01	8.131346566186130609e-01	8.131346566186130609e-01	9.072429232701529900e-01	9.199407808741939530e-01	9.234403552100900470e-01	8.131346566186130609e-01	7.065255033449110433e-01	8.131346566186130609e-01	8.131346566186130609e-01	8.131346566186130609e-01	8.942505523826760339e-01	7.254702178125309597e-01	8.131346566186130609e-01	8.131346566186130609e-01	8.131346566186130609e-01	8.131346566186130609e-01	8.644439132655490354e-01	8.131346566186130609e-01	7.635286354240039541e-01	8.131346566186130609e-01	8.131346566186130609e-01	8.807791867437979594e-01	9.256692136350880284e-01	9.201335329141759889e-01	9.020503988792849537e-01	7.632788713925939827e-01	8.131346566186130609e-01	8.663786888411190157e-01	9.055234954937939618e-01
8.131346566186130609e-01	8.131346566186130609e-01	8.131346566186130609e-01	8.131346566186130609e-01	7.369467581938230483e-01	7.400602266012960007e-01	7.373741086100540354e-01	8.131346566186130609e-01	8.131346566186130609e-01	7.977677015412459882e-01	7.132936557947280320e-01	1.000000000000000000e+00	7.257034444593020162e-01	7.421296872533870159e-01	5.835518070711199767e-01	6.922905806343310209e-01	8.131346566186130609e-01	7.724284569901670450e-01	6.221536709119579456e-01	8.131346566186130609e-01	8.131346566186130609e-01	8.131346566186130609e-01	8.109160665172640003e-01	8.147113878429299572e-01	8.131346566186130609e-01	8.131346566186130609e-01	8.131346566186130609e-01	7.146111565370459884e-01	8.131346566186130609e-01	7.148573046899809880e-01	7.152615817681859944e-01	5.506869293502709706e-01	5.434600453360129979e-01	7.824890199094289844e-01	8.131346566186130609e-01	8.131346566186130609e-01	8.131346566186130609e-01	6.823745234573840301e-01	8.131346566186130609e-01	7.269562365668189585e-01	5.606086919603989749e-01	8.131346566186130609e-01	6.416289203946099473e-01	5.529865030761369482e-01	8.131346566186130609e-01	8.307503554689920078e-01	8.723241902245040258e-01	5.656136824785900075e-01	7.227768979447489750e-01	8.131346566186130609e-01	8.131346566186130609e-01	6.254585155713000555e-01	7.176364396821469649e-01	5.608871017517870206e-01	8.131346566186130609e-01	8.131346566186130609e-01	5.576273011451340356e-01	5.872883647012590025e-01	8.131346566186130609e-01	8.131346566186130609e-01	5.382632090485059972e-01	8.595456804524740368e-01	5.410292615093600377e-01	8.131346566186130609e-01	7.811876055356119508e-01	8.131346566186130609e-01	7.189372018461429592e-01	8.710158386207760284e-01	6.032695502427920520e-01	8.131346566186130609e-01	5.823539167233360292e-01	5.675340164494819817e-01	5.467154724456310122e-01	8.131346566186130609e-01	7.980974626557699736e-01	8.392960397981430454e-01	8.131346566186130609e-01	8.131346566186130609e-01	8.131346566186130609e-01	5.910929525720439726e-01	6.227467511137489975e-01	5.646421792569370490e-01	5.599654989432409913e-01	9.355483311638049804e-01	5.641109114183729956e-01	8.131346566186130609e-01	5.724825277563110326e-01	8.131346566186130609e-01	1.000000000000000021e-03	8.131346566186130609e-01	8.227401894379160474e-01	8.131346566186130609e-01	6.618391532553330459e-01	8.131346566186130609e-01	8.131346566186130609e-01	8.131346566186130609e-01	8.131346566186130609e-01	5.659205636601859490e-01	8.131346566186130609e-01	8.131346566186130609e-01	6.395110984575409496e-01	9.044949608981990297e-01	8.131346566186130609e-01	8.009105383649229859e-01	6.026846413299270511e-01	8.131346566186130609e-01	8.333675442486550011e-01	6.256416344019789522e-01	8.131346566186130609e-01	5.194448210886469797e-01	5.229899851421120349e-01	8.131346566186130609e-01	8.131346566186130609e-01	7.535517964091360543e-01	9.216928748729129595e-01	5.880473181459500154e-01	5.970996610280689953e-01	6.711523947652060507e-01	8.131346566186130609e-01	8.131346566186130609e-01	8.035859169667940449e-01	8.131346566186130609e-01	5.398659782946609864e-01	8.131346566186130609e-01
