1.000000000000000000e+00	4.564259392428605122e-01	5.992234307865389464e-01	4.564259392428605122e-01	4.564259392428605122e-01	4.564259392428605122e-01	5.057393252035979891e-01	4.416292324044169826e-01	3.342008488036620206e-01	4.564259392428605122e-01	4.564259392428605122e-01	4.564259392428605122e-01	4.564259392428605122e-01	4.564259392428605122e-01	4.564259392428605122e-01	7.267922101633700338e-01	4.564259392428605122e-01	4.564259392428605122e-01	6.801402798078030054e-01	4.564259392428605122e-01	5.471869251853860305e-01	6.685572443779449481e-01	4.564259392428605122e-01	4.564259392428605122e-01	4.564259392428605122e-01	4.564259392428605122e-01	7.155761600875619466e-02	2.469898658061679964e-01	4.564259392428605122e-01	4.564259392428605122e-01	4.564259392428605122e-01	6.902004391431769692e-01	4.564259392428605122e-01	2.889108266924019786e-01	6.685696156873960350e-01	4.564259392428605122e-01	4.564259392428605122e-01	6.262132104145510247e-01	3.527452965672660257e-02	4.564259392428605122e-01	4.564259392428605122e-01	5.181218723220040179e-01	5.545577690434729812e-01	4.564259392428605122e-01	4.564259392428605122e-01	4.564259392428605122e-01	3.884020665298720254e-01	4.564259392428605122e-01	5.727759604950199979e-01	4.564259392428605122e-01	4.564259392428605122e-01	5.544648297556189487e-01	4.564259392428605122e-01	4.564259392428605122e-01	1.334112982412510029e-01	4.564259392428605122e-01	5.693510540973779621e-01	6.605757352756860268e-01	4.564259392428605122e-01	5.491068383182859947e-01	4.564259392428605122e-01	4.564259392428605122e-01	4.564259392428605122e-01	4.436634224891700118e-01	4.564259392428605122e-01	4.564259392428605122e-01	5.962569225583700394e-01	1.379924633550979989e-02	6.106914757990650200e-01	4.564259392428605122e-01	6.594047666598119584e-01	1.867513992084360031e-01	4.564259392428605122e-01	6.461217143003969987e-01	5.498624735247600315e-01	5.823574936563939985e-01	4.564259392428605122e-01	4.564259392428605122e-01	4.564259392428605122e-01	6.034094062551970117e-01	4.564259392428605122e-01	1.434155199266479996e-01	4.564259392428605122e-01	1.220478529219490016e-01	5.572752061726800044e-01	4.564259392428605122e-01	4.564259392428605122e-01	4.564259392428605122e-01	4.564259392428605122e-01	8.183096169243550544e-03	5.968999202852199870e-01	6.319131505668910131e-01	5.697696739736130001e-01	5.427492994290790129e-01	2.498133133540060002e-01	4.564259392428605122e-01	5.609650571915789641e-01	4.564259392428605122e-01	4.143625103891659771e-04	4.564259392428605122e-01	2.890616871320499937e-01	5.598646787183809703e-01	5.384608793143690342e-01	4.564259392428605122e-01	6.358304586525169722e-01	4.564259392428605122e-01	4.564259392428605122e-01	4.564259392428605122e-01	7.042602379812900049e-01	4.564259392428605122e-01	5.318439052486519936e-01	4.718022211915229858e-01	4.564259392428605122e-01	6.822266276716010269e-01	6.659336876813459760e-01	6.531555362483060234e-01	6.644593120852040347e-01	6.554220291053669545e-01	6.611412368435529707e-01	4.564259392428605122e-01	6.343446232613819680e-01	6.471513019447510118e-01	5.451014788829130486e-01	4.564259392428605122e-01
4.564259392428605122e-01	1.000000000000000000e+00	5.907660574717139568e-01	5.944502568123890551e-01	2.655686621914140066e-01	4.564259392428605122e-01	4.953441670989079948e-01	4.564259392428605122e-01	4.564259392428605122e-01	4.564259392428605122e-01	4.564259392428605122e-01	5.961038597997200261e-01	6.329264976908840490e-01	4.564259392428605122e-01	4.427135915553970236e-01	4.564259392428605122e-01	6.560615448173340303e-01	4.564259392428605122e-01	4.564259392428605122e-01	4.564259392428605122e-01	5.335464771537089534e-01	6.599275478859359945e-01	4.564259392428605122e-01	6.681510030368780217e-01	4.774567112588750106e-01	4.564259392428605122e-01	7.069466309084940225e-02	2.405587135174150071e-01	5.943545580908450310e-01	4.916383792546940024e-01	5.207926929574330233e-01	4.564259392428605122e-01	4.564259392428605122e-01	2.797293430202080211e-01	4.564259392428605122e-01	4.564259392428605122e-01	4.564259392428605122e-01	6.139526587186300288e-01	4.564259392428605122e-01	5.863685783280030428e-01	6.472829675517639547e-01	4.564259392428605122e-01	5.467368940947030520e-01	4.564259392428605122e-01	3.759784642986410130e-01	6.146755516192019542e-01	3.765619918578960168e-01	4.564259392428605122e-01	5.589772997749840044e-01	5.690376931884459921e-01	5.115564927111569959e-01	5.464317483834130185e-01	6.117123769316690218e-01	4.564259392428605122e-01	4.564259392428605122e-01	6.183098751915140356e-01	5.546076516146329904e-01	4.564259392428605122e-01	6.633488043395240341e-01	5.351436626648949924e-01	5.757630984835220289e-01	3.230885297705500259e-01	4.564259392428605122e-01	4.336809299432560216e-01	3.504597223241689985e-01	4.564259392428605122e-01	4.564259392428605122e-01	4.564259392428605122e-01	5.991460331079759838e-01	8.269736994876940306e-02	6.452668558830939594e-01	4.564259392428605122e-01	6.522079743083359915e-01	6.286264726621060284e-01	4.564259392428605122e-01	5.654549520079630298e-01	5.498701821673479539e-01	6.046927788044109686e-01	4.564259392428605122e-01	4.564259392428605122e-01	4.564259392428605122e-01	1.406000833395630034e-01	3.307916472328359947e-01	1.210579468840869977e-01	5.502090508515620204e-01	1.281650654603979922e-01	5.817590076507369590e-01	4.564259392428605122e-01	4.564259392428605122e-01	4.564259392428605122e-01	4.564259392428605122e-01	6.230980988583819657e-01	4.564259392428605122e-01	5.318383707751289657e-01	4.564259392428605122e-01	4.564259392428605122e-01	5.484293205564539919e-01	5.519737020728670007e-01	4.083987640704909885e-04	6.112015305870930337e-01	2.866009856295870240e-01	4.564259392428605122e-01	5.282367082802960079e-01	4.449453488856929817e-01	4.564259392428605122e-01	6.037680266695519826e-01	6.043569684695360156e-01	4.564259392428605122e-01	4.564259392428605122e-01	4.564259392428605122e-01	5.187171393568660305e-01	4.609227516602499852e-01	5.383701913289550278e-01	6.706134805885359818e-01	6.472707023390179559e-01	4.564259392428605122e-01	6.439095636697359515e-01	4.564259392428605122e-01	6.475187195579950039e-01	5.787284268414349953e-01	6.123129328997379828e-01	4.564259392428605122e-01	4.564259392428605122e-01	5.256032834339009474e-01
5.992234307865389464e-01	5.907660574717139568e-01	1.000000000000000000e+00	5.434598662609390063e-01	2.447920214073329992e-01	5.327946220145040046e-01	4.491870356898829963e-01	3.951233502583220147e-01	4.564259392428605122e-01	3.276568812950579890e-01	5.392684973750380140e-01	5.482582283240530208e-01	5.758007542905410059e-01	4.564259392428605122e-01	4.029319591344859841e-01	4.564259392428605122e-01	5.994913000648349755e-01	5.345653606902970312e-01	6.087618639628590289e-01	4.819188372848000057e-01	4.564259392428605122e-01	4.564259392428605122e-01	4.564259392428605122e-01	4.564259392428605122e-01	4.365714814893240092e-01	4.564259392428605122e-01	4.564259392428605122e-01	4.564259392428605122e-01	5.372405124804230381e-01	4.539489449504020002e-01	4.776337585095259963e-01	6.144777604660669468e-01	4.564259392428605122e-01	2.597460154993819770e-01	5.983631866153690249e-01	4.564259392428605122e-01	5.137035721518129483e-01	4.564259392428605122e-01	3.223116951641209760e-02	4.564259392428605122e-01	4.564259392428605122e-01	4.652808198223820080e-01	4.564259392428605122e-01	4.564259392428605122e-01	3.440234940951609754e-01	4.564259392428605122e-01	3.544447508331359797e-01	4.816241340461879794e-01	5.117155893824509860e-01	5.185877654523870506e-01	4.690620609209860126e-01	4.947066453837459798e-01	4.564259392428605122e-01	4.564259392428605122e-01	4.564259392428605122e-01	4.564259392428605122e-01	4.564259392428605122e-01	5.890429224764119898e-01	4.564259392428605122e-01	4.564259392428605122e-01	4.564259392428605122e-01	3.005037789438629869e-01	4.564259392428605122e-01	4.564259392428605122e-01	3.204091133452259821e-01	4.564259392428605122e-01	5.355761148352550238e-01	1.254288344722000008e-02	4.564259392428605122e-01	4.564259392428605122e-01	4.564259392428605122e-01	4.564259392428605122e-01	5.963708098159550275e-01	5.734163839891069925e-01	4.920133040812220138e-01	5.162508499658270411e-01	4.564259392428605122e-01	5.511470583101559795e-01	4.928412389878770172e-01	4.564259392428605122e-01	4.564259392428605122e-01	4.564259392428605122e-01	3.012371016981469918e-01	1.111904355236079944e-01	4.564259392428605122e-01	1.193409630370179941e-01	4.564259392428605122e-01	4.564259392428605122e-01	1.000000000000000082e-05	7.976358343059899297e-03	5.312997493758599976e-01	4.564259392428605122e-01	4.564259392428605122e-01	4.872985856163740137e-01	2.265314993188050074e-01	4.564259392428605122e-01	4.564259392428605122e-01	5.015960724115949843e-01	3.841020138329210177e-04	5.590179379811169857e-01	2.605374584868300203e-01	4.564259392428605122e-01	4.564259392428605122e-01	4.126085535176179930e-01	4.564259392428605122e-01	5.514482359814010248e-01	5.484670143301599854e-01	4.564259392428605122e-01	6.265981591782140425e-01	4.564259392428605122e-01	4.689085988566299990e-01	4.176499054660839927e-01	4.878464129365470137e-01	4.564259392428605122e-01	5.975655887359979657e-01	5.843204042632630379e-01	5.889980657520179630e-01	5.904617999904919756e-01	5.933468103484650369e-01	4.564259392428605122e-01	5.606970088397500440e-01	5.787557711916090364e-01	4.864797172634989786e-01	4.727171554617319860e-01
4.564259392428605122e-01	5.944502568123890551e-01	5.434598662609390063e-01	1.000000000000000000e+00	2.507731886764140161e-01	5.386298497648199790e-01	4.564259392428605122e-01	4.016395308064850123e-01	3.041585483142790203e-01	4.564259392428605122e-01	5.380397037776269986e-01	4.564259392428605122e-01	4.564259392428605122e-01	4.941211397350679935e-01	4.564259392428605122e-01	4.564259392428605122e-01	4.564259392428605122e-01	5.381961728407760326e-01	4.564259392428605122e-01	4.564259392428605122e-01	4.898355562159770193e-01	6.019654002363850065e-01	4.919055878358760125e-01	6.138119291763589613e-01	4.446231454664569815e-01	4.720226027604669805e-01	4.564259392428605122e-01	2.319228093921580081e-01	4.564259392428605122e-01	4.581679146336710140e-01	4.564259392428605122e-01	4.564259392428605122e-01	4.564259392428605122e-01	4.564259392428605122e-01	6.104911633008399674e-01	4.804716850261350203e-01	4.564259392428605122e-01	5.649218100778700125e-01	3.348417169115160130e-02	5.444770941783689810e-01	5.931217626045730551e-01	4.564259392428605122e-01	4.564259392428605122e-01	1.193650975377919948e-01	4.564259392428605122e-01	4.564259392428605122e-01	4.564259392428605122e-01	4.938285675944190101e-01	4.564259392428605122e-01	4.564259392428605122e-01	4.738174231099960276e-01	5.024754155937819489e-01	4.564259392428605122e-01	4.564259392428605122e-01	1.215769363268170006e-01	4.564259392428605122e-01	5.097790423396380000e-01	4.564259392428605122e-01	6.049235896349850483e-01	4.564259392428605122e-01	5.283675171269459625e-01	3.016685665008960182e-01	5.000883037192700442e-01	3.940780272124220218e-01	4.564259392428605122e-01	3.031497811283600033e-02	5.397439904774129493e-01	1.269011898966860077e-02	5.502727195606570421e-01	4.564259392428605122e-01	4.564259392428605122e-01	1.698585330874700094e-01	6.013626569909480413e-01	5.787679332721059611e-01	4.564259392428605122e-01	5.215466885755889459e-01	5.053672182673739632e-01	5.547383064853279588e-01	4.897558096326379840e-01	4.564259392428605122e-01	4.187414860421049823e-01	4.564259392428605122e-01	4.564259392428605122e-01	4.564259392428605122e-01	5.048149376227439866e-01	4.564259392428605122e-01	5.404377200614729482e-01	4.564259392428605122e-01	4.564259392428605122e-01	4.564259392428605122e-01	4.564259392428605122e-01	4.564259392428605122e-01	5.134423618357309982e-01	4.564259392428605122e-01	2.261735398041919975e-01	5.089320309453629898e-01	5.004230354782810419e-01	4.564259392428605122e-01	4.080215767672549978e-04	4.564259392428605122e-01	2.645560095806550049e-01	4.564259392428605122e-01	4.564259392428605122e-01	4.564259392428605122e-01	4.564259392428605122e-01	4.564259392428605122e-01	4.564259392428605122e-01	5.217191451683760306e-01	6.377488009663619950e-01	4.564259392428605122e-01	4.781563869172920089e-01	4.239043295641919951e-01	4.973910752266350044e-01	4.564259392428605122e-01	5.964797294309810427e-01	4.564259392428605122e-01	4.564259392428605122e-01	4.564259392428605122e-01	4.564259392428605122e-01	5.382314742768290472e-01	5.708181027770820037e-01	4.564259392428605122e-01	4.899404405198810042e-01	4.780123756624289899e-01
4.564259392428605122e-01	2.655686621914140066e-01	2.447920214073329992e-01	2.507731886764140161e-01	9.999999999999840128e-01	4.564259392428605122e-01	4.564259392428605122e-01	1.901022875138259904e-01	4.564259392428605122e-01	1.582512426071200073e-01	4.564259392428605122e-01	2.481980082493130124e-01	4.564259392428605122e-01	4.564259392428605122e-01	1.923456656760970107e-01	4.564259392428605122e-01	4.564259392428605122e-01	4.564259392428605122e-01	4.564259392428605122e-01	2.195865509570630036e-01	2.219060214629600125e-01	4.564259392428605122e-01	4.564259392428605122e-01	2.764751616840470105e-01	2.064952193672029979e-01	4.564259392428605122e-01	4.564259392428605122e-01	1.149510012631970030e-01	4.564259392428605122e-01	4.564259392428605122e-01	2.241292381533150080e-01	4.564259392428605122e-01	2.818528002637459839e-01	4.564259392428605122e-01	2.721975288944240012e-01	4.564259392428605122e-01	2.374698772323559914e-01	4.564259392428605122e-01	1.731193195994040063e-02	4.564259392428605122e-01	2.690977979004849918e-01	2.183851366482620071e-01	4.564259392428605122e-01	4.564259392428605122e-01	4.564259392428605122e-01	2.564923372677099800e-01	1.668858340829240117e-01	4.564259392428605122e-01	4.564259392428605122e-01	4.564259392428605122e-01	4.564259392428605122e-01	2.310420959327300072e-01	2.557396040316520236e-01	2.609845437678059987e-01	4.564259392428605122e-01	4.564259392428605122e-01	4.564259392428605122e-01	4.564259392428605122e-01	4.564259392428605122e-01	4.564259392428605122e-01	2.414404635354590045e-01	1.457234863025080041e-01	2.293402099182819953e-01	4.564259392428605122e-01	1.541310366329430026e-01	1.705433404210249942e-02	2.490558683598980139e-01	4.564259392428605122e-01	2.554516894743639743e-01	4.031903276338379832e-02	2.704795686667419985e-01	4.564259392428605122e-01	4.564259392428605122e-01	4.564259392428605122e-01	4.564259392428605122e-01	2.385565096737080060e-01	4.564259392428605122e-01	2.506303565198870209e-01	2.230235024970010083e-01	2.488381342021820097e-01	4.564259392428605122e-01	4.564259392428605122e-01	4.564259392428605122e-01	5.738257710158960190e-02	4.564259392428605122e-01	6.363137574283650455e-02	4.564259392428605122e-01	4.564259392428605122e-01	4.564259392428605122e-01	5.600481295622779764e-03	4.564259392428605122e-01	4.564259392428605122e-01	4.564259392428605122e-01	4.564259392428605122e-01	1.109676236832070062e-01	2.292030940912909986e-01	4.564259392428605122e-01	2.361286002743329948e-01	2.962052850325989917e-04	2.560422668547320257e-01	4.564259392428605122e-01	2.238622077733490034e-01	4.564259392428605122e-01	1.864047099774270022e-01	4.564259392428605122e-01	2.524351986017630001e-01	2.552198181662230225e-01	2.379500879790990009e-01	2.831903047791369810e-01	2.390536913507499972e-01	2.194677988944450098e-01	1.970393592104369984e-01	4.564259392428605122e-01	2.779193691781750020e-01	4.564259392428605122e-01	2.663950497984580168e-01	4.564259392428605122e-01	2.664011361511670062e-01	2.671903355502989741e-01	2.386559489755369912e-01	2.578070045783539821e-01	4.564259392428605122e-01	2.295278893661099884e-01	4.564259392428605122e-01
4.564259392428605122e-01	4.564259392428605122e-01	5.327946220145040046e-01	5.386298497648199790e-01	4.564259392428605122e-01	1.000000000000000000e+00	4.477105830121569929e-01	4.564259392428605122e-01	4.564259392428605122e-01	4.564259392428605122e-01	4.564259392428605122e-01	5.356877218029180154e-01	5.725944988206159714e-01	4.894228398422699744e-01	4.057994609789660201e-01	6.349883036790789914e-01	4.564259392428605122e-01	5.294733585428129663e-01	4.564259392428605122e-01	4.763125226050650141e-01	4.564259392428605122e-01	5.984686479429129902e-01	4.825953712068060120e-01	4.564259392428605122e-01	4.564259392428605122e-01	4.608863625098300054e-01	4.564259392428605122e-01	4.564259392428605122e-01	5.289293570712280124e-01	4.533543593560729890e-01	4.761294239152220054e-01	4.564259392428605122e-01	6.209540449149739683e-01	2.576278839336429982e-01	4.564259392428605122e-01	4.693121403221839905e-01	5.054740070019470011e-01	4.564259392428605122e-01	4.564259392428605122e-01	5.370264934020929637e-01	4.564259392428605122e-01	4.591803673147010212e-01	4.564259392428605122e-01	1.160761061029590008e-01	3.372928405671020147e-01	4.564259392428605122e-01	4.564259392428605122e-01	4.756832661544009855e-01	5.077239346414009757e-01	5.095648621483229723e-01	4.643822157354630109e-01	4.564259392428605122e-01	5.466097952897680523e-01	5.699248227034009462e-01	1.199867166368159960e-01	5.602733173339670136e-01	5.049272702997820161e-01	4.564259392428605122e-01	4.564259392428605122e-01	4.842061610704960217e-01	5.196777839245390052e-01	4.564259392428605122e-01	4.932142870074590069e-01	4.564259392428605122e-01	4.564259392428605122e-01	3.013752910430279874e-02	4.564259392428605122e-01	1.243710310825470004e-02	4.564259392428605122e-01	4.564259392428605122e-01	4.564259392428605122e-01	4.564259392428605122e-01	4.564259392428605122e-01	5.662479539766680503e-01	4.851953711389709878e-01	5.117232606401530548e-01	4.564259392428605122e-01	5.461636832296540289e-01	4.564259392428605122e-01	4.564259392428605122e-01	4.026625019850120224e-01	1.268294456283670102e-01	3.057942744079690245e-01	4.564259392428605122e-01	4.564259392428605122e-01	4.564259392428605122e-01	5.275271435304800249e-01	4.564259392428605122e-01	1.000000000000000082e-05	7.878510450880839636e-03	4.564259392428605122e-01	4.564259392428605122e-01	4.564259392428605122e-01	4.564259392428605122e-01	2.224919097112640076e-01	4.564259392428605122e-01	4.943831781945339787e-01	4.564259392428605122e-01	3.900224744325100023e-04	4.564259392428605122e-01	4.564259392428605122e-01	4.996216494460650193e-01	4.765506992938470243e-01	4.028507394190170010e-01	5.649221862505140468e-01	4.564259392428605122e-01	4.564259392428605122e-01	5.151005707783939958e-01	4.564259392428605122e-01	4.564259392428605122e-01	4.564259392428605122e-01	4.564259392428605122e-01	4.882065880244940148e-01	6.067691646605289923e-01	4.564259392428605122e-01	4.564259392428605122e-01	5.818508509699299447e-01	5.810420326309220229e-01	4.564259392428605122e-01	5.214391326199649956e-01	5.590231320484739808e-01	5.720117088875710243e-01	4.822385916211739953e-01	4.564259392428605122e-01
5.057393252035979891e-01	4.953441670989079948e-01	4.491870356898829963e-01	4.564259392428605122e-01	4.564259392428605122e-01	4.477105830121569929e-01	1.000000000000000000e+00	4.564259392428605122e-01	2.646782015387900144e-01	4.564259392428605122e-01	4.534276830640909806e-01	4.564259392428605122e-01	4.564259392428605122e-01	4.139343648381220153e-01	3.427744278116610088e-01	4.564259392428605122e-01	4.564259392428605122e-01	4.522505240061079901e-01	5.165565869554350487e-01	4.564259392428605122e-01	4.564259392428605122e-01	5.078367979432329982e-01	4.152265092124730050e-01	4.564259392428605122e-01	4.564259392428605122e-01	4.001856764871890015e-01	5.724393063857680097e-02	1.945847810806499989e-01	4.614661160802009943e-01	4.564259392428605122e-01	4.564259392428605122e-01	5.163634445668889850e-01	5.312010255769139544e-01	4.564259392428605122e-01	5.063513498157610204e-01	4.564259392428605122e-01	4.303469365413020165e-01	4.697123419697449842e-01	2.823600367117979834e-02	4.564259392428605122e-01	4.978231413790459858e-01	4.564259392428605122e-01	4.192110248707809905e-01	9.958068521553549435e-02	4.564259392428605122e-01	4.750494464743529877e-01	4.564259392428605122e-01	4.066078153733849732e-01	4.564259392428605122e-01	4.564259392428605122e-01	3.974826599194190013e-01	4.564259392428605122e-01	4.689810984990450127e-01	4.808421545261180041e-01	1.042086328829699982e-01	4.805794848111020201e-01	4.370239719339890083e-01	4.962685065386109873e-01	4.564259392428605122e-01	4.564259392428605122e-01	4.564259392428605122e-01	2.595052635136320118e-01	4.254627867535449859e-01	3.355650374616450105e-01	4.564259392428605122e-01	4.564259392428605122e-01	4.564259392428605122e-01	4.564259392428605122e-01	4.564259392428605122e-01	6.528536418280700415e-02	4.956998907978449886e-01	1.458889449874880007e-01	5.055881989675180543e-01	4.564259392428605122e-01	4.190154409266529933e-01	4.564259392428605122e-01	4.262832155326800043e-01	4.564259392428605122e-01	4.097538598318660186e-01	4.564259392428605122e-01	3.521068284132159998e-01	1.130138203994009993e-01	2.597212089957660064e-01	9.771550670342189771e-02	4.224734927209670143e-01	1.014089381267599954e-01	4.564259392428605122e-01	4.350528852113370037e-01	1.000000000000000082e-05	4.564259392428605122e-01	4.564259392428605122e-01	4.776511538691560199e-01	4.349283423190890008e-01	4.564259392428605122e-01	1.911558222121700068e-01	4.289443520608530180e-01	4.564259392428605122e-01	4.264019873600770061e-01	4.564259392428605122e-01	4.564259392428605122e-01	4.564259392428605122e-01	4.193843003238489908e-01	4.115925531576890006e-01	4.564259392428605122e-01	4.564259392428605122e-01	4.679172149576960038e-01	4.564259392428605122e-01	4.325646529668700224e-01	5.310123175376030291e-01	4.564259392428605122e-01	4.030973599153500064e-01	3.556262882130650227e-01	4.564259392428605122e-01	5.164317129270480367e-01	4.564259392428605122e-01	4.564259392428605122e-01	4.564259392428605122e-01	4.933158105047090181e-01	4.564259392428605122e-01	4.564259392428605122e-01	4.697771509673859813e-01	4.564259392428605122e-01	4.115448963839329899e-01	4.016825384042639890e-01
4.416292324044169826e-01	4.564259392428605122e-01	3.951233502583220147e-01	4.016395308064850123e-01	1.901022875138259904e-01	4.564259392428605122e-01	4.564259392428605122e-01	1.000000000000009992e+00	2.278254314737180042e-01	4.564259392428605122e-01	4.564259392428605122e-01	4.564259392428605122e-01	4.564259392428605122e-01	4.564259392428605122e-01	4.564259392428605122e-01	4.564259392428605122e-01	4.564259392428605122e-01	3.924198213810510261e-01	4.564259392428605122e-01	4.564259392428605122e-01	3.538221111725199930e-01	4.564259392428605122e-01	3.596044540869660078e-01	4.564259392428605122e-01	4.564259392428605122e-01	3.444647013641469746e-01	4.564259392428605122e-01	4.564259392428605122e-01	3.916848248618979844e-01	3.333549596334000054e-01	4.564259392428605122e-01	4.564259392428605122e-01	4.564259392428605122e-01	1.978550471824750134e-01	4.564259392428605122e-01	4.564259392428605122e-01	4.564259392428605122e-01	4.564259392428605122e-01	2.615448037570640080e-02	3.945724309480769798e-01	4.564259392428605122e-01	3.447604857095549757e-01	3.612070148185480001e-01	4.564259392428605122e-01	2.556455097036450241e-01	4.564259392428605122e-01	4.564259392428605122e-01	3.543050550363360252e-01	4.564259392428605122e-01	3.794091326235680128e-01	3.481125291166859981e-01	4.564259392428605122e-01	4.058209195759959753e-01	4.208859385986409851e-01	4.564259392428605122e-01	4.193813465977510035e-01	3.693428895800189848e-01	4.338577755468729924e-01	4.434081482166760124e-01	3.603579969829510121e-01	3.820801487746199876e-01	4.564259392428605122e-01	4.564259392428605122e-01	2.888289789205509828e-01	2.394934495365219906e-01	2.405185159693369948e-02	3.965702270693319820e-01	4.564259392428605122e-01	4.564259392428605122e-01	4.564259392428605122e-01	4.344192838584829963e-01	1.302913544355039921e-01	4.381011456093160117e-01	4.202417020713939966e-01	3.596364080332720148e-01	4.564259392428605122e-01	3.680462508195049831e-01	4.564259392428605122e-01	3.544607718792819884e-01	3.999510536059939780e-01	3.057246477229230153e-01	9.773818627089600475e-02	4.564259392428605122e-01	4.564259392428605122e-01	3.660480644394609739e-01	9.027354757285810383e-02	4.564259392428605122e-01	3.743929756640659856e-01	4.564259392428605122e-01	7.007363420687770170e-03	3.927893373429159896e-01	4.564259392428605122e-01	4.564259392428605122e-01	4.564259392428605122e-01	4.564259392428605122e-01	4.564259392428605122e-01	3.675529285899620247e-01	3.732432988505399729e-01	3.473667683853170107e-04	4.564259392428605122e-01	4.564259392428605122e-01	4.564259392428605122e-01	4.564259392428605122e-01	3.027023530378459837e-01	4.153173182589650070e-01	4.564259392428605122e-01	4.564259392428605122e-01	4.564259392428605122e-01	4.564259392428605122e-01	4.564259392428605122e-01	3.489004324298219939e-01	4.564259392428605122e-01	3.655055790945799798e-01	4.470463529277349801e-01	4.564259392428605122e-01	4.282654530703650098e-01	4.319923322351140182e-01	4.564259392428605122e-01	4.564259392428605122e-01	4.564259392428605122e-01	4.122763291057650048e-01	4.564259392428605122e-01	3.573591088720530218e-01	3.524574187715969753e-01
3.342008488036620206e-01	4.564259392428605122e-01	4.564259392428605122e-01	3.041585483142790203e-01	4.564259392428605122e-01	4.564259392428605122e-01	2.646782015387900144e-01	2.278254314737180042e-01	9.999999999999940048e-01	1.945089348544080110e-01	4.564259392428605122e-01	4.564259392428605122e-01	4.564259392428605122e-01	2.840947341116860092e-01	4.564259392428605122e-01	3.559573979638049890e-01	4.564259392428605122e-01	2.972839008324720256e-01	3.369264796164370135e-01	2.760618466246649860e-01	2.684151481172339926e-01	3.349280097016519853e-01	2.750884195736140181e-01	3.360789234810689918e-01	2.501297952429979987e-01	2.631999063496630042e-01	4.133463256471429925e-02	1.377599536120809876e-01	3.039635029130010047e-01	4.564259392428605122e-01	4.564259392428605122e-01	3.397151415843859823e-01	3.487898850208079882e-01	1.527512394117729877e-01	3.317075662061350072e-01	2.710099702540750277e-01	4.564259392428605122e-01	3.153605277497389947e-01	4.564259392428605122e-01	3.029557603218079875e-01	3.327528969249339830e-01	4.564259392428605122e-01	2.795766831650819961e-01	7.110312897939780052e-02	2.003841590567070063e-01	3.177874619333149742e-01	4.564259392428605122e-01	2.703726163202460064e-01	2.919982055766360274e-01	2.980041990906969751e-01	4.564259392428605122e-01	2.753936034844770009e-01	4.564259392428605122e-01	4.564259392428605122e-01	4.564259392428605122e-01	4.564259392428605122e-01	4.564259392428605122e-01	4.564259392428605122e-01	4.564259392428605122e-01	4.564259392428605122e-01	4.564259392428605122e-01	4.564259392428605122e-01	2.795621368446630228e-01	4.564259392428605122e-01	4.564259392428605122e-01	4.564259392428605122e-01	2.976252314321329862e-01	9.039214145360720265e-03	4.564259392428605122e-01	4.564259392428605122e-01	3.281705155943719920e-01	1.007223695782499956e-01	4.564259392428605122e-01	4.564259392428605122e-01	2.748979220271760004e-01	2.925675692519160154e-01	4.564259392428605122e-01	3.158173357141330073e-01	2.749437367101810192e-01	4.564259392428605122e-01	2.345517406753500067e-01	4.564259392428605122e-01	4.564259392428605122e-01	6.842201786482239589e-02	2.816621236083020063e-01	7.266432225150669388e-02	4.564259392428605122e-01	4.564259392428605122e-01	1.000000000000000082e-05	4.564259392428605122e-01	2.999427774571640226e-01	3.122801019383349974e-01	4.564259392428605122e-01	4.564259392428605122e-01	1.313830143493890101e-01	2.804880766818519944e-01	4.564259392428605122e-01	2.825738943229400002e-01	3.141110491892850254e-04	3.149873264170470200e-01	1.499669191140269864e-01	2.751467005909389862e-01	4.564259392428605122e-01	4.564259392428605122e-01	4.564259392428605122e-01	4.564259392428605122e-01	3.030917592614160161e-01	2.860864466687240149e-01	3.506468515165500066e-01	4.564259392428605122e-01	4.564259392428605122e-01	4.564259392428605122e-01	4.564259392428605122e-01	3.366981779429720212e-01	4.564259392428605122e-01	4.564259392428605122e-01	3.312453950648839851e-01	4.564259392428605122e-01	4.564259392428605122e-01	2.958291571142609988e-01	3.141261191543149867e-01	3.260436358324910189e-01	2.739965069325679958e-01	4.564259392428605122e-01
4.564259392428605122e-01	4.564259392428605122e-01	3.276568812950579890e-01	4.564259392428605122e-01	1.582512426071200073e-01	4.564259392428605122e-01	4.564259392428605122e-01	4.564259392428605122e-01	1.945089348544080110e-01	9.999999999999970024e-01	3.271285022544430099e-01	4.564259392428605122e-01	4.564259392428605122e-01	2.990655171628450182e-01	2.547540969856920134e-01	4.564259392428605122e-01	3.627904299086699980e-01	4.564259392428605122e-01	4.564259392428605122e-01	2.896930398973799892e-01	4.564259392428605122e-01	4.564259392428605122e-01	4.564259392428605122e-01	3.678628050287849893e-01	4.564259392428605122e-01	2.863705073577180182e-01	4.451954625533319915e-02	1.457576892891679909e-01	4.564259392428605122e-01	2.779398163496870078e-01	2.897446084729130011e-01	3.668375011119739959e-01	3.777541972487429844e-01	4.564259392428605122e-01	3.560190397649469762e-01	4.564259392428605122e-01	4.564259392428605122e-01	3.401334535528420244e-01	4.564259392428605122e-01	4.564259392428605122e-01	3.592374128101589736e-01	4.564259392428605122e-01	3.027725670526210111e-01	7.489993100122270542e-02	4.564259392428605122e-01	4.564259392428605122e-01	2.134883501720100107e-01	2.903288373474139927e-01	3.087428121305569872e-01	3.184713266562820277e-01	2.884213294823240181e-01	4.564259392428605122e-01	3.362821799069959927e-01	4.564259392428605122e-01	4.564259392428605122e-01	3.400164905879399790e-01	4.564259392428605122e-01	3.536873917518469912e-01	4.564259392428605122e-01	2.967291767842260009e-01	4.564259392428605122e-01	1.905589641920300004e-01	3.019238904238619736e-01	4.564259392428605122e-01	4.564259392428605122e-01	4.564259392428605122e-01	3.226447115061459869e-01	9.237014599838489631e-03	3.288756216447660252e-01	5.139810407123510116e-02	4.564259392428605122e-01	4.564259392428605122e-01	3.627565999080630266e-01	4.564259392428605122e-01	4.564259392428605122e-01	3.200438385912480199e-01	4.564259392428605122e-01	3.349549980172250030e-01	2.994920236000209735e-01	3.242263725268429986e-01	4.564259392428605122e-01	4.564259392428605122e-01	1.863540286435499960e-01	4.564259392428605122e-01	3.015978349881239806e-01	7.998383582094789612e-02	3.190614888435500118e-01	4.564259392428605122e-01	1.000000000000000082e-05	4.564259392428605122e-01	3.244430313573199998e-01	4.564259392428605122e-01	3.179368035648990065e-01	2.951152319783360012e-01	1.390351910501650134e-01	4.564259392428605122e-01	3.006599655589959896e-01	3.065127778913239731e-01	3.223832138999769745e-04	3.375026073954019989e-01	1.651781299549459903e-01	2.978803528853249949e-01	2.950531828350569929e-01	4.564259392428605122e-01	4.564259392428605122e-01	4.564259392428605122e-01	3.324268004701920187e-01	3.144588358800590178e-01	3.782228695829439880e-01	3.120184197836080031e-01	4.564259392428605122e-01	4.564259392428605122e-01	3.010489539275360005e-01	3.665151357143799915e-01	3.570120555386619987e-01	3.551514872405099887e-01	4.564259392428605122e-01	4.564259392428605122e-01	3.585144138218659959e-01	4.564259392428605122e-01	3.388831063171720004e-01	3.502223063784660195e-01	2.957460925120479756e-01	4.564259392428605122e-01
4.564259392428605122e-01	4.564259392428605122e-01	5.392684973750380140e-01	5.380397037776269986e-01	4.564259392428605122e-01	4.564259392428605122e-01	4.534276830640909806e-01	4.564259392428605122e-01	4.564259392428605122e-01	3.271285022544430099e-01	1.000000000000000000e+00	5.444580116586099638e-01	5.788897998690829549e-01	4.564259392428605122e-01	4.082233250480479803e-01	4.564259392428605122e-01	5.989666411150910141e-01	5.374768508459270011e-01	4.564259392428605122e-01	4.564259392428605122e-01	4.808626468148199939e-01	4.564259392428605122e-01	4.564259392428605122e-01	6.107216271838440402e-01	4.564259392428605122e-01	4.699048036455930055e-01	6.553130872763759940e-02	4.564259392428605122e-01	5.360097204140059635e-01	4.564259392428605122e-01	4.564259392428605122e-01	4.564259392428605122e-01	4.564259392428605122e-01	2.626490426735270112e-01	4.564259392428605122e-01	4.742325934919630059e-01	4.564259392428605122e-01	4.564259392428605122e-01	3.198751977645099970e-02	4.564259392428605122e-01	4.564259392428605122e-01	4.564259392428605122e-01	4.564259392428605122e-01	1.128315124128559943e-01	4.564259392428605122e-01	4.564259392428605122e-01	4.564259392428605122e-01	4.564259392428605122e-01	4.564259392428605122e-01	5.239114485289819712e-01	4.715832334840729945e-01	4.564259392428605122e-01	5.543971176078990037e-01	5.718928973347290334e-01	4.564259392428605122e-01	4.564259392428605122e-01	4.564259392428605122e-01	5.857742550467609499e-01	6.071973039142209982e-01	4.899876555752160079e-01	4.564259392428605122e-01	4.564259392428605122e-01	4.564259392428605122e-01	4.564259392428605122e-01	3.159012995761359965e-01	4.564259392428605122e-01	4.564259392428605122e-01	1.242626584720720080e-02	5.448371853739020221e-01	4.564259392428605122e-01	4.564259392428605122e-01	1.696958152194439906e-01	5.941376551080830293e-01	5.689828295009380366e-01	4.947028898810160169e-01	5.157968206959220314e-01	4.564259392428605122e-01	5.523285694204630447e-01	4.885711877660700031e-01	5.406169484741979447e-01	4.099225470883369749e-01	1.300682223573779994e-01	3.005541723126780029e-01	1.121655106725679973e-01	4.956164841818079814e-01	4.564259392428605122e-01	5.295247100371139881e-01	4.564259392428605122e-01	1.000000000000000082e-05	4.564259392428605122e-01	4.564259392428605122e-01	4.564259392428605122e-01	5.132584379459590451e-01	4.564259392428605122e-01	2.278286174179640078e-01	4.992363887302420089e-01	4.564259392428605122e-01	5.007215904824040553e-01	4.564259392428605122e-01	4.564259392428605122e-01	4.564259392428605122e-01	4.982476304411559975e-01	4.564259392428605122e-01	4.564259392428605122e-01	5.639616026305950269e-01	4.564259392428605122e-01	5.511371575851049531e-01	4.564259392428605122e-01	6.280007142115190399e-01	5.214077527297990011e-01	4.745313288206550184e-01	4.564259392428605122e-01	4.564259392428605122e-01	6.067510303898230317e-01	5.904618482091830156e-01	4.564259392428605122e-01	5.886533062635419533e-01	5.900597942352400205e-01	4.564259392428605122e-01	4.564259392428605122e-01	5.576005607171340417e-01	4.564259392428605122e-01	4.564259392428605122e-01	4.705037389305850026e-01
4.564259392428605122e-01	5.961038597997200261e-01	5.482582283240530208e-01	4.564259392428605122e-01	2.481980082493130124e-01	5.356877218029180154e-01	4.564259392428605122e-01	4.564259392428605122e-01	4.564259392428605122e-01	4.564259392428605122e-01	5.444580116586099638e-01	1.000000000000000000e+00	4.564259392428605122e-01	4.564259392428605122e-01	4.165938921768809755e-01	4.564259392428605122e-01	4.564259392428605122e-01	5.418591776290969664e-01	6.192623023409129512e-01	4.564259392428605122e-01	4.922799513220679768e-01	6.059917993347599952e-01	4.564259392428605122e-01	4.564259392428605122e-01	4.474679837055700049e-01	4.729643530751190261e-01	6.652122437199020633e-02	2.254486832537689889e-01	5.453323835263740316e-01	4.564259392428605122e-01	4.564259392428605122e-01	6.222997159136339773e-01	4.564259392428605122e-01	2.610512247967239907e-01	4.564259392428605122e-01	4.564259392428605122e-01	5.220807769460870107e-01	5.710184256776470457e-01	3.213170844840460005e-02	5.434358611934250183e-01	4.564259392428605122e-01	4.692229382876330068e-01	5.045591317728179703e-01	1.170916245852769988e-01	3.432824476694389948e-01	4.564259392428605122e-01	3.510763180484670065e-01	4.564259392428605122e-01	5.224471925967439923e-01	5.254704269500239944e-01	4.564259392428605122e-01	4.564259392428605122e-01	4.564259392428605122e-01	5.816051114544390499e-01	4.564259392428605122e-01	4.564259392428605122e-01	4.564259392428605122e-01	4.564259392428605122e-01	6.095562671148909706e-01	4.564259392428605122e-01	5.347870426775379604e-01	3.043438160821920202e-01	5.036733510329890473e-01	3.964441032127030140e-01	3.280501854489489832e-01	2.995602471135869888e-02	5.407558437259259998e-01	4.564259392428605122e-01	5.514428097540989837e-01	4.564259392428605122e-01	4.564259392428605122e-01	4.564259392428605122e-01	4.564259392428605122e-01	5.764155428855219920e-01	4.564259392428605122e-01	5.299423570082429924e-01	5.083345097831599713e-01	5.620743946909759758e-01	4.993694257293069816e-01	4.564259392428605122e-01	4.133807752543239844e-01	4.564259392428605122e-01	3.091128478720580053e-01	4.564259392428605122e-01	5.030268234539240213e-01	4.564259392428605122e-01	5.378717682568320280e-01	4.564259392428605122e-01	1.000000000000000082e-05	8.169782742563439989e-03	5.413335745266779631e-01	4.564259392428605122e-01	5.172557036637469574e-01	4.564259392428605122e-01	4.564259392428605122e-01	5.101610004312230329e-01	4.564259392428605122e-01	4.564259392428605122e-01	4.564259392428605122e-01	4.564259392428605122e-01	4.564259392428605122e-01	4.564259392428605122e-01	4.564259392428605122e-01	4.132694635483000201e-01	5.723960913076929780e-01	4.564259392428605122e-01	5.629590854162269675e-01	4.564259392428605122e-01	4.564259392428605122e-01	5.244614472906700131e-01	4.564259392428605122e-01	4.564259392428605122e-01	4.564259392428605122e-01	4.564259392428605122e-01	4.564259392428605122e-01	5.910813843663389466e-01	4.564259392428605122e-01	5.938688936885220260e-01	5.991336422774169446e-01	5.414287880264609942e-01	4.564259392428605122e-01	4.564259392428605122e-01	4.564259392428605122e-01	4.564259392428605122e-01
