1.000000000000000000e+00	5.164764108475469739e-02	6.236899427362210119e-02	2.104157644066129984e-01	4.150656973851760134e-01	1.711842872138180094e-01	2.159797027415089887e-01	2.564803570587360082e-01	3.888894607352140209e-01	1.327486537399600042e-01	5.161429300743419768e-01	0.000000000000000000e+00	3.752683500946489836e-01	0.000000000000000000e+00	5.101411254600950462e-01	2.699567391329750210e-01	2.878564853295049741e-01	5.196639893061789743e-03	5.371353178815719831e-01	4.586731995903600145e-01	2.609089936602630028e-02	6.921343809469809871e-01	9.460955430418560574e-02	1.608345180955760012e-01	3.748623206343310033e-01	5.980827407203229695e-01	6.169535749858660045e-01	2.578906005566570236e-01	5.782220959010360151e-01	2.489691115675830013e-01	0.000000000000000000e+00	6.348043201631200505e-01	5.560163671329350077e-01	2.342580431566030075e-01	6.010034121881430158e-01	5.033910228865350334e-01	4.358683019080770160e-01	3.825535023992889805e-01	6.733208757256630150e-01	3.815644582362819892e-01	6.340279473164229795e-01	6.800002454347679748e-02	3.878383964231419956e-01	0.000000000000000000e+00	5.119090019973849826e-01	2.285911430401000102e-02	5.683390826193199935e-02	6.240945170752649762e-01	3.346320469373990081e-01	0.000000000000000000e+00	5.729393390260779650e-01	4.092941860556529865e-01	2.462536416995000088e-01	5.780044122899480330e-01	5.433140417263460087e-01	0.000000000000000000e+00	5.767950421216629930e-01	6.470822045586019922e-01	5.291680529482439832e-01	5.754527602638539463e-01	6.572268305036009783e-01	3.379516100737720019e-02	5.456718159628649589e-01	1.674345885243750092e-03	2.532117606458429981e-01	3.301688586297590183e-02	1.837416096499739915e-01	1.141282923158289941e-01	4.594510510748889831e-01	4.833191672306400011e-01	5.883662057344419827e-01	6.002825050205770063e-01	5.276260876243099585e-01	4.163962858931219979e-01	6.681102848603600111e-03	3.610983953125399687e-02	5.342734942071599713e-01	4.911159494707449946e-01	1.140719028304619936e-01	6.150979024986580335e-01	0.000000000000000000e+00	6.702064728391220472e-01	4.411312266067379806e-01	3.110768733605339884e-02	5.991252118506660285e-01	6.307092549720110242e-01	6.514675283655889659e-01	4.251697074868729942e-01	1.000000000000000048e-04	1.218360959277299954e-01	0.000000000000000000e+00	5.118541334273989801e-02	5.098890705581470284e-01	4.843439442228629765e-01	5.920052004887409458e-01	5.751684356293069733e-01	2.590646119586549889e-01	6.734952023853919556e-01	6.938794553475450266e-01	4.600677855907009950e-01	6.642552626426520002e-01	0.000000000000000000e+00	5.541092060785820506e-01	0.000000000000000000e+00	6.654443940965240056e-01	6.026605310939510129e-01	3.189195470794600057e-02	1.403862371327699865e-01	1.360185823262549942e-01	4.305972255431420037e-01	5.446198075162670404e-01	2.139057632411009990e-01	1.455400499722540042e-01	7.604797689859130183e-02	3.896997605578390172e-02	6.318532030463439586e-01	5.025033021959169899e-01	6.386704063877439719e-01	6.056463157432789846e-01	5.361628532179689710e-01	5.789089522217240324e-02	5.027990350142189646e-01	0.000000000000000000e+00	5.557285672161129675e-01
5.164764108475469739e-02	1.000000000000000000e+00	2.597116779768520178e-01	4.798109755599939963e-02	1.055282856639299938e-01	0.000000000000000000e+00	1.376901092684360006e-01	1.304814076591259975e-01	9.053836807949509902e-02	1.960539238806920104e-01	9.642580109222330387e-02	1.503089239904910057e-01	6.595889473804909808e-02	0.000000000000000000e+00	2.300753382147860057e-02	6.076657206632730263e-02	9.830004594688379616e-02	5.211281652592000130e-02	2.266519895745720131e-02	2.664878327886099907e-02	6.875795958236420591e-02	0.000000000000000000e+00	1.500756403446379950e-01	1.222352992347520012e-01	5.572535771145099848e-02	2.699786283190040020e-02	4.008997289011630161e-02	7.201565834412609890e-02	1.404670233690659929e-02	0.000000000000000000e+00	4.179026765382749808e-02	1.382532860346329974e-02	1.923450208433629890e-02	1.118916761328690029e-01	3.349664780916009749e-02	8.194688628377470169e-03	8.752978371349640074e-02	5.314199806296229789e-02	1.725369577925160020e-02	9.181290081985039875e-02	2.928544590128310046e-02	0.000000000000000000e+00	5.712758131918480031e-02	2.070141049559250102e-02	1.632385777784450126e-02	1.497228699720460077e-01	1.549457195690210065e-01	2.193680215543659939e-02	8.229389469809980651e-02	1.858552086389569924e-01	2.026612511615820053e-02	2.458219540035160022e-02	1.125572244413799994e-01	1.921369091148139932e-02	1.685477045643839905e-02	1.346839377175829966e-01	2.284566919010510080e-02	1.801850416468190122e-02	1.773077962546789829e-02	1.891133133348840006e-02	1.702459641753180028e-02	1.252167860361499963e-01	1.754028188594190102e-02	4.752707080332110173e-02	1.054438809134280036e-01	0.000000000000000000e+00	0.000000000000000000e+00	1.429937502758550083e-01	3.637252982743360147e-02	2.389094221877850061e-02	1.639739808399520021e-02	2.513383206241969967e-02	1.260578103151810056e-02	5.749308654203309776e-02	5.387741121782749915e-02	1.218705080434560051e-01	1.882297219864249860e-02	2.136413650574970138e-02	9.542798258282760016e-02	2.251792791955080017e-02	2.492941885974379879e-02	1.554074849632659967e-02	2.524290323884920140e-02	2.047203587874260045e-01	2.527500300567190120e-02	1.480496002804740016e-02	0.000000000000000000e+00	2.006821392722139830e-02	1.000000000000000048e-04	2.165803104913699983e-01	8.963521801368259934e-02	1.014684703511310043e-01	0.000000000000000000e+00	2.514152268194609977e-02	1.525089875606940037e-02	1.045726358662710069e-02	8.756480922482899609e-02	1.550786731407810017e-02	1.729434817049799872e-02	0.000000000000000000e+00	5.416600433092590150e-02	1.626999295068509988e-01	0.000000000000000000e+00	0.000000000000000000e+00	2.244755697163260122e-02	6.005148717426069677e-02	2.157510963657099934e-01	1.910367711881739983e-02	1.391363796652710094e-01	1.204688123358219932e-02	1.763465100834480173e-02	5.585534081665279732e-02	1.508227153577189894e-01	1.532809981100320129e-01	1.648156637676150005e-01	4.532377374132780246e-02	3.525502035230049930e-02	8.088266690113020407e-02	5.492980630593959773e-02	1.493830404275629971e-02	2.471419199607139960e-01	2.291567024343110076e-02	7.967815324849769967e-03	1.701818715774780152e-02
6.236899427362210119e-02	2.597116779768520178e-01	1.000000000000000000e+00	8.860751899106110441e-02	1.945143435766669981e-01	1.300797616279709967e-01	1.687007041390989892e-01	1.395627052437199977e-01	0.000000000000000000e+00	2.670060765126079927e-01	1.462404536801809873e-01	2.863901945062279908e-01	9.407005251874969720e-02	5.249192458581879855e-02	3.026568342178730109e-02	1.404523292354210029e-01	1.282921281005960090e-01	1.122503706222840042e-01	4.905319933431689927e-02	2.582455581919140125e-02	1.254734230581880106e-01	3.173771759405100146e-02	2.542746955224399752e-01	2.241881318533789913e-01	1.280387652542120114e-01	4.194002514933659748e-02	5.163670303643679710e-02	1.166976265635940035e-01	2.056641549932779894e-02	1.013777690823839950e-01	7.305006883476000690e-02	2.244650044198870029e-02	1.801002526772560106e-02	1.748610639526360089e-01	3.008743118848530157e-02	1.157442909626160005e-02	6.351845708803970092e-02	1.035430240073030028e-01	2.410612106050409945e-02	1.370983953121049925e-01	2.405455112362680017e-02	2.079836947707910111e-01	0.000000000000000000e+00	1.939450080559470060e-02	2.340621122834200124e-02	3.079922956527699762e-01	3.879479398197749895e-01	2.331275582679160144e-02	1.766021541007249951e-01	3.360130448400600045e-01	2.884766364851660062e-02	0.000000000000000000e+00	1.314863151613940018e-01	2.636867622407719838e-02	1.688772520395930010e-02	3.250920812999379961e-01	2.138526371407130020e-02	3.272524718156900186e-02	1.626939766783390071e-02	3.895713858519479766e-02	1.937123698652380016e-02	3.090159952859780068e-01	1.752336564941999950e-02	1.223245084239990010e-01	2.004723418606199903e-01	2.032800920614540041e-01	1.367149846573620098e-01	2.597789188287940032e-01	0.000000000000000000e+00	1.678312814175940068e-02	2.367378386444310076e-02	2.425921141929539976e-02	1.986662421471190043e-02	4.285394148793390118e-02	1.052579325938710064e-01	2.878632597781999869e-01	2.086035226245670088e-02	5.499189141555869964e-02	2.613425729549890275e-01	3.850957512139820127e-02	4.860732692188630272e-02	0.000000000000000000e+00	2.070189768504440003e-02	4.208690673135819793e-01	2.236213898720210147e-02	2.531071728987319830e-02	2.989404340755990111e-02	1.743984970226840001e-02	1.000000000000000048e-04	0.000000000000000000e+00	1.935736257298260043e-01	2.765153236073190079e-01	8.633502411145900501e-02	2.291351316992979933e-02	2.871017636434319842e-02	1.676536383312129952e-02	0.000000000000000000e+00	0.000000000000000000e+00	3.160430183617240346e-02	5.938114022294980338e-02	8.679543302692530049e-02	2.833732600294849857e-01	2.542534247755599830e-02	2.232457128079650133e-01	4.189563321329539680e-02	4.323279198483109820e-02	1.608685871903610121e-01	3.453646867904790196e-02	1.202154932618829941e-01	1.333261290531199961e-02	1.682742329850290056e-02	6.860279358922130588e-02	0.000000000000000000e+00	1.267466213131369923e-01	2.852534200076489723e-01	3.688629173632090169e-02	0.000000000000000000e+00	1.109189961611939945e-01	9.283188706214380581e-02	2.165061382904880094e-02	1.915524844668470006e-01	1.997256929323370025e-02	1.611658440305099860e-02	2.987153918838670111e-02
2.104157644066129984e-01	4.798109755599939963e-02	8.860751899106110441e-02	1.000000000000000000e+00	0.000000000000000000e+00	1.671594195515349879e-01	1.467990569874370044e-01	1.856934452553319903e-01	2.771668367245510023e-01	1.990104362078299882e-01	2.524857997556140266e-01	0.000000000000000000e+00	3.000368008056730207e-01	4.446530256296710171e-03	2.189118912536940076e-01	2.182483119542689975e-01	0.000000000000000000e+00	2.218601053569990017e-02	1.812122583886610072e-01	1.576825819835770137e-01	6.735815152803030503e-02	1.815836604651870079e-01	1.312544414942150017e-01	1.824532282452940024e-01	2.715560910797700234e-01	1.926510583977369961e-01	2.542567439747899782e-01	1.659326316721450034e-01	1.763239129998759869e-01	2.463058048716819937e-01	2.064087147223589991e-01	1.597255530502010024e-01	1.358330486701750106e-01	1.987109190980859974e-01	0.000000000000000000e+00	1.380080327137060137e-01	2.106932531302130041e-01	1.772683879814339891e-01	1.804462502631850040e-01	2.107329242380190093e-01	1.702201428360969881e-01	9.223520758739589542e-02	1.945509683825369929e-01	1.457594225931329868e-01	1.595790210256219921e-01	5.347319358443269888e-02	9.844821367608240503e-02	1.627420534573640054e-01	2.894937468571299743e-01	1.534325792225169904e-01	1.969835150780560040e-01	1.754381354460539943e-01	1.598157934737040042e-01	1.561022987047679944e-01	1.297465100955740025e-01	1.461922792209419952e-01	1.558343497984610027e-01	1.796792515622880060e-01	1.392149877876769914e-01	1.882454692149050091e-01	1.489251558027800126e-01	6.430962617339310017e-02	1.510287233217179892e-01	3.627289740383449982e-03	2.280084915959020020e-01	0.000000000000000000e+00	1.375314222965419997e-01	1.614716658957049966e-01	1.847084289387170009e-01	1.135335824705289987e-01	1.901914292527620010e-01	1.798908031573079880e-01	1.426374844454590118e-01	1.488585798483499922e-01	1.736081697662979900e-02	6.340345914813830253e-02	1.587885731216870100e-01	1.578533747523880038e-01	9.412541454647689598e-02	1.887200914246839889e-01	1.879798484460359909e-01	1.852613109190809904e-01	1.412212753223049955e-01	6.605054205470030360e-02	0.000000000000000000e+00	1.920128493055630048e-01	1.703042882392629964e-01	1.204335339532759952e-01	1.000000000000000048e-04	1.088912457388249988e-01	1.161523819618320019e-01	1.045174127019680016e-01	2.134029526875370064e-01	1.409456957864820004e-01	1.655971385128970075e-01	1.637678684666930007e-01	0.000000000000000000e+00	1.851915654848579895e-01	1.838410919286619927e-01	2.187779844421799957e-01	2.794789759836789900e-01	5.407048359140829985e-02	1.522420282486849907e-01	1.301777593724859905e-01	2.191851090137389990e-01	1.958602357341500122e-01	4.983982119580129821e-02	9.177617609188490344e-02	1.250548151215009895e-01	1.146937225799150029e-01	1.268241987529949988e-01	2.082383726503060084e-01	1.429836550553439944e-01	6.613453425553429688e-02	7.563033785907820328e-02	2.028213501563350118e-01	1.607020957466130107e-01	1.965158574235670030e-01	0.000000000000000000e+00	1.952527464139990065e-01	1.118127067828480065e-01	1.370242069974740018e-01	0.000000000000000000e+00	0.000000000000000000e+00
4.150656973851760134e-01	1.055282856639299938e-01	1.945143435766669981e-01	0.000000000000000000e+00	1.000000000000000000e+00	2.473630343717319879e-01	3.855723378389899758e-01	3.340183465196189805e-01	5.063137693609469636e-01	0.000000000000000000e+00	5.261009965307239522e-01	8.183810240849989648e-02	3.756394567203160118e-01	7.859056643373019471e-03	2.708667655917250117e-01	4.521144075470079904e-01	3.405427740908569811e-01	2.446388575165630089e-02	0.000000000000000000e+00	2.258296749916750001e-01	7.658858942067230113e-02	3.226682506353840130e-01	2.300296152914239889e-01	0.000000000000000000e+00	4.336276543290080165e-01	3.911289879339019948e-01	4.157108922944369733e-01	2.843084403758889822e-01	2.377962735290989893e-01	3.363611628698450207e-01	1.759798340925859961e-01	2.785727927400200032e-01	2.150009406029770032e-01	2.686448415138569801e-01	3.058902631839159891e-01	2.022350996998699968e-01	3.972515604630130204e-01	3.881031792638380273e-01	2.888744363419989969e-01	4.456598908395800196e-01	2.716072219575019764e-01	1.442646773275780003e-01	4.248596384305090012e-01	2.417517895078289958e-01	2.346277049608460064e-01	1.204533754336750001e-01	1.872601359970270107e-01	2.833132466320649745e-01	4.395250234616400187e-01	1.992681943944769885e-01	3.041960618833889907e-01	2.726896144614829876e-01	0.000000000000000000e+00	2.631942201482290189e-01	2.196756926412329891e-01	2.176738126375570015e-01	2.496027099862180021e-01	3.056384098650170023e-01	2.128011399066009890e-01	3.157497720534970242e-01	2.378186596222529869e-01	9.848297278110100528e-02	2.291704802734549906e-01	7.772424427426030333e-03	3.702592909841380120e-01	8.995643026028379841e-02	2.440555040041569868e-01	0.000000000000000000e+00	0.000000000000000000e+00	1.934324557677840062e-01	0.000000000000000000e+00	2.905995432380549803e-01	2.630270360487499959e-01	2.287340421760259979e-01	0.000000000000000000e+00	1.494799420139190094e-01	2.603052204966039840e-01	3.522313726136370171e-01	2.341643410425010008e-01	0.000000000000000000e+00	0.000000000000000000e+00	2.942884234372529773e-01	2.537486431120539732e-01	1.211242331168719960e-01	2.477883620007589882e-01	3.015871556426980016e-01	2.811479748569509773e-01	1.726123148800799978e-01	1.000000000000000048e-04	2.207432597945880037e-01	1.536963984115959914e-01	1.321719541813010101e-01	4.092171351921580214e-01	2.258296749916750001e-01	3.129018334581740168e-01	2.505679255893720203e-01	3.030385277022479840e-01	3.188786806531579976e-01	3.247632690785680065e-01	3.529034509306889777e-01	4.791965842406720189e-01	9.263111292326679791e-02	2.993949356611489976e-01	2.826805464977040216e-01	3.986845135879180102e-01	0.000000000000000000e+00	8.935089267316620454e-02	1.102813005616640057e-01	2.056716800625560115e-01	1.791978437146219960e-01	2.387495433353349905e-01	2.574176405674630241e-01	2.418599112979069876e-01	1.157948433357459950e-01	1.335225500318419911e-01	3.008003607562449999e-01	2.499259952527299877e-01	4.992147029212469778e-01	3.972141668015879978e-01	2.792948746548439831e-01	0.000000000000000000e+00	2.382500029005880093e-01	2.273119885301209953e-01	3.268795826865409926e-01
1.711842872138180094e-01	0.000000000000000000e+00	1.300797616279709967e-01	1.671594195515349879e-01	2.473630343717319879e-01	1.000000000000000000e+00	1.279664678163300040e-01	1.400859105323520037e-01	0.000000000000000000e+00	2.001470720025269878e-01	2.498025096737719886e-01	8.471681857437980689e-02	2.079983792552559940e-01	1.186874988393809942e-02	1.196538121833600060e-01	2.171621448424939926e-01	2.081648758898050067e-01	2.409080856565079878e-02	1.259319539631069962e-01	1.216097919211389933e-01	5.602253086651699798e-02	1.254557070788759887e-01	0.000000000000000000e+00	2.112642439377289960e-01	1.745732404106090097e-01	0.000000000000000000e+00	1.635367864262090021e-01	1.892627096856210056e-01	1.032267286221769942e-01	1.796200617104879993e-01	1.661240886237189962e-01	1.046626355783590034e-01	1.001352822460030018e-01	2.424411817490129961e-01	1.321875076656550130e-01	6.629971856775070116e-02	2.054733257368709931e-01	1.643934222765010000e-01	1.099573594341149985e-01	2.130567026886930060e-01	1.058865142976779944e-01	0.000000000000000000e+00	1.586653031244900092e-01	9.529108785726900233e-02	1.011109103903460038e-01	8.024939672758210629e-02	1.347758883752629977e-01	0.000000000000000000e+00	3.091250995452790029e-01	2.028308967121290052e-01	1.286943116734589887e-01	1.475367652522109885e-01	1.948029506693770008e-01	1.058541243384559932e-01	9.193614394836209514e-02	1.652545453433769962e-01	1.012990679701760016e-01	1.309459125542490054e-01	0.000000000000000000e+00	1.153759378768710042e-01	9.412098438550929591e-02	1.302175920416810129e-01	8.171108738908069991e-02	1.117086716222069967e-02	1.914668522618100110e-01	9.874057187171410288e-02	1.137207683059340002e-01	2.197170550387269883e-01	1.142949382474510028e-01	8.317786656742949536e-02	0.000000000000000000e+00	1.127428005293489993e-01	9.864534427623100621e-02	1.110783418658150001e-01	3.499957726762650129e-02	1.171351131778169963e-01	0.000000000000000000e+00	1.263832373620630001e-01	1.416706584900929988e-01	1.310754062771830042e-01	1.017937508583340034e-01	1.190135032119749997e-01	8.580029312916580275e-02	1.167443237433229974e-01	1.117706125876409967e-01	1.172757861808740032e-01	0.000000000000000000e+00	9.324571329605080283e-02	1.000000000000000048e-04	1.732308796661350125e-01	0.000000000000000000e+00	1.197185957340889950e-01	1.924199723073400092e-01	9.948229475726899640e-02	1.152266963352379936e-01	9.465186776292240645e-02	1.651340280063419985e-01	1.165960560826150016e-01	1.260564893322289881e-01	1.472003550056669996e-01	1.834521201587439865e-01	8.569132501540729918e-02	1.091272630488250017e-01	0.000000000000000000e+00	1.497122996821899921e-01	1.507907737992399966e-01	7.043340304668670171e-02	8.777112553697259678e-02	1.266541871519629991e-01	7.330322133765590498e-02	7.875452252810230536e-02	1.757315205526530089e-01	0.000000000000000000e+00	1.037015349478619952e-01	1.156967813707590054e-01	1.317496005502420131e-01	1.076326371306949997e-01	0.000000000000000000e+00	1.824746986355010037e-01	1.174719064197420060e-01	1.434386463284650082e-01	9.802975304370549481e-02	7.133923822755260102e-02	1.268182295722189989e-01
2.159797027415089887e-01	1.376901092684360006e-01	1.687007041390989892e-01	1.467990569874370044e-01	3.855723378389899758e-01	1.279664678163300040e-01	1.000000000000000000e+00	4.529237702920230202e-01	2.971976674533189922e-01	2.588147643063279935e-01	2.660964959047770195e-01	8.222807352412600523e-02	2.150819126165849915e-01	7.956197977413740144e-03	1.447782497208729979e-01	2.531581349155199723e-01	2.143441720184930122e-01	2.548404903622290135e-02	1.526546128822990067e-01	1.317682053092610051e-01	7.949376891591310168e-02	0.000000000000000000e+00	1.442001848076150117e-01	1.920173681587510062e-01	3.064378594979260129e-01	1.807522641828349930e-01	1.871940434071190096e-01	1.716401275629740042e-01	1.185383107673669972e-01	0.000000000000000000e+00	1.361755237480070102e-01	1.303095601095390077e-01	1.382225579821269867e-01	0.000000000000000000e+00	2.150717894474210024e-01	0.000000000000000000e+00	2.525690009132520175e-01	2.088911800669379926e-01	1.380015371481599917e-01	2.709432708212530239e-01	1.902406709111829908e-01	1.690066848173870095e-01	2.002507238823700020e-01	1.669078392466800120e-01	1.196143958826530046e-01	9.799976641391899834e-02	1.534109156037760102e-01	1.789028817777819913e-01	2.106337604709500044e-01	1.569347637534329876e-01	1.304476340140079960e-01	1.487675241378539903e-01	2.072556682951089968e-01	1.387113563939000038e-01	1.508049692122259977e-01	1.458589346433279976e-01	1.728399497774399940e-01	1.470099478175289909e-01	1.290157516230900081e-01	0.000000000000000000e+00	1.226531283286610013e-01	9.364154847659010572e-02	1.482572448637909934e-01	8.106836488448310521e-03	2.052558399651809862e-01	1.755661728781550135e-01	1.539896602412139937e-01	2.082236712225389863e-01	2.538621304106549736e-01	1.643624747195339963e-01	1.244178076640899966e-01	1.978662852163630137e-01	1.273386007821770138e-01	2.002554366066769953e-01	3.012214677033309834e-02	1.223792172013279944e-01	1.494518019645360019e-01	1.595302068964770115e-01	1.851479879227820036e-01	1.545014884944909961e-01	1.747335407445149980e-01	1.334942723395189934e-01	1.851959238051429923e-01	1.165494182092520065e-01	1.726935786212190072e-01	1.387374741413439916e-01	1.289034597767839962e-01	1.228929419106469939e-01	1.000000000000000048e-04	0.000000000000000000e+00	1.566985718845370079e-01	1.156940586130500020e-01	2.093193112471050110e-01	1.740932212253349931e-01	1.449828254257919946e-01	9.381139071088880066e-02	0.000000000000000000e+00	1.440645053054669944e-01	1.520737278727229969e-01	1.717047693580550094e-01	2.673015728070040065e-01	9.785687940052040235e-02	2.149199990729500076e-01	2.257180951292679927e-01	1.810886265837479969e-01	0.000000000000000000e+00	0.000000000000000000e+00	6.572182507241400296e-02	2.616441161284460137e-01	1.124566110880090009e-01	1.247784769872870014e-01	1.532918203643340027e-01	3.054873974184890151e-01	1.405085319865370108e-01	1.446862848544329949e-01	2.222287931000279937e-01	2.011386684724469909e-01	2.874841360647429900e-01	2.181456117006269901e-01	1.186415732073130003e-01	1.635714279344090138e-01	1.608383031942169916e-01	9.400366106622559670e-02	1.306381088476969987e-01
2.564803570587360082e-01	1.304814076591259975e-01	1.395627052437199977e-01	1.856934452553319903e-01	3.340183465196189805e-01	1.400859105323520037e-01	4.529237702920230202e-01	1.000000000000000000e+00	4.027963770468929727e-01	3.145778849270690070e-01	3.195848788836549992e-01	6.695828850549509492e-02	2.745376520829649891e-01	5.564992972369560247e-03	1.986922142531719893e-01	2.662656310009660077e-01	0.000000000000000000e+00	2.534707854647130082e-02	2.210915951199859952e-01	0.000000000000000000e+00	8.855540244053269894e-02	2.075827200507250059e-01	1.427785400808009864e-01	2.115428516055430086e-01	3.713763163822429991e-01	2.161169828198269971e-01	0.000000000000000000e+00	2.489046687126950097e-01	1.662805437726919966e-01	2.283736659845760075e-01	1.858071021081310059e-01	1.795862476927780060e-01	2.061465714651939951e-01	0.000000000000000000e+00	2.647161263567670009e-01	1.213153685073500021e-01	0.000000000000000000e+00	2.460856355035589971e-01	1.853965174547489991e-01	2.599685094534099905e-01	0.000000000000000000e+00	1.834003194754590116e-01	2.374216195660059925e-01	2.283736659845760075e-01	1.631946151439210013e-01	6.833048710743690191e-02	1.355839368487569974e-01	2.328071252375270017e-01	2.512292412538369990e-01	1.508830678743350029e-01	1.629029907021319890e-01	1.771391091527290129e-01	2.386933630065060097e-01	1.730434488834340090e-01	0.000000000000000000e+00	1.568055522489849862e-01	2.460856355035589971e-01	2.030505915573949938e-01	1.880196676549359958e-01	2.249968161131249977e-01	0.000000000000000000e+00	9.146137969540039936e-02	2.010960708933879904e-01	6.832155526949579803e-03	2.570483661019909993e-01	1.476131713815209967e-01	2.358289767127079994e-01	0.000000000000000000e+00	3.297460819718979752e-01	2.274350608959020137e-01	1.918366969553799983e-01	2.590402259641090277e-01	1.698759809138009891e-01	2.973305870229219772e-01	1.730534072878549962e-02	1.042202128085110008e-01	2.104950095861519987e-01	1.826680458779149918e-01	1.919495965259830073e-01	0.000000000000000000e+00	2.401640090314169917e-01	0.000000000000000000e+00	2.442508633151539987e-01	1.007759529659439934e-01	2.545561019655689927e-01	0.000000000000000000e+00	1.809395281091989993e-01	1.628684907570039919e-01	1.000000000000000048e-04	2.888404467154069843e-01	1.211270836689520014e-01	1.005840326753100061e-01	0.000000000000000000e+00	2.116623673383309923e-01	1.948212893798030032e-01	1.326518423983379935e-01	2.022541380713039905e-01	1.857065559586260073e-01	2.057781930185320074e-01	2.222967921656419932e-01	0.000000000000000000e+00	0.000000000000000000e+00	2.516671392456599765e-01	2.119863949707989914e-01	2.168965530888929960e-01	3.036810573844980210e-01	1.386982993640150097e-01	8.722339431107560548e-02	0.000000000000000000e+00	1.969186248641709991e-01	1.715189897824029863e-01	0.000000000000000000e+00	3.090232677050929744e-01	1.548035725577590060e-01	1.025342756269110034e-01	0.000000000000000000e+00	0.000000000000000000e+00	2.741438183717179733e-01	2.950304111325040002e-01	1.636908048620339950e-01	1.443190091894900051e-01	2.221921868345189954e-01	1.237228847293079942e-01	1.758763275051100083e-01
3.888894607352140209e-01	9.053836807949509902e-02	0.000000000000000000e+00	2.771668367245510023e-01	5.063137693609469636e-01	0.000000000000000000e+00	2.971976674533189922e-01	4.027963770468929727e-01	1.000000000000000000e+00	3.118138894454099974e-01	4.960176599268609765e-01	9.136672145653200461e-02	4.053067146518959940e-01	6.467303821695569860e-03	3.174410784399270269e-01	3.394705521355120270e-01	3.577955761090220177e-01	3.095505757514540116e-02	3.803183223449039807e-01	0.000000000000000000e+00	0.000000000000000000e+00	3.437393526181660164e-01	2.059429124587690008e-01	3.374315047467790207e-01	0.000000000000000000e+00	3.481191760902520027e-01	3.811695569156189900e-01	3.652053444943940130e-01	2.733707116661490133e-01	3.658935669354380082e-01	2.696392699919870073e-01	3.010269736938360197e-01	2.309137072359510046e-01	3.488737101296299770e-01	3.073044818312909987e-01	2.134230423983959901e-01	3.607463636515719774e-01	4.104613510921670261e-01	3.220082812416190099e-01	4.122814041190520085e-01	2.729657038053610041e-01	2.029550428355360037e-01	3.893748227078259738e-01	2.677107768468179883e-01	2.777937334620830256e-01	8.874316561052669750e-02	2.078173430504419994e-01	2.857371735742800234e-01	4.352430338268040155e-01	1.976242925168180120e-01	3.330763890280690198e-01	2.977647382019910083e-01	3.125485714748130195e-01	2.824743923696900194e-01	2.315340476847690121e-01	2.770690119847680211e-01	2.696075436190419894e-01	3.518916728728729848e-01	2.301162472898120037e-01	3.680439708334130033e-01	2.552880155012020036e-01	1.148963401352089964e-01	2.462246669330430127e-01	1.017421275172149947e-02	4.241702962847569980e-01	9.429169619605159980e-02	3.012750270796529795e-01	2.469384368157029885e-01	2.970787897858909732e-01	2.191696347569699888e-01	2.851795853675360148e-01	0.000000000000000000e+00	2.848174015058430042e-01	2.622729346564730002e-01	2.918430868257640073e-02	1.413775652618169953e-01	2.830799819942519946e-01	3.408955850349399963e-01	2.534442701053959968e-01	3.106712323521440000e-01	3.932055536450719813e-01	3.112273874253200234e-01	0.000000000000000000e+00	1.295817293942939930e-01	2.797158560181359777e-01	3.158686873232059988e-01	3.112347118875999907e-01	1.955976792773939932e-01	1.000000000000000048e-04	0.000000000000000000e+00	1.603394395474160017e-01	1.565916645072890079e-01	4.296254973744780270e-01	2.331854727188640009e-01	0.000000000000000000e+00	2.537844757243479799e-01	3.326064068982759747e-01	3.184287319734679933e-01	0.000000000000000000e+00	0.000000000000000000e+00	4.316930471069280184e-01	8.246061882731529902e-02	2.936312133446680184e-01	2.641933411145970245e-01	3.755510647263269886e-01	3.088633140130819799e-01	9.473878100329929941e-02	1.244617358521319939e-01	2.227209476088559958e-01	2.073483619372349929e-01	2.258934596759329949e-01	2.896164050354950170e-01	2.153452823268290073e-01	1.389956511003420103e-01	1.442510975583929933e-01	2.850990602835620225e-01	2.936726778951619932e-01	3.902830653934100114e-01	4.387912331008890221e-01	3.003759212016929858e-01	1.251048564749510095e-01	0.000000000000000000e+00	2.305878801299169889e-01	3.145038613759850166e-01
1.327486537399600042e-01	1.960539238806920104e-01	2.670060765126079927e-01	1.990104362078299882e-01	0.000000000000000000e+00	2.001470720025269878e-01	2.588147643063279935e-01	3.145778849270690070e-01	3.118138894454099974e-01	1.000000000000000000e+00	2.384238813933790002e-01	0.000000000000000000e+00	1.859777178361760042e-01	2.338253717181909899e-02	9.574741779091920646e-02	2.033183673565910066e-01	2.621927071627739858e-01	6.814420434297040197e-02	1.211384865481409945e-01	1.126526253891979995e-01	1.354085557759930059e-01	9.250476115019640178e-02	2.894528723427889916e-01	2.914145157988189960e-01	2.775192918580070001e-01	1.239968851174459985e-01	1.274285355205949932e-01	2.251663211939030074e-01	7.187681833324580105e-02	2.021779953374910066e-01	2.118168417684060112e-01	7.501347170809399834e-02	7.059935510090760424e-02	2.025875998451260041e-01	1.151345344992509984e-01	4.646098075919669751e-02	1.667429454797650090e-01	2.094720756790409977e-01	7.992521810253229442e-02	0.000000000000000000e+00	9.833706696007479819e-02	2.414731721138070053e-01	1.360345884669310057e-01	8.315829392310210288e-02	7.942644886124060333e-02	1.398421626235520077e-01	3.370346852774879776e-01	9.087137061634249779e-02	2.698424072053510203e-01	3.028175268438330070e-01	8.085982836752389491e-02	1.183710491733550030e-01	0.000000000000000000e+00	8.205602608469270143e-02	7.624330473298519817e-02	2.508865566084970133e-01	9.726909700479860477e-02	0.000000000000000000e+00	6.614542995062940023e-02	0.000000000000000000e+00	0.000000000000000000e+00	2.194380099192410061e-01	7.353994232154359434e-02	2.836431124309849935e-02	3.239007656298030224e-01	2.567823330974570162e-01	1.662296796936539867e-01	2.794395154857030050e-01	1.094384561473349948e-01	7.778381455218029428e-02	7.406272563956879662e-02	9.430723079659460162e-02	6.606764292114410131e-02	0.000000000000000000e+00	3.898557010023429720e-02	2.328400006348310125e-01	0.000000000000000000e+00	9.767971295076480209e-02	2.438947371971419975e-01	0.000000000000000000e+00	1.401551595954959872e-01	8.212750766234369615e-02	7.685038729020579606e-02	2.542148619587489833e-01	0.000000000000000000e+00	8.220678971194360363e-02	9.295649800554089959e-02	0.000000000000000000e+00	1.000000000000000048e-04	3.112200631354110070e-01	2.053041502342140001e-01	2.239034083755900018e-01	1.447748425725429999e-01	8.490043880478520544e-02	7.695173481013820038e-02	5.910230367547589930e-02	0.000000000000000000e+00	7.712941467966770437e-02	9.227211599927069574e-02	1.297281907859340055e-01	1.643934222765010000e-01	1.539280651022799928e-01	8.635940909210239325e-02	2.182585846385080020e-01	9.915739956491599616e-02	1.289489717137549951e-01	0.000000000000000000e+00	6.731219652518949381e-02	2.168761364132200109e-01	6.471803629130100377e-02	5.555120997195889948e-02	2.171417031664210073e-01	2.270126124816760071e-01	2.281963760158310095e-01	2.327140034837600069e-01	0.000000000000000000e+00	0.000000000000000000e+00	1.294841803408129932e-01	1.812719729139559977e-01	8.070583685164879617e-02	2.273922455605560111e-01	8.486647902907369645e-02	4.638341379938269726e-02	8.660363802888609852e-02
5.161429300743419768e-01	9.642580109222330387e-02	1.462404536801809873e-01	2.524857997556140266e-01	5.261009965307239522e-01	2.498025096737719886e-01	2.660964959047770195e-01	3.195848788836549992e-01	4.960176599268609765e-01	2.384238813933790002e-01	1.000000000000000000e+00	6.262933353915620116e-02	4.728002973824519950e-01	4.250485592636810313e-03	4.010559482899330175e-01	3.461259145645410040e-01	3.119460046433489842e-01	1.245919869869360069e-02	4.475306864134719897e-01	3.844668977247109876e-01	7.308273996502889780e-02	5.030475850789050130e-01	1.998176273686680104e-01	2.875653348037879864e-01	4.326185427886080070e-01	4.774405451590730265e-01	4.693083123675910184e-01	3.409597717390869809e-01	3.514282220043700167e-01	3.669024283411900234e-01	2.547298910705579900e-01	4.350177474569459912e-01	3.278271595653490245e-01	3.235731583567360015e-01	0.000000000000000000e+00	3.419884041975799760e-01	4.282526351062639902e-01	3.913960173086579730e-01	4.442148822337330105e-01	4.589971442070829855e-01	3.988158913251800275e-01	1.322684152931689894e-01	3.973450600183139891e-01	3.770388146046469990e-01	3.922720461539659920e-01	6.464497049425259323e-02	1.507588390054130090e-01	4.114865609425850113e-01	4.553069835352420158e-01	1.938790870697089941e-01	4.185380453523980249e-01	4.000284824668730033e-01	3.518005896703479962e-01	4.262918438774569996e-01	3.281204619290860047e-01	0.000000000000000000e+00	3.740163693491789787e-01	5.075425553775699816e-01	3.267872829315939809e-01	0.000000000000000000e+00	3.787017542048600194e-01	8.910730402043880172e-02	3.358549284971529825e-01	6.929311972319399972e-03	3.814118342498389880e-01	6.262785964767310365e-02	2.912979513648190077e-01	2.251080394236419924e-01	3.706428889928050086e-01	3.011828691131129832e-01	4.345061665605279844e-01	4.210176635304510029e-01	0.000000000000000000e+00	3.088705828389770036e-01	1.979428783865970140e-02	0.000000000000000000e+00	0.000000000000000000e+00	4.085531732797160198e-01	2.213623237397739918e-01	4.756909411677009980e-01	4.804047798093600274e-01	0.000000000000000000e+00	3.524303733848250242e-01	9.126142189335430255e-02	3.823284947569959846e-01	4.777889885646510182e-01	4.320487724449429967e-01	2.789204715892870112e-01	1.000000000000000048e-04	1.949084218332829965e-01	1.038773995786689969e-01	1.200571661997369977e-01	5.547224401263809446e-01	3.339318896266360026e-01	4.828416802625840054e-01	0.000000000000000000e+00	3.299013223454809740e-01	4.501185081740720073e-01	5.044583580416900359e-01	5.204118763808890380e-01	5.803624702168349581e-01	5.791951259163850146e-02	3.775982390363930019e-01	2.208471829887969917e-01	5.132721456713990049e-01	3.999061164949579972e-01	7.195467119855339377e-02	1.637177729978160079e-01	1.879842723861039899e-01	2.639944565150300071e-01	3.412728550336949773e-01	3.028531612391550110e-01	1.944502667560600029e-01	1.094333052539329942e-01	1.002767761927259998e-01	4.030998303739570243e-01	3.531028314071329999e-01	5.308019600650839553e-01	5.053257474554450068e-01	4.294233301863060182e-01	1.091401047230580040e-01	3.647672785115059768e-01	3.084565326591510170e-01	4.431707031174110245e-01
0.000000000000000000e+00	1.503089239904910057e-01	2.863901945062279908e-01	0.000000000000000000e+00	8.183810240849989648e-02	8.471681857437980689e-02	8.222807352412600523e-02	6.695828850549509492e-02	9.136672145653200461e-02	0.000000000000000000e+00	6.262933353915620116e-02	1.000000000000000000e+00	7.214457878981080097e-02	8.667908117391759371e-02	1.207299235466779974e-02	4.901627211326770039e-02	6.152201653395539954e-02	0.000000000000000000e+00	2.041403666018840046e-02	1.242201626477850047e-02	1.596579061730399873e-01	0.000000000000000000e+00	1.793033050780080129e-01	1.863018810138289960e-01	5.317953037182569787e-02	1.740622716825170058e-02	2.029762760079559941e-02	6.358426381928429516e-02	7.206897169604360373e-03	6.376408345112309639e-02	6.406039071404250052e-02	7.505487238169839675e-03	6.734934678919520142e-03	1.338151038303040108e-01	0.000000000000000000e+00	3.632928146278349788e-03	3.647539324881730188e-02	4.354730002692130258e-02	1.046120192144119922e-02	7.317223042851900283e-02	8.689035542378270235e-03	1.322590772709379969e-01	2.628441548798950145e-02	7.766390575502379878e-03	9.664945896152280294e-03	2.185978546109449971e-01	3.262493868949549736e-01	9.345979551636820343e-03	6.979319380940350592e-02	3.224708768135600145e-01	1.445890880185000081e-02	2.132043937660769994e-02	6.582553484522260523e-02	8.724483799696109571e-03	6.788720938921580066e-03	2.296185584799279866e-01	8.317286587421410249e-03	1.272171257455470030e-02	5.609303881719729726e-03	1.566117327718220126e-02	6.224647466008069625e-03	2.890648521799660253e-01	6.491854584400339780e-03	1.652467673777759938e-01	1.320009865899159918e-01	2.908800744273780103e-01	6.681032836099490280e-02	3.222584554078949948e-01	1.585475214215590137e-02	6.639878536526989602e-03	1.187126400571720045e-02	9.609380179900029600e-03	7.072981028535589576e-03	1.513540960059529990e-02	1.573415506244650042e-01	2.377347226376989864e-01	9.193494376631999865e-03	2.052000329766080072e-02	1.842092114041780082e-01	1.341349552966780018e-02	2.057416106579380149e-02	9.215155679526290319e-03	8.607624770130800629e-03	5.790800223396209701e-01	9.144296805569910799e-03	1.049572568150130072e-02	1.031840913806809923e-02	7.979449635508910690e-03	1.000000000000000048e-04	1.534975884355780085e-01	2.019022181457829912e-01	2.814657459180929799e-01	3.389552130772469779e-02	9.191547358654210062e-03	1.155918525950550002e-02	6.291658489545100090e-03	4.234765442542939851e-02	9.387642084225829298e-03	1.156108964062129915e-02	3.292919990635560096e-02	0.000000000000000000e+00	4.390598027885340149e-01	0.000000000000000000e+00	1.619473713308549889e-01	1.572913675323970098e-02	1.693030412757360118e-02	2.243095128854389886e-01	2.137167954017060029e-02	1.219135368565709976e-01	4.649209339792129830e-03	0.000000000000000000e+00	0.000000000000000000e+00	8.916813885603740164e-02	9.824454055793739593e-02	5.123911163002009550e-01	1.285715433523950020e-02	1.457300804819510083e-02	3.801075577842279868e-02	3.913632760026589802e-02	9.472862650041779381e-03	1.664371462706359939e-01	9.458160502777359854e-03	6.378276175155069699e-03	1.216969558897530029e-02
