9.999999999999990008e-01	6.549280760120586020e-01	6.549280760120586020e-01	6.549280760120586020e-01	7.038295853361680177e-01	6.549280760120586020e-01	6.549280760120586020e-01	6.549280760120586020e-01	6.549280760120586020e-01	7.419615855320319531e-01	6.549280760120586020e-01	6.549280760120586020e-01	6.549280760120586020e-01	6.549280760120586020e-01	6.549280760120586020e-01	6.549280760120586020e-01	6.549280760120586020e-01	6.549280760120586020e-01	6.549280760120586020e-01	6.549280760120586020e-01	6.549280760120586020e-01	6.549280760120586020e-01	6.549280760120586020e-01	6.549280760120586020e-01	7.017911040700489655e-01	7.157270122499259646e-01	6.963488780362000474e-01	6.549280760120586020e-01	6.549280760120586020e-01	6.549280760120586020e-01	6.549280760120586020e-01	6.549280760120586020e-01	6.778449452944740328e-01	6.549280760120586020e-01	6.549280760120586020e-01	6.803332210989609941e-01	7.106909690651550537e-01	7.050207680689180023e-01	6.549280760120586020e-01	6.549280760120586020e-01	6.549280760120586020e-01	6.549280760120586020e-01	6.549280760120586020e-01	6.549280760120586020e-01	6.418417296617859868e-01	6.549280760120586020e-01	6.549280760120586020e-01	6.549280760120586020e-01	6.549280760120586020e-01	6.549280760120586020e-01	6.549280760120586020e-01	6.549280760120586020e-01	6.390149994844630532e-01	6.443184014326389653e-01	6.549280760120586020e-01	6.549280760120586020e-01	6.549280760120586020e-01	6.549280760120586020e-01	6.549280760120586020e-01	6.683000162517700460e-01	6.776113588431400547e-01	6.549280760120586020e-01	6.549280760120586020e-01	6.549280760120586020e-01	6.549280760120586020e-01	6.549280760120586020e-01	6.549280760120586020e-01	6.549280760120586020e-01	6.549280760120586020e-01	6.670517123503379997e-01	6.723993477248290107e-01	6.549280760120586020e-01	6.549280760120586020e-01	6.549280760120586020e-01	6.336728190860849708e-01	6.549280760120586020e-01	7.578932242642140160e-01	6.549280760120586020e-01	6.588748208655490490e-01	6.549280760120586020e-01	6.856848558094790214e-01	6.549280760120586020e-01	6.777230131637820287e-01	7.278501928726509584e-01	6.858735039836889591e-01	6.549280760120586020e-01	6.549280760120586020e-01	6.637269027764139961e-01	6.549280760120586020e-01	6.549280760120586020e-01	6.549280760120586020e-01	6.549280760120586020e-01	6.139504167381379940e-01	6.549280760120586020e-01	6.549280760120586020e-01	6.549280760120586020e-01	6.549280760120586020e-01	6.549280760120586020e-01	6.421933657187479660e-01	6.549280760120586020e-01	6.549280760120586020e-01	6.441592089626430040e-01	6.549280760120586020e-01	6.295389098902830494e-01	6.549280760120586020e-01	6.549280760120586020e-01	6.536394963548900483e-01	6.595172321297529949e-01	6.549280760120586020e-01	6.549280760120586020e-01	6.549280760120586020e-01	6.549280760120586020e-01	6.549280760120586020e-01	6.549280760120586020e-01	6.549280760120586020e-01	6.549280760120586020e-01	6.549280760120586020e-01	6.549280760120586020e-01	6.549280760120586020e-01	6.549280760120586020e-01	6.549280760120586020e-01	6.549280760120586020e-01	6.549280760120586020e-01	7.405853334919330067e-01
6.549280760120586020e-01	1.000000000000000000e+00	7.970377696582710003e-01	6.476418413257709616e-01	6.549280760120586020e-01	6.899367991274679701e-01	6.549280760120586020e-01	6.549280760120586020e-01	6.549280760120586020e-01	6.549280760120586020e-01	7.045032452873249973e-01	6.986344230269589950e-01	6.768075255667740375e-01	6.384363047914219935e-01	6.549280760120586020e-01	6.549280760120586020e-01	6.549280760120586020e-01	6.135467990362040158e-01	6.549280760120586020e-01	6.549280760120586020e-01	6.549280760120586020e-01	6.549280760120586020e-01	7.102195550792530510e-01	6.549280760120586020e-01	6.549280760120586020e-01	6.549280760120586020e-01	6.549280760120586020e-01	6.994690666177759697e-01	6.549280760120586020e-01	6.549280760120586020e-01	6.549280760120586020e-01	6.549280760120586020e-01	6.549280760120586020e-01	6.549280760120586020e-01	6.549280760120586020e-01	6.568614968116039954e-01	6.883582521038169588e-01	6.549280760120586020e-01	6.549280760120586020e-01	6.549280760120586020e-01	7.111388873456859772e-01	6.457768178814039528e-01	6.549280760120586020e-01	6.761186301245279973e-01	6.144818213542959651e-01	6.549280760120586020e-01	6.502122548840180150e-01	6.549280760120586020e-01	6.884885645890790329e-01	6.549280760120586020e-01	6.549280760120586020e-01	6.549280760120586020e-01	6.549280760120586020e-01	6.549280760120586020e-01	6.549280760120586020e-01	6.549280760120586020e-01	6.549280760120586020e-01	6.549280760120586020e-01	6.549280760120586020e-01	6.549280760120586020e-01	6.549280760120586020e-01	6.549280760120586020e-01	6.549280760120586020e-01	6.693423088324299552e-01	6.549280760120586020e-01	6.549280760120586020e-01	6.549280760120586020e-01	6.549280760120586020e-01	6.549280760120586020e-01	6.631622980730540462e-01	6.549280760120586020e-01	6.549280760120586020e-01	6.549280760120586020e-01	6.773484094394079946e-01	6.549280760120586020e-01	6.549095014148610394e-01	6.549280760120586020e-01	6.549280760120586020e-01	6.549280760120586020e-01	6.549280760120586020e-01	6.549280760120586020e-01	6.549280760120586020e-01	6.549280760120586020e-01	6.549280760120586020e-01	6.549280760120586020e-01	6.549280760120586020e-01	6.670445382932570499e-01	6.592156849254580120e-01	8.070517191128779855e-01	6.528434357038559455e-01	6.549280760120586020e-01	6.347978677780869994e-01	6.549280760120586020e-01	6.549280760120586020e-01	6.549280760120586020e-01	6.549280760120586020e-01	6.715868291685109792e-01	6.549280760120586020e-01	6.549280760120586020e-01	6.549280760120586020e-01	6.549280760120586020e-01	6.549280760120586020e-01	6.452012973249660055e-01	6.549280760120586020e-01	6.549280760120586020e-01	6.549280760120586020e-01	6.549280760120586020e-01	6.549280760120586020e-01	6.549280760120586020e-01	6.549280760120586020e-01	6.549280760120586020e-01	6.549280760120586020e-01	6.549280760120586020e-01	6.549280760120586020e-01	6.549280760120586020e-01	6.549280760120586020e-01	7.538004352034439748e-01	6.549280760120586020e-01	6.549280760120586020e-01	6.549280760120586020e-01	6.381643123998840261e-01	6.549280760120586020e-01	7.134401588683080275e-01	6.549280760120586020e-01
6.549280760120586020e-01	7.970377696582710003e-01	1.000000000000000000e+00	6.549280760120586020e-01	6.549280760120586020e-01	6.549280760120586020e-01	6.549280760120586020e-01	6.549280760120586020e-01	7.060441882014879544e-01	7.019715568457179922e-01	6.549280760120586020e-01	6.797318614824020555e-01	6.877195834211069503e-01	6.199327309152650178e-01	6.689479038981770431e-01	6.549280760120586020e-01	6.549280760120586020e-01	6.228301659373649546e-01	6.549280760120586020e-01	6.549280760120586020e-01	6.409165037922189834e-01	6.549280760120586020e-01	6.932344711763209766e-01	6.549280760120586020e-01	6.549280760120586020e-01	6.549280760120586020e-01	6.549280760120586020e-01	6.893476167977390379e-01	6.549280760120586020e-01	6.549280760120586020e-01	6.729775509310900183e-01	6.549280760120586020e-01	6.549280760120586020e-01	6.549280760120586020e-01	6.692053998123510539e-01	6.549280760120586020e-01	6.549280760120586020e-01	6.549280760120586020e-01	6.870194908203489659e-01	6.549280760120586020e-01	6.549280760120586020e-01	6.549280760120586020e-01	6.549280760120586020e-01	6.549280760120586020e-01	6.357697172156570042e-01	6.549280760120586020e-01	6.549280760120586020e-01	6.549280760120586020e-01	7.064822320056529659e-01	6.549280760120586020e-01	6.549280760120586020e-01	6.549280760120586020e-01	6.549280760120586020e-01	6.549280760120586020e-01	6.549280760120586020e-01	6.549280760120586020e-01	6.549280760120586020e-01	6.549280760120586020e-01	6.544398889702589539e-01	6.594266895328290135e-01	6.549280760120586020e-01	6.549280760120586020e-01	6.549280760120586020e-01	6.549280760120586020e-01	6.549280760120586020e-01	6.549280760120586020e-01	6.549280760120586020e-01	6.549280760120586020e-01	6.549280760120586020e-01	6.562703174651479676e-01	6.444304955398639789e-01	6.549280760120586020e-01	6.549280760120586020e-01	6.549280760120586020e-01	6.351830736769720209e-01	6.549280760120586020e-01	6.549280760120586020e-01	6.549280760120586020e-01	6.679350477505999750e-01	6.518360349192200420e-01	6.549280760120586020e-01	6.549280760120586020e-01	6.549280760120586020e-01	6.898997249390550479e-01	6.549280760120586020e-01	6.549280760120586020e-01	6.549280760120586020e-01	6.549280760120586020e-01	6.549280760120586020e-01	6.549280760120586020e-01	6.549280760120586020e-01	6.265345454497249778e-01	6.133586615348499693e-01	6.549280760120586020e-01	6.549280760120586020e-01	6.549280760120586020e-01	6.625181202965469973e-01	6.549280760120586020e-01	6.549280760120586020e-01	6.549280760120586020e-01	6.153094004879939849e-01	6.549280760120586020e-01	6.549280760120586020e-01	6.246997675346940282e-01	6.549280760120586020e-01	6.446689591492229532e-01	6.643491699859319644e-01	6.567394657281580006e-01	6.610933480057770151e-01	6.315178614638989885e-01	6.549280760120586020e-01	6.549280760120586020e-01	6.549280760120586020e-01	6.549280760120586020e-01	6.549280760120586020e-01	6.549280760120586020e-01	7.623677466053859764e-01	6.549280760120586020e-01	6.549280760120586020e-01	6.549280760120586020e-01	6.406068076643269826e-01	6.549280760120586020e-01	7.120751421587789842e-01	7.106795882554800547e-01
6.549280760120586020e-01	6.476418413257709616e-01	6.549280760120586020e-01	9.999999999999980016e-01	6.153594652815500554e-01	6.549280760120586020e-01	6.026949621474619878e-01	6.549280760120586020e-01	6.219610712516809858e-01	6.549280760120586020e-01	6.143026884895439466e-01	6.549280760120586020e-01	6.549280760120586020e-01	6.549280760120586020e-01	6.549280760120586020e-01	6.549280760120586020e-01	6.549280760120586020e-01	6.549280760120586020e-01	6.549280760120586020e-01	6.549280760120586020e-01	6.549280760120586020e-01	6.727743969946420322e-01	6.549280760120586020e-01	6.549280760120586020e-01	6.014319458046100131e-01	6.549280760120586020e-01	6.311415329618279557e-01	6.549280760120586020e-01	6.549280760120586020e-01	6.549280760120586020e-01	6.549280760120586020e-01	6.060386142810080257e-01	6.376791258453780031e-01	6.549280760120586020e-01	6.562434482561260163e-01	6.583340293630569606e-01	6.775610912422039833e-01	6.236696936247539957e-01	6.549280760120586020e-01	6.549280760120586020e-01	6.284041413764119843e-01	5.950903726010390304e-01	6.549280760120586020e-01	6.549280760120586020e-01	6.549280760120586020e-01	6.549280760120586020e-01	6.549280760120586020e-01	6.549280760120586020e-01	6.549280760120586020e-01	6.549280760120586020e-01	6.549280760120586020e-01	6.581916063476129786e-01	5.988633089127429754e-01	6.549280760120586020e-01	6.549280760120586020e-01	6.549280760120586020e-01	6.549280760120586020e-01	6.549280760120586020e-01	6.549280760120586020e-01	6.549280760120586020e-01	6.380560693608460232e-01	6.549280760120586020e-01	6.549280760120586020e-01	6.350714287205909692e-01	6.549280760120586020e-01	6.719988324807889546e-01	6.549280760120586020e-01	6.681678581073350331e-01	6.549280760120586020e-01	6.549280760120586020e-01	6.549280760120586020e-01	6.549280760120586020e-01	6.549280760120586020e-01	6.504364107687049534e-01	6.549280760120586020e-01	6.745066000271200402e-01	6.549280760120586020e-01	6.549280760120586020e-01	6.331613792623159709e-01	6.549280760120586020e-01	6.549280760120586020e-01	6.549280760120586020e-01	6.549280760120586020e-01	6.158488119204029720e-01	6.549280760120586020e-01	6.549280760120586020e-01	6.549280760120586020e-01	6.549280760120586020e-01	6.549280760120586020e-01	6.549280760120586020e-01	6.613899317319580362e-01	6.518700658317739816e-01	6.549280760120586020e-01	6.301841344539820255e-01	6.549280760120586020e-01	6.549280760120586020e-01	6.549280760120586020e-01	6.156150411221029684e-01	6.549280760120586020e-01	6.549280760120586020e-01	6.549280760120586020e-01	6.549280760120586020e-01	6.549280760120586020e-01	6.549280760120586020e-01	6.549280760120586020e-01	6.170866732837999580e-01	6.549280760120586020e-01	6.549280760120586020e-01	6.549280760120586020e-01	6.549280760120586020e-01	6.488060749345699874e-01	6.549280760120586020e-01	6.549280760120586020e-01	6.549280760120586020e-01	6.549280760120586020e-01	6.558155008134509689e-01	6.549280760120586020e-01	6.549280760120586020e-01	6.549280760120586020e-01	6.549280760120586020e-01	6.157391365429260022e-01	6.302221876670049960e-01	6.549280760120586020e-01	6.446033138503830529e-01
7.038295853361680177e-01	6.549280760120586020e-01	6.549280760120586020e-01	6.153594652815500554e-01	9.999999999999980016e-01	6.900527951530790460e-01	7.772437840436650092e-01	6.549280760120586020e-01	6.549280760120586020e-01	7.152173251115210295e-01	6.549280760120586020e-01	7.562611321099980133e-01	6.549280760120586020e-01	6.549280760120586020e-01	6.549280760120586020e-01	6.549280760120586020e-01	6.549280760120586020e-01	6.549280760120586020e-01	6.549280760120586020e-01	6.549280760120586020e-01	6.549280760120586020e-01	6.458428531323380239e-01	6.549280760120586020e-01	6.315592759110959520e-01	6.549280760120586020e-01	6.549280760120586020e-01	5.924738104363499458e-01	6.549280760120586020e-01	6.213821606883179749e-01	6.535882984578450516e-01	6.549280760120586020e-01	6.549280760120586020e-01	6.549280760120586020e-01	6.549280760120586020e-01	6.549280760120586020e-01	6.549280760120586020e-01	6.549280760120586020e-01	6.549280760120586020e-01	6.549280760120586020e-01	5.997368959970490465e-01	6.669032308186410019e-01	6.549280760120586020e-01	7.111280564395620063e-01	6.775730554097300073e-01	5.653240597027660019e-01	6.796946111320150141e-01	6.549280760120586020e-01	6.848459808341430533e-01	6.549280760120586020e-01	6.549280760120586020e-01	6.786627159231070072e-01	6.464977168889559644e-01	6.549280760120586020e-01	6.570025153545170360e-01	6.549280760120586020e-01	6.430484399451089628e-01	6.549280760120586020e-01	6.549280760120586020e-01	6.549280760120586020e-01	6.549280760120586020e-01	6.549280760120586020e-01	6.549280760120586020e-01	6.549280760120586020e-01	6.549280760120586020e-01	6.549280760120586020e-01	6.549280760120586020e-01	6.549280760120586020e-01	6.549280760120586020e-01	6.393604246106839861e-01	6.549280760120586020e-01	6.549280760120586020e-01	6.822677107573500432e-01	6.364005666132439565e-01	6.424412162890760225e-01	6.549280760120586020e-01	6.549280760120586020e-01	7.075922990535290502e-01	6.549280760120586020e-01	6.549280760120586020e-01	6.549280760120586020e-01	6.549280760120586020e-01	6.549280760120586020e-01	6.549280760120586020e-01	6.549280760120586020e-01	6.350873570154670356e-01	6.549280760120586020e-01	6.686889400694580043e-01	6.593636300705220110e-01	6.549280760120586020e-01	6.549280760120586020e-01	6.914489450348120236e-01	6.549280760120586020e-01	6.549280760120586020e-01	6.549280760120586020e-01	6.549280760120586020e-01	6.549280760120586020e-01	6.549280760120586020e-01	6.549280760120586020e-01	6.549280760120586020e-01	6.549280760120586020e-01	7.181462750795769567e-01	6.549280760120586020e-01	6.587826629764540476e-01	6.549280760120586020e-01	6.549280760120586020e-01	6.549280760120586020e-01	6.549280760120586020e-01	6.182901545848930036e-01	6.079761586594899514e-01	6.549280760120586020e-01	6.549280760120586020e-01	6.549280760120586020e-01	6.549280760120586020e-01	6.544334894920099677e-01	6.545130332158010100e-01	6.549280760120586020e-01	6.549280760120586020e-01	6.549280760120586020e-01	6.549280760120586020e-01	6.784200545508789482e-01	6.849110703602480088e-01	6.549280760120586020e-01	6.549280760120586020e-01	7.084002604969550365e-01
6.549280760120586020e-01	6.899367991274679701e-01	6.549280760120586020e-01	6.549280760120586020e-01	6.900527951530790460e-01	9.999999999999980016e-01	6.549280760120586020e-01	6.549280760120586020e-01	6.549280760120586020e-01	6.549280760120586020e-01	6.549280760120586020e-01	6.549280760120586020e-01	7.088977543645720303e-01	6.549280760120586020e-01	6.549280760120586020e-01	6.358163227353289537e-01	6.549280760120586020e-01	5.745710915053939827e-01	6.549280760120586020e-01	6.549280760120586020e-01	6.549280760120586020e-01	6.549280760120586020e-01	6.290518221339590488e-01	6.549280760120586020e-01	6.549280760120586020e-01	6.778564823477060131e-01	6.549280760120586020e-01	6.549280760120586020e-01	6.549280760120586020e-01	6.549280760120586020e-01	6.549280760120586020e-01	6.549280760120586020e-01	6.549280760120586020e-01	6.549280760120586020e-01	6.549280760120586020e-01	6.104708628213389998e-01	6.549280760120586020e-01	6.549280760120586020e-01	6.549280760120586020e-01	6.549280760120586020e-01	6.111785074978990373e-01	6.847572275237829853e-01	6.549280760120586020e-01	6.549280760120586020e-01	5.779068984108479690e-01	6.549280760120586020e-01	6.549280760120586020e-01	6.549280760120586020e-01	6.549280760120586020e-01	6.549520619634540131e-01	6.644676326700440505e-01	7.138945806134689986e-01	6.549280760120586020e-01	6.549280760120586020e-01	6.549280760120586020e-01	6.549280760120586020e-01	6.549280760120586020e-01	5.878989947545479877e-01	6.115864765350239596e-01	6.549280760120586020e-01	6.549280760120586020e-01	6.549280760120586020e-01	6.327545736967780110e-01	6.405817775721980301e-01	5.882051211709610206e-01	6.549280760120586020e-01	6.000232038129460488e-01	6.549280760120586020e-01	6.364175122467690127e-01	6.549280760120586020e-01	6.610123134844200221e-01	6.549280760120586020e-01	6.549280760120586020e-01	6.549280760120586020e-01	6.549280760120586020e-01	6.758393811978230525e-01	6.549280760120586020e-01	6.549280760120586020e-01	6.549280760120586020e-01	6.549280760120586020e-01	6.832617718801220486e-01	6.549280760120586020e-01	6.549280760120586020e-01	6.549280760120586020e-01	5.902456686821899723e-01	6.549280760120586020e-01	6.970944020902649640e-01	6.549280760120586020e-01	6.549280760120586020e-01	6.549280760120586020e-01	6.549280760120586020e-01	6.549280760120586020e-01	6.549280760120586020e-01	6.549280760120586020e-01	6.549280760120586020e-01	6.549280760120586020e-01	7.065692014195239512e-01	6.549280760120586020e-01	6.549280760120586020e-01	6.549280760120586020e-01	6.876864431771030350e-01	6.759420802621119995e-01	6.491660224400549462e-01	6.549280760120586020e-01	6.793468258296420093e-01	6.549280760120586020e-01	6.549280760120586020e-01	6.353681336329629614e-01	5.866551060375589932e-01	6.549280760120586020e-01	6.064051562310249777e-01	6.538950125315440287e-01	6.519570274986740133e-01	7.067859007509169622e-01	6.549280760120586020e-01	6.549280760120586020e-01	6.549280760120586020e-01	6.549280760120586020e-01	6.549280760120586020e-01	6.549280760120586020e-01	6.549280760120586020e-01	6.549280760120586020e-01	6.549280760120586020e-01	6.549280760120586020e-01
6.549280760120586020e-01	6.549280760120586020e-01	6.549280760120586020e-01	6.026949621474619878e-01	7.772437840436650092e-01	6.549280760120586020e-01	9.999999999999990008e-01	6.549280760120586020e-01	7.308190037720440069e-01	6.549280760120586020e-01	7.062103377826489670e-01	6.549280760120586020e-01	6.549280760120586020e-01	6.549280760120586020e-01	6.549280760120586020e-01	6.549280760120586020e-01	6.431444627956880433e-01	6.549280760120586020e-01	6.549280760120586020e-01	6.549280760120586020e-01	6.549280760120586020e-01	6.549280760120586020e-01	6.549280760120586020e-01	6.549280760120586020e-01	6.549280760120586020e-01	6.549280760120586020e-01	6.549280760120586020e-01	6.549280760120586020e-01	6.549280760120586020e-01	6.257202132936989791e-01	6.549280760120586020e-01	6.549280760120586020e-01	6.549280760120586020e-01	6.549280760120586020e-01	6.549280760120586020e-01	6.549280760120586020e-01	6.208555306296460463e-01	6.549280760120586020e-01	6.549280760120586020e-01	6.071661335380490465e-01	6.482553472133220085e-01	7.503989776076660512e-01	7.008294695139599684e-01	6.549280760120586020e-01	5.725923304782509771e-01	6.757952306150140087e-01	6.549280760120586020e-01	6.549280760120586020e-01	6.549280760120586020e-01	6.549280760120586020e-01	6.549280760120586020e-01	6.491470308997879801e-01	6.549280760120586020e-01	6.549280760120586020e-01	6.549280760120586020e-01	6.549280760120586020e-01	6.549280760120586020e-01	6.549280760120586020e-01	6.549280760120586020e-01	6.549280760120586020e-01	6.718300758875920264e-01	6.217316738551690314e-01	6.549280760120586020e-01	6.549280760120586020e-01	5.869894421833500298e-01	6.549280760120586020e-01	6.154538464426959621e-01	6.648019814495159663e-01	6.410371775690989482e-01	6.549280760120586020e-01	6.549280760120586020e-01	6.563495628190819664e-01	6.549280760120586020e-01	6.549280760120586020e-01	6.337358144294390483e-01	6.549280760120586020e-01	6.549280760120586020e-01	6.493275490395079563e-01	6.859792713089110094e-01	6.298362469396220353e-01	6.549280760120586020e-01	6.549280760120586020e-01	6.549280760120586020e-01	6.549280760120586020e-01	6.078946981759919543e-01	6.549280760120586020e-01	6.549280760120586020e-01	6.549280760120586020e-01	6.966525112155740329e-01	6.549280760120586020e-01	6.549280760120586020e-01	6.549280760120586020e-01	6.549280760120586020e-01	6.549280760120586020e-01	6.322351041027779450e-01	6.549280760120586020e-01	6.549280760120586020e-01	6.442253528444239485e-01	6.570062037754600404e-01	7.015198602345970036e-01	7.154109236884710343e-01	6.687040556575399863e-01	6.549280760120586020e-01	5.878453982618410123e-01	6.549280760120586020e-01	6.549280760120586020e-01	6.549280760120586020e-01	6.549280760120586020e-01	6.549280760120586020e-01	5.971709767320869666e-01	6.549280760120586020e-01	6.455499735917880066e-01	6.506193711764599596e-01	6.549280760120586020e-01	6.598402071438029814e-01	7.031681109300189636e-01	6.549280760120586020e-01	6.948641215966450124e-01	6.549280760120586020e-01	6.549280760120586020e-01	6.549280760120586020e-01	6.549280760120586020e-01	6.540420658467279713e-01	6.999414810290780498e-01
6.549280760120586020e-01	6.549280760120586020e-01	6.549280760120586020e-01	6.549280760120586020e-01	6.549280760120586020e-01	6.549280760120586020e-01	6.549280760120586020e-01	1.000000000000000000e+00	6.549280760120586020e-01	7.463781274849400349e-01	6.549280760120586020e-01	6.549280760120586020e-01	6.549280760120586020e-01	6.549280760120586020e-01	6.549280760120586020e-01	6.549280760120586020e-01	6.170641055968180133e-01	6.549280760120586020e-01	6.266214083535780466e-01	7.001286532731879619e-01	6.183631161036949875e-01	6.549280760120586020e-01	6.549280760120586020e-01	6.549280760120586020e-01	6.549280760120586020e-01	7.019610277766470396e-01	6.421009918557499807e-01	6.549280760120586020e-01	6.549280760120586020e-01	6.791147086806540445e-01	6.549280760120586020e-01	6.549280760120586020e-01	6.317892672821440181e-01	6.549280760120586020e-01	6.549280760120586020e-01	6.549280760120586020e-01	6.549280760120586020e-01	6.549280760120586020e-01	6.549280760120586020e-01	6.549280760120586020e-01	6.831411105583899968e-01	7.070747342523400203e-01	6.549280760120586020e-01	6.549280760120586020e-01	5.934143486893249664e-01	6.549280760120586020e-01	6.549280760120586020e-01	6.549280760120586020e-01	6.549280760120586020e-01	6.549280760120586020e-01	6.549280760120586020e-01	6.185964023948159474e-01	6.549280760120586020e-01	6.549280760120586020e-01	6.549280760120586020e-01	6.306287443001280524e-01	6.549280760120586020e-01	6.229191547098390513e-01	6.549280760120586020e-01	6.549280760120586020e-01	6.549280760120586020e-01	6.549280760120586020e-01	6.549280760120586020e-01	6.549280760120586020e-01	6.094829676042200495e-01	6.549280760120586020e-01	6.549280760120586020e-01	6.549280760120586020e-01	6.549280760120586020e-01	6.549280760120586020e-01	6.245552398969830277e-01	6.549280760120586020e-01	6.393902785078879880e-01	6.689095813207199814e-01	6.549280760120586020e-01	6.549280760120586020e-01	6.549280760120586020e-01	6.549280760120586020e-01	6.549280760120586020e-01	6.549280760120586020e-01	6.549280760120586020e-01	6.516267046188439771e-01	6.549280760120586020e-01	6.549280760120586020e-01	6.549280760120586020e-01	6.513982563055870090e-01	6.602471797181179713e-01	6.549280760120586020e-01	7.405854679102069626e-01	6.549280760120586020e-01	6.549280760120586020e-01	6.549280760120586020e-01	6.549280760120586020e-01	6.549280760120586020e-01	6.070886793747940491e-01	6.549280760120586020e-01	6.394105018991950162e-01	6.549280760120586020e-01	6.549280760120586020e-01	6.549280760120586020e-01	6.571874075950979721e-01	6.549280760120586020e-01	6.549280760120586020e-01	6.549280760120586020e-01	6.311645772258900333e-01	6.549280760120586020e-01	6.549280760120586020e-01	6.549280760120586020e-01	6.428416619201039461e-01	6.319579438806719462e-01	6.549280760120586020e-01	6.549280760120586020e-01	6.566783304578389657e-01	6.549280760120586020e-01	6.549280760120586020e-01	6.549280760120586020e-01	6.549280760120586020e-01	7.049943215103070537e-01	6.549280760120586020e-01	6.549280760120586020e-01	6.549280760120586020e-01	7.001142225672150055e-01	7.047524905061539613e-01	6.549280760120586020e-01
6.549280760120586020e-01	6.549280760120586020e-01	7.060441882014879544e-01	6.219610712516809858e-01	6.549280760120586020e-01	6.549280760120586020e-01	7.308190037720440069e-01	6.549280760120586020e-01	1.000000000000000000e+00	6.549280760120586020e-01	6.717711670317250139e-01	6.549280760120586020e-01	6.549280760120586020e-01	6.549280760120586020e-01	6.549280760120586020e-01	6.803752283138559953e-01	6.333365475085940277e-01	6.549280760120586020e-01	6.549280760120586020e-01	6.549280760120586020e-01	6.549280760120586020e-01	6.614859194003019915e-01	6.549280760120586020e-01	6.549280760120586020e-01	6.549280760120586020e-01	6.913656919240149801e-01	6.549280760120586020e-01	6.549280760120586020e-01	6.549280760120586020e-01	6.549280760120586020e-01	6.866324645723259623e-01	6.549280760120586020e-01	6.549280760120586020e-01	6.549280760120586020e-01	6.549280760120586020e-01	6.549280760120586020e-01	6.549280760120586020e-01	6.549280760120586020e-01	6.623613873939090402e-01	6.549280760120586020e-01	6.549280760120586020e-01	6.549280760120586020e-01	6.549280760120586020e-01	6.549280760120586020e-01	6.549280760120586020e-01	6.549280760120586020e-01	6.549280760120586020e-01	6.450624962626000380e-01	6.549280760120586020e-01	6.549280760120586020e-01	6.549280760120586020e-01	6.549280760120586020e-01	6.549280760120586020e-01	6.549280760120586020e-01	6.549280760120586020e-01	6.341025393028429935e-01	6.587014400793019808e-01	6.549280760120586020e-01	6.549280760120586020e-01	6.549280760120586020e-01	6.549280760120586020e-01	6.549280760120586020e-01	6.549280760120586020e-01	6.441032912570210378e-01	6.549280760120586020e-01	6.549280760120586020e-01	6.748896023814699996e-01	6.549280760120586020e-01	6.319256089304780000e-01	6.549280760120586020e-01	6.549280760120586020e-01	6.549280760120586020e-01	6.432787315097050485e-01	6.549280760120586020e-01	6.277991514841170240e-01	6.549280760120586020e-01	6.549280760120586020e-01	6.549280760120586020e-01	6.549280760120586020e-01	6.367124599986879740e-01	6.549280760120586020e-01	6.485798936403309733e-01	6.549280760120586020e-01	6.549280760120586020e-01	6.549280760120586020e-01	6.375005770950620265e-01	6.549280760120586020e-01	6.496700741021650405e-01	6.549280760120586020e-01	6.549280760120586020e-01	6.549280760120586020e-01	6.549280760120586020e-01	5.871733401258499851e-01	5.867217742425929750e-01	6.549280760120586020e-01	6.549280760120586020e-01	6.549280760120586020e-01	6.206090143893570055e-01	6.221104393504059971e-01	6.549280760120586020e-01	6.326847208715989934e-01	6.129574072670750384e-01	6.549280760120586020e-01	6.141753286716800098e-01	6.549280760120586020e-01	6.549280760120586020e-01	6.292589660656630057e-01	6.479252428542230380e-01	6.549280760120586020e-01	6.380643324580800302e-01	6.844449262349799890e-01	6.549280760120586020e-01	6.752798054812360062e-01	6.549280760120586020e-01	6.549280760120586020e-01	6.549280760120586020e-01	6.549280760120586020e-01	6.549280760120586020e-01	7.099293691591189726e-01	6.549280760120586020e-01	6.090135610963139934e-01	6.549280760120586020e-01	6.549280760120586020e-01	6.549280760120586020e-01
7.419615855320319531e-01	6.549280760120586020e-01	7.019715568457179922e-01	6.549280760120586020e-01	7.152173251115210295e-01	6.549280760120586020e-01	6.549280760120586020e-01	7.463781274849400349e-01	6.549280760120586020e-01	1.000000000000000000e+00	6.549280760120586020e-01	6.549280760120586020e-01	6.549280760120586020e-01	6.549280760120586020e-01	6.549280760120586020e-01	6.549280760120586020e-01	6.549280760120586020e-01	6.549280760120586020e-01	6.549280760120586020e-01	6.549280760120586020e-01	6.549280760120586020e-01	6.549280760120586020e-01	6.549280760120586020e-01	6.549280760120586020e-01	6.549280760120586020e-01	7.318404129914809486e-01	6.549280760120586020e-01	6.549280760120586020e-01	6.671745247626870157e-01	6.549280760120586020e-01	6.549280760120586020e-01	6.290636587633290366e-01	6.311645687743120403e-01	6.549280760120586020e-01	6.400473951915649495e-01	6.549280760120586020e-01	6.719160391240239782e-01	6.895565298179060498e-01	6.549280760120586020e-01	6.549280760120586020e-01	6.549280760120586020e-01	6.549280760120586020e-01	6.549280760120586020e-01	6.407644791417530516e-01	6.549280760120586020e-01	6.549280760120586020e-01	6.243562422195190198e-01	6.456165268858149453e-01	6.745820639418760312e-01	6.549280760120586020e-01	6.549280760120586020e-01	6.549280760120586020e-01	6.549280760120586020e-01	6.549280760120586020e-01	6.549280760120586020e-01	6.549280760120586020e-01	6.549280760120586020e-01	6.358195041129459657e-01	6.175487746327610328e-01	6.339860197061479852e-01	6.543040273143589936e-01	6.549280760120586020e-01	6.549280760120586020e-01	6.549280760120586020e-01	6.341203224446010367e-01	6.683608294582340514e-01	6.549280760120586020e-01	6.549280760120586020e-01	6.549280760120586020e-01	6.549280760120586020e-01	6.211046335880100466e-01	6.634172497512640376e-01	6.549280760120586020e-01	6.549280760120586020e-01	6.549280760120586020e-01	6.549280760120586020e-01	7.270245485183769452e-01	6.549280760120586020e-01	6.549280760120586020e-01	6.549280760120586020e-01	6.549280760120586020e-01	6.504007288838740131e-01	6.549280760120586020e-01	6.549280760120586020e-01	6.549280760120586020e-01	6.549280760120586020e-01	6.549280760120586020e-01	6.549280760120586020e-01	6.549280760120586020e-01	6.549280760120586020e-01	6.703395291900720032e-01	6.137033073331490396e-01	5.843743806599640545e-01	6.549280760120586020e-01	5.889958536171370218e-01	6.021742636173970098e-01	6.549280760120586020e-01	6.549280760120586020e-01	6.549280760120586020e-01	6.549280760120586020e-01	6.549280760120586020e-01	6.062438843873589889e-01	6.549280760120586020e-01	5.951357698760439963e-01	6.549280760120586020e-01	6.549280760120586020e-01	6.549280760120586020e-01	6.549280760120586020e-01	6.334246006505149795e-01	6.549280760120586020e-01	6.798672757692629798e-01	6.549280760120586020e-01	6.549280760120586020e-01	6.549280760120586020e-01	6.549280760120586020e-01	6.549280760120586020e-01	6.549280760120586020e-01	6.549280760120586020e-01	6.549280760120586020e-01	6.549280760120586020e-01	6.549280760120586020e-01	6.549280760120586020e-01	6.549280760120586020e-01	6.549280760120586020e-01
6.549280760120586020e-01	7.045032452873249973e-01	6.549280760120586020e-01	6.143026884895439466e-01	6.549280760120586020e-01	6.549280760120586020e-01	7.062103377826489670e-01	6.549280760120586020e-01	6.717711670317250139e-01	6.549280760120586020e-01	1.000000000000000000e+00	7.342883868852879692e-01	6.872990918287249507e-01	6.549280760120586020e-01	6.549280760120586020e-01	6.549280760120586020e-01	6.549280760120586020e-01	6.549280760120586020e-01	6.549280760120586020e-01	7.113889083366859989e-01	6.549280760120586020e-01	6.549280760120586020e-01	6.798574782827879748e-01	6.549280760120586020e-01	6.821186216644810063e-01	7.311711377386950206e-01	6.549280760120586020e-01	6.784292138270939798e-01	6.335163828253369545e-01	6.549280760120586020e-01	6.535314345323539609e-01	6.418900928551160012e-01	6.549280760120586020e-01	6.549280760120586020e-01	6.151098380928700093e-01	6.549280760120586020e-01	6.549280760120586020e-01	6.549280760120586020e-01	6.536863995281519957e-01	6.549280760120586020e-01	6.549280760120586020e-01	6.549280760120586020e-01	6.549280760120586020e-01	6.549280760120586020e-01	6.549280760120586020e-01	6.486107211441609621e-01	6.549280760120586020e-01	6.719698509881300019e-01	6.549280760120586020e-01	6.549280760120586020e-01	6.549280760120586020e-01	6.549280760120586020e-01	6.549280760120586020e-01	6.549280760120586020e-01	6.814705238454810132e-01	6.549280760120586020e-01	6.833495440050240122e-01	6.549280760120586020e-01	6.549280760120586020e-01	6.549280760120586020e-01	6.549280760120586020e-01	6.549280760120586020e-01	6.992998411090860511e-01	6.549280760120586020e-01	6.549280760120586020e-01	6.549280760120586020e-01	6.549280760120586020e-01	6.549280760120586020e-01	6.549280760120586020e-01	6.549280760120586020e-01	6.549280760120586020e-01	6.549280760120586020e-01	6.585356320920470186e-01	6.549280760120586020e-01	6.549280760120586020e-01	6.760851204268589765e-01	6.549280760120586020e-01	6.124940772397069466e-01	6.479357823244119574e-01	6.549280760120586020e-01	6.549280760120586020e-01	6.549280760120586020e-01	6.549280760120586020e-01	6.549280760120586020e-01	6.402051762217280118e-01	6.244347317774220363e-01	6.549280760120586020e-01	6.367393924948420159e-01	6.549280760120586020e-01	6.640168600983720193e-01	6.549280760120586020e-01	6.549280760120586020e-01	6.549280760120586020e-01	6.549280760120586020e-01	6.040894235651439459e-01	6.549280760120586020e-01	6.549280760120586020e-01	6.549280760120586020e-01	6.549280760120586020e-01	6.549280760120586020e-01	6.549280760120586020e-01	6.500668504324289554e-01	6.549280760120586020e-01	6.549280760120586020e-01	6.549280760120586020e-01	6.549280760120586020e-01	6.549280760120586020e-01	6.549280760120586020e-01	6.549280760120586020e-01	6.549280760120586020e-01	6.549280760120586020e-01	6.549280760120586020e-01	6.549280760120586020e-01	6.667265040017009703e-01	6.549280760120586020e-01	6.549280760120586020e-01	6.607579306237929551e-01	6.549280760120586020e-01	7.149560454242069873e-01	6.549280760120586020e-01	6.549280760120586020e-01	6.549280760120586020e-01	6.755047872724270208e-01	6.549280760120586020e-01
6.549280760120586020e-01	6.986344230269589950e-01	6.797318614824020555e-01	6.549280760120586020e-01	7.562611321099980133e-01	6.549280760120586020e-01	6.549280760120586020e-01	6.549280760120586020e-01	6.549280760120586020e-01	6.549280760120586020e-01	7.342883868852879692e-01	1.000000000000000000e+00	6.549280760120586020e-01	6.473781918683190195e-01	6.578573198002050093e-01	6.549280760120586020e-01	6.549280760120586020e-01	6.549280760120586020e-01	6.212468780168759475e-01	6.549280760120586020e-01	6.549280760120586020e-01	6.549280760120586020e-01	6.549280760120586020e-01	6.282188476597779792e-01	6.859397444254170528e-01	6.549280760120586020e-01	6.549280760120586020e-01	6.549280760120586020e-01	6.549280760120586020e-01	6.549280760120586020e-01	6.549280760120586020e-01	6.172836543697990397e-01	6.549280760120586020e-01	6.549280760120586020e-01	6.280585979319469603e-01	6.549280760120586020e-01	6.299193149568850236e-01	6.549280760120586020e-01	6.549280760120586020e-01	6.549280760120586020e-01	6.549280760120586020e-01	6.549280760120586020e-01	6.895093586019349630e-01	6.549280760120586020e-01	6.549280760120586020e-01	6.549280760120586020e-01	5.903631046262219906e-01	6.549280760120586020e-01	6.549280760120586020e-01	6.549280760120586020e-01	7.349902959964910165e-01	6.549280760120586020e-01	6.549280760120586020e-01	6.545874327066809606e-01	6.549280760120586020e-01	6.549280760120586020e-01	6.549280760120586020e-01	6.549280760120586020e-01	6.549280760120586020e-01	6.549280760120586020e-01	6.549280760120586020e-01	6.293018728354510261e-01	6.549280760120586020e-01	6.549280760120586020e-01	6.549280760120586020e-01	6.990440802948120202e-01	6.549280760120586020e-01	6.549280760120586020e-01	6.549280760120586020e-01	6.838136137842010243e-01	6.749910763604619612e-01	6.719814300339760349e-01	6.141250905317130471e-01	6.549280760120586020e-01	6.453583575137149531e-01	6.549280760120586020e-01	6.549280760120586020e-01	6.549280760120586020e-01	6.549280760120586020e-01	6.549280760120586020e-01	6.549280760120586020e-01	6.398885601450829963e-01	6.549280760120586020e-01	6.549280760120586020e-01	6.549280760120586020e-01	6.549280760120586020e-01	6.904000925166370317e-01	6.758537551732359816e-01	7.281578994456420206e-01	6.549280760120586020e-01	6.549280760120586020e-01	6.686437991390850044e-01	6.549280760120586020e-01	6.549280760120586020e-01	6.549280760120586020e-01	6.549280760120586020e-01	6.549280760120586020e-01	6.599799228484829472e-01	6.549280760120586020e-01	7.359177309289980373e-01	6.549280760120586020e-01	6.549280760120586020e-01	6.549280760120586020e-01	6.549280760120586020e-01	6.936148902776709813e-01	6.604113632522859989e-01	6.549280760120586020e-01	6.549280760120586020e-01	5.983345823417749454e-01	6.549280760120586020e-01	6.549280760120586020e-01	6.549280760120586020e-01	6.549280760120586020e-01	6.773652657759360318e-01	6.549280760120586020e-01	6.549280760120586020e-01	6.549280760120586020e-01	6.549280760120586020e-01	7.164296138175110240e-01	6.549280760120586020e-01	7.293689094229579561e-01	7.509838453029300531e-01	6.549280760120586020e-01	6.549280760120586020e-01
