1.000000000000000000e+00	8.653908085942585426e-01	9.086581904565630419e-01	8.653908085942585426e-01	8.653908085942585426e-01	9.072868579518590382e-01	8.653908085942585426e-01	8.653908085942585426e-01	8.653908085942585426e-01	8.653908085942585426e-01	9.098105195694750069e-01	8.653908085942585426e-01	9.218844709949489680e-01	8.653908085942585426e-01	8.653908085942585426e-01	8.653908085942585426e-01	8.653908085942585426e-01	9.093653383964509507e-01	8.653908085942585426e-01	8.653908085942585426e-01	8.933493021890179797e-01	8.653908085942585426e-01	8.653908085942585426e-01	9.307052826896150544e-01	8.653908085942585426e-01	8.653908085942585426e-01	8.653908085942585426e-01	8.653908085942585426e-01	9.104670100935410293e-01	8.653908085942585426e-01	8.892747662479899562e-01	8.653908085942585426e-01	8.653908085942585426e-01	7.927606516767630174e-01	9.274610782978810475e-01	8.653908085942585426e-01	8.653908085942585426e-01	8.653908085942585426e-01	5.349576003711810079e-01	8.653908085942585426e-01	9.257866557596959867e-01	8.653908085942585426e-01	8.653908085942585426e-01	8.653908085942585426e-01	8.653908085942585426e-01	8.653908085942585426e-01	8.378761791253469537e-01	8.653908085942585426e-01	9.010187786432349855e-01	8.653908085942585426e-01	8.653908085942585426e-01	8.955597860550960077e-01	8.653908085942585426e-01	8.653908085942585426e-01	8.653908085942585426e-01	8.653908085942585426e-01	9.000086263921750485e-01	8.653908085942585426e-01	9.282126593303130502e-01	8.653908085942585426e-01	9.051258071874780375e-01	8.653908085942585426e-01	8.653908085942585426e-01	8.653908085942585426e-01	8.653908085942585426e-01	8.653908085942585426e-01	8.653908085942585426e-01	8.653908085942585426e-01	9.118857870071229721e-01	8.653908085942585426e-01	8.653908085942585426e-01	8.653908085942585426e-01	8.653908085942585426e-01	8.653908085942585426e-01	8.653908085942585426e-01	8.653908085942585426e-01	8.653908085942585426e-01	9.147167479536699730e-01	8.653908085942585426e-01	9.098420757844229989e-01	8.633093987923340373e-01	6.954261692265220063e-01	8.165827211988040402e-01	6.747548113590849939e-01	8.964070584662110486e-01	8.653908085942585426e-01	8.653908085942585426e-01	8.653908085942585426e-01	1.000000000000000021e-03	8.653908085942585426e-01	9.079981463894239990e-01	9.177307055368230104e-01	8.653908085942585426e-01	8.653908085942585426e-01	8.653908085942585426e-01	8.653908085942585426e-01	8.653908085942585426e-01	8.991756042410560257e-01	8.653908085942585426e-01	8.653908085942585426e-01	8.653908085942585426e-01	8.971846634769590212e-01	8.653908085942585426e-01	8.653908085942585426e-01	9.187921197991769651e-01	8.653908085942585426e-01	8.653908085942585426e-01	9.010178721834890547e-01	9.365268736480839573e-01	8.653908085942585426e-01	8.886097868996100102e-01	8.653908085942585426e-01	8.653908085942585426e-01	8.653908085942585426e-01	8.653908085942585426e-01	8.653908085942585426e-01	8.653908085942585426e-01	8.653908085942585426e-01	9.255249047571200149e-01	8.653908085942585426e-01	8.653908085942585426e-01	8.653908085942585426e-01	8.653908085942585426e-01	8.653908085942585426e-01
8.653908085942585426e-01	1.000000000000000000e+00	9.062455978341980023e-01	9.072999999888520239e-01	8.653908085942585426e-01	9.034891334149539599e-01	8.653908085942585426e-01	8.558665520012930239e-01	8.653908085942585426e-01	8.653908085942585426e-01	9.048823454158489987e-01	8.653908085942585426e-01	9.180057887924779614e-01	8.891602733017029969e-01	8.586404779106779905e-01	8.653908085942585426e-01	8.653908085942585426e-01	8.653908085942585426e-01	8.653908085942585426e-01	8.653908085942585426e-01	8.891411592122520080e-01	8.653908085942585426e-01	8.890338095406730146e-01	8.653908085942585426e-01	8.653908085942585426e-01	8.653908085942585426e-01	8.653908085942585426e-01	7.660630866511619619e-01	9.072726787174919538e-01	8.653908085942585426e-01	8.653908085942585426e-01	8.653908085942585426e-01	8.653908085942585426e-01	7.879864023879280532e-01	8.653908085942585426e-01	8.653908085942585426e-01	8.653908085942585426e-01	8.653908085942585426e-01	5.320893705312359501e-01	8.653908085942585426e-01	8.653908085942585426e-01	8.653908085942585426e-01	8.653908085942585426e-01	8.653908085942585426e-01	8.653908085942585426e-01	9.129955454708460483e-01	8.653908085942585426e-01	8.653908085942585426e-01	8.969185181613950064e-01	8.653908085942585426e-01	8.821692242902250403e-01	8.653908085942585426e-01	9.121707170977130241e-01	8.653908085942585426e-01	8.653908085942585426e-01	8.653908085942585426e-01	8.653908085942585426e-01	9.213385205516090304e-01	8.653908085942585426e-01	8.653908085942585426e-01	9.018958129263779933e-01	8.095137847972999623e-01	8.653908085942585426e-01	8.553362742357160098e-01	8.653908085942585426e-01	8.653908085942585426e-01	8.653908085942585426e-01	8.653908085942585426e-01	9.086362374780649898e-01	8.653908085942585426e-01	9.213272988507159589e-01	8.653908085942585426e-01	8.653908085942585426e-01	8.653908085942585426e-01	8.653908085942585426e-01	8.653908085942585426e-01	8.653908085942585426e-01	8.653908085942585426e-01	8.653908085942585426e-01	8.653908085942585426e-01	8.627262232910569706e-01	8.653908085942585426e-01	8.130892369792289687e-01	8.653908085942585426e-01	8.942700829290950448e-01	8.653908085942585426e-01	8.653908085942585426e-01	8.981271742382329615e-01	1.000000000000000021e-03	4.096584820167950003e-01	8.653908085942585426e-01	9.153225187525050321e-01	8.653908085942585426e-01	8.886080573380990000e-01	8.653908085942585426e-01	8.653908085942585426e-01	8.653908085942585426e-01	8.948058368453409850e-01	2.323498485203280006e-01	8.653908085942585426e-01	8.653908085942585426e-01	8.653908085942585426e-01	8.874793968973809788e-01	8.594484164180690167e-01	8.653908085942585426e-01	8.653908085942585426e-01	8.653908085942585426e-01	8.980901903172210377e-01	8.653908085942585426e-01	8.653908085942585426e-01	8.653908085942585426e-01	8.651382644230569685e-01	8.653908085942585426e-01	8.653908085942585426e-01	9.218617677593740067e-01	9.201754278126109687e-01	8.653908085942585426e-01	8.653908085942585426e-01	9.219278256970689922e-01	8.653908085942585426e-01	9.123381497113890459e-01	8.653908085942585426e-01	8.894839116370399923e-01	8.866501890187179491e-01
9.086581904565630419e-01	9.062455978341980023e-01	1.000000000000000000e+00	8.653908085942585426e-01	8.653908085942585426e-01	8.889066756030490346e-01	8.609749494463130315e-01	8.405692488725480249e-01	8.653908085942585426e-01	8.653908085942585426e-01	8.909169576643920507e-01	8.936761785943629910e-01	8.653908085942585426e-01	8.739432897017850310e-01	8.653908085942585426e-01	9.202097178856529780e-01	8.653908085942585426e-01	8.894584935750120547e-01	8.653908085942585426e-01	8.653908085942585426e-01	8.653908085942585426e-01	8.653908085942585426e-01	8.653908085942585426e-01	9.127814306927399812e-01	8.563996940704849958e-01	8.653908085942585426e-01	8.653908085942585426e-01	8.653908085942585426e-01	8.902893435221189700e-01	8.626748042698769714e-01	8.653908085942585426e-01	9.129405891881009483e-01	8.653908085942585426e-01	7.771379497713919449e-01	8.653908085942585426e-01	8.653908085942585426e-01	8.653908085942585426e-01	8.653908085942585426e-01	8.653908085942585426e-01	8.905191027234570234e-01	8.653908085942585426e-01	8.653908085942585426e-01	8.653908085942585426e-01	8.653908085942585426e-01	8.653908085942585426e-01	8.980202764891539458e-01	8.653908085942585426e-01	8.653908085942585426e-01	8.653908085942585426e-01	8.653908085942585426e-01	8.679754020130490133e-01	8.653908085942585426e-01	8.653908085942585426e-01	8.653908085942585426e-01	8.653908085942585426e-01	8.653908085942585426e-01	8.653908085942585426e-01	8.653908085942585426e-01	8.653908085942585426e-01	8.653908085942585426e-01	8.891766994528399470e-01	7.986157078231449491e-01	8.653908085942585426e-01	8.424402244245500215e-01	8.653908085942585426e-01	5.184507918561139794e-01	8.653908085942585426e-01	8.653908085942585426e-01	8.653908085942585426e-01	8.653908085942585426e-01	8.653908085942585426e-01	8.653908085942585426e-01	8.653908085942585426e-01	8.653908085942585426e-01	8.757654720425339656e-01	8.653908085942585426e-01	8.777543907501119680e-01	8.653908085942585426e-01	8.760409210818860259e-01	8.653908085942585426e-01	8.653908085942585426e-01	8.653908085942585426e-01	8.653908085942585426e-01	8.653908085942585426e-01	8.801730778759649931e-01	8.653908085942585426e-01	8.891912300538330483e-01	8.653908085942585426e-01	1.000000000000000021e-03	8.653908085942585426e-01	8.884396643530949600e-01	8.653908085942585426e-01	8.653908085942585426e-01	8.653908085942585426e-01	8.653908085942585426e-01	8.796104410585959821e-01	8.794259495628620193e-01	8.789308182385680013e-01	2.296995231527370063e-01	8.969307139944330265e-01	8.653908085942585426e-01	8.770224772721819662e-01	8.653908085942585426e-01	8.474046753236920138e-01	8.985785946908609878e-01	8.946464493698099707e-01	8.937398229874730093e-01	8.653908085942585426e-01	8.653908085942585426e-01	8.837130540751539920e-01	8.653908085942585426e-01	8.653908085942585426e-01	8.743734239153749810e-01	8.653908085942585426e-01	9.081874572755560537e-01	8.653908085942585426e-01	9.057377068507560525e-01	8.653908085942585426e-01	8.653908085942585426e-01	8.870429110248669868e-01	8.653908085942585426e-01	8.653908085942585426e-01	8.653908085942585426e-01	8.653908085942585426e-01
8.653908085942585426e-01	9.072999999888520239e-01	8.653908085942585426e-01	1.000000000000000000e+00	8.653908085942585426e-01	8.653908085942585426e-01	8.653885600067620087e-01	8.653908085942585426e-01	8.653908085942585426e-01	8.653908085942585426e-01	8.653908085942585426e-01	8.653908085942585426e-01	8.653908085942585426e-01	8.653908085942585426e-01	8.653908085942585426e-01	8.653908085942585426e-01	8.653908085942585426e-01	8.653908085942585426e-01	8.653908085942585426e-01	8.725026620528010257e-01	8.750391448855270315e-01	8.653908085942585426e-01	8.653908085942585426e-01	8.653908085942585426e-01	8.653908085942585426e-01	8.653908085942585426e-01	8.653908085942585426e-01	7.608425779731530225e-01	8.653908085942585426e-01	8.641687776759809925e-01	8.653908085942585426e-01	8.653908085942585426e-01	8.653908085942585426e-01	8.653908085942585426e-01	8.653908085942585426e-01	8.718858514687299888e-01	8.653908085942585426e-01	8.653908085942585426e-01	8.653908085942585426e-01	8.653908085942585426e-01	8.653908085942585426e-01	8.653908085942585426e-01	8.653908085942585426e-01	6.719555533949109760e-01	8.653908085942585426e-01	8.653908085942585426e-01	8.653908085942585426e-01	8.653908085942585426e-01	8.653908085942585426e-01	8.653908085942585426e-01	8.653908085942585426e-01	8.653908085942585426e-01	8.653908085942585426e-01	8.653908085942585426e-01	8.653908085942585426e-01	8.653908085942585426e-01	8.815951065385749796e-01	8.653908085942585426e-01	8.653908085942585426e-01	8.763842159531010090e-01	8.653908085942585426e-01	8.653908085942585426e-01	8.784360548797189860e-01	8.653908085942585426e-01	8.653908085942585426e-01	8.653908085942585426e-01	8.653908085942585426e-01	4.418502584330780136e-01	8.653908085942585426e-01	8.653908085942585426e-01	8.653908085942585426e-01	8.653908085942585426e-01	8.653908085942585426e-01	8.653908085942585426e-01	8.653908085942585426e-01	8.853662229625539615e-01	8.801630193997459495e-01	8.653908085942585426e-01	8.750124978465080305e-01	8.927075356495199898e-01	8.653908085942585426e-01	8.653908085942585426e-01	8.653908085942585426e-01	6.698666235244570277e-01	8.653908085942585426e-01	8.653908085942585426e-01	8.653908085942585426e-01	8.653908085942585426e-01	8.653908085942585426e-01	8.653908085942585426e-01	8.653908085942585426e-01	8.653908085942585426e-01	8.827765909881200024e-01	8.653908085942585426e-01	8.653908085942585426e-01	8.653908085942585426e-01	8.785459993020330316e-01	8.653908085942585426e-01	8.653908085942585426e-01	8.989590624565779731e-01	8.653908085942585426e-01	8.653908085942585426e-01	8.718783622243549969e-01	8.653908085942585426e-01	8.996624520684319837e-01	8.974376661706889857e-01	8.653908085942585426e-01	8.854209727136700403e-01	9.193099662797890037e-01	8.653908085942585426e-01	8.653908085942585426e-01	8.516962735074179447e-01	8.653908085942585426e-01	8.653908085942585426e-01	8.653908085942585426e-01	9.048060750958779597e-01	8.653908085942585426e-01	8.653908085942585426e-01	9.083543986753730426e-01	8.653908085942585426e-01	8.653908085942585426e-01	8.653908085942585426e-01	8.653908085942585426e-01	8.653908085942585426e-01
8.653908085942585426e-01	8.653908085942585426e-01	8.653908085942585426e-01	8.653908085942585426e-01	9.999999999999970024e-01	7.664884229159999451e-01	8.653908085942585426e-01	8.653908085942585426e-01	8.653908085942585426e-01	8.653908085942585426e-01	8.653908085942585426e-01	8.653908085942585426e-01	7.791911529073779485e-01	8.653908085942585426e-01	8.653908085942585426e-01	7.927499375306690244e-01	8.653908085942585426e-01	8.653908085942585426e-01	8.653908085942585426e-01	8.653908085942585426e-01	8.653908085942585426e-01	8.653908085942585426e-01	8.653908085942585426e-01	8.653908085942585426e-01	8.653908085942585426e-01	8.653908085942585426e-01	8.653908085942585426e-01	8.653908085942585426e-01	8.653908085942585426e-01	8.653908085942585426e-01	7.559937967026959527e-01	8.653908085942585426e-01	8.653908085942585426e-01	8.653908085942585426e-01	8.653908085942585426e-01	7.540345010543300086e-01	8.653908085942585426e-01	8.653908085942585426e-01	8.653908085942585426e-01	8.653908085942585426e-01	7.822962744292619730e-01	8.653908085942585426e-01	8.653908085942585426e-01	5.876694712185199787e-01	8.653908085942585426e-01	7.753078393911480015e-01	7.154223824427710099e-01	8.653908085942585426e-01	8.653908085942585426e-01	8.653908085942585426e-01	7.505159306656099538e-01	8.653908085942585426e-01	8.653908085942585426e-01	8.653908085942585426e-01	8.653908085942585426e-01	8.653908085942585426e-01	8.653908085942585426e-01	8.653908085942585426e-01	8.653908085942585426e-01	8.653908085942585426e-01	8.653908085942585426e-01	8.653908085942585426e-01	8.653908085942585426e-01	7.299217648631820543e-01	7.048621684886799965e-01	4.669657937921189994e-01	8.653908085942585426e-01	4.002635821113330050e-01	8.653908085942585426e-01	8.653908085942585426e-01	8.653908085942585426e-01	8.653908085942585426e-01	7.828914932372309510e-01	7.776321265629260182e-01	7.571043068291349876e-01	8.653908085942585426e-01	8.653908085942585426e-01	8.653908085942585426e-01	7.552948007951389986e-01	8.653908085942585426e-01	7.349191843590849871e-01	8.653908085942585426e-01	8.653908085942585426e-01	8.653908085942585426e-01	8.653908085942585426e-01	5.973660067086310477e-01	8.653908085942585426e-01	8.653908085942585426e-01	1.000000000000000021e-03	8.653908085942585426e-01	7.665067341761470088e-01	7.741658030534089852e-01	8.653908085942585426e-01	8.653908085942585426e-01	8.653908085942585426e-01	8.653908085942585426e-01	8.653908085942585426e-01	8.653908085942585426e-01	8.653908085942585426e-01	8.653908085942585426e-01	8.653908085942585426e-01	8.653908085942585426e-01	8.653908085942585426e-01	8.653908085942585426e-01	8.653908085942585426e-01	7.729991749303649629e-01	8.653908085942585426e-01	7.645024247018979979e-01	7.898008108475940148e-01	8.653908085942585426e-01	8.653908085942585426e-01	8.653908085942585426e-01	7.554697097684489604e-01	8.653908085942585426e-01	8.653908085942585426e-01	7.808206430753049654e-01	8.653908085942585426e-01	8.653908085942585426e-01	8.653908085942585426e-01	8.653908085942585426e-01	8.653908085942585426e-01	8.653908085942585426e-01	8.653908085942585426e-01	7.507020579295450302e-01
9.072868579518590382e-01	9.034891334149539599e-01	8.889066756030490346e-01	8.653908085942585426e-01	7.664884229159999451e-01	1.000000000000000000e+00	8.653908085942585426e-01	8.653908085942585426e-01	8.653908085942585426e-01	8.106992770535750292e-01	8.886670708085939729e-01	8.653908085942585426e-01	8.653908085942585426e-01	8.653908085942585426e-01	8.653908085942585426e-01	8.653908085942585426e-01	8.653908085942585426e-01	8.878676318753859764e-01	8.653908085942585426e-01	8.653908085942585426e-01	8.653908085942585426e-01	8.653908085942585426e-01	8.726053571608189952e-01	8.653908085942585426e-01	8.653908085942585426e-01	8.653908085942585426e-01	6.016432741614180513e-01	7.568614236866619827e-01	8.653908085942585426e-01	8.653908085942585426e-01	8.653908085942585426e-01	9.119198068707560223e-01	8.653908085942585426e-01	8.653908085942585426e-01	8.653908085942585426e-01	8.653908085942585426e-01	8.801978030492769722e-01	8.653908085942585426e-01	8.653908085942585426e-01	8.653908085942585426e-01	9.042998829265379568e-01	8.653908085942585426e-01	8.653908085942585426e-01	8.653908085942585426e-01	8.160545140908910255e-01	8.653908085942585426e-01	8.159818150287070360e-01	8.702539973587309907e-01	8.653908085942585426e-01	8.653908085942585426e-01	8.653908085942585426e-01	8.653908085942585426e-01	8.653908085942585426e-01	9.001781992933790555e-01	8.653908085942585426e-01	8.653908085942585426e-01	8.653908085942585426e-01	8.653908085942585426e-01	9.077993698121320509e-01	8.653908085942585426e-01	8.653908085942585426e-01	7.956615464694679618e-01	8.653908085942585426e-01	8.376515112336070379e-01	8.653908085942585426e-01	8.653908085942585426e-01	8.653908085942585426e-01	4.401890032783229989e-01	8.653908085942585426e-01	8.653908085942585426e-01	9.062681569100879964e-01	7.145278950633729975e-01	9.070961247880340306e-01	8.990891140971509765e-01	8.734827417247089665e-01	8.653908085942585426e-01	8.653908085942585426e-01	8.930366040836129615e-01	8.653908085942585426e-01	8.653908085942585426e-01	8.653908085942585426e-01	8.653908085942585426e-01	8.012268409132290437e-01	8.653908085942585426e-01	8.770172377238070194e-01	8.653908085942585426e-01	8.653908085942585426e-01	8.653908085942585426e-01	8.653908085942585426e-01	8.653908085942585426e-01	8.653908085942585426e-01	8.973880216337930538e-01	8.653908085942585426e-01	8.653908085942585426e-01	8.653908085942585426e-01	8.764609018636639881e-01	8.653908085942585426e-01	8.782939022575230181e-01	8.653908085942585426e-01	8.653908085942585426e-01	8.653908085942585426e-01	8.782826799240700533e-01	8.653908085942585426e-01	8.653908085942585426e-01	8.653908085942585426e-01	8.653908085942585426e-01	8.653908085942585426e-01	8.653908085942585426e-01	8.653908085942585426e-01	8.653908085942585426e-01	8.653908085942585426e-01	8.504548030945660031e-01	8.744941297226720422e-01	8.653908085942585426e-01	8.653908085942585426e-01	8.653908085942585426e-01	9.036718082282709785e-01	8.653908085942585426e-01	9.045676793573610430e-01	8.853320697481470436e-01	8.653908085942585426e-01	8.653908085942585426e-01	8.653908085942585426e-01	8.653908085942585426e-01
8.653908085942585426e-01	8.653908085942585426e-01	8.609749494463130315e-01	8.653885600067620087e-01	8.653908085942585426e-01	8.653908085942585426e-01	1.000000000000000000e+00	8.653908085942585426e-01	8.653908085942585426e-01	7.852560882053899460e-01	8.653908085942585426e-01	8.653908085942585426e-01	8.653908085942585426e-01	8.479133016039800408e-01	8.653908085942585426e-01	8.911065519775139832e-01	8.801253296325419750e-01	8.653908085942585426e-01	8.653908085942585426e-01	8.653908085942585426e-01	8.653908085942585426e-01	8.809658965038540401e-01	8.653908085942585426e-01	8.653908085942585426e-01	8.653908085942585426e-01	8.653908085942585426e-01	8.653908085942585426e-01	8.653908085942585426e-01	8.653289296605549685e-01	8.653908085942585426e-01	8.433664213414460153e-01	8.653908085942585426e-01	8.653908085942585426e-01	8.653908085942585426e-01	8.653908085942585426e-01	8.653908085942585426e-01	8.653908085942585426e-01	8.653908085942585426e-01	8.653908085942585426e-01	8.653908085942585426e-01	8.653908085942585426e-01	8.421954985807400540e-01	8.653908085942585426e-01	8.653908085942585426e-01	8.653908085942585426e-01	8.700369971391910262e-01	7.965101962797990209e-01	8.653908085942585426e-01	8.653908085942585426e-01	8.653908085942585426e-01	8.415057431598810256e-01	8.653908085942585426e-01	8.653908085942585426e-01	8.720115525959329927e-01	6.551039291633800055e-01	8.719224363017969992e-01	8.565656445898279792e-01	8.653908085942585426e-01	8.653908085942585426e-01	8.653908085942585426e-01	8.653908085942585426e-01	8.653908085942585426e-01	8.653908085942585426e-01	8.152710061259029750e-01	8.653908085942585426e-01	5.056372860861879648e-01	8.653908085942585426e-01	8.653908085942585426e-01	8.653908085942585426e-01	8.653908085942585426e-01	8.653908085942585426e-01	8.653908085942585426e-01	8.653908085942585426e-01	8.653908085942585426e-01	8.653908085942585426e-01	8.570370892696479448e-01	8.653908085942585426e-01	8.653908085942585426e-01	8.463049914220369674e-01	8.636018181822150419e-01	8.226416226000939913e-01	8.653908085942585426e-01	8.653908085942585426e-01	8.653908085942585426e-01	8.653908085942585426e-01	8.653908085942585426e-01	8.653908085942585426e-01	8.653908085942585426e-01	1.000000000000000021e-03	8.653908085942585426e-01	8.618264712208499878e-01	8.653908085942585426e-01	8.653908085942585426e-01	8.653908085942585426e-01	8.653908085942585426e-01	8.653908085942585426e-01	8.653908085942585426e-01	8.653908085942585426e-01	2.301360008293009962e-01	8.653908085942585426e-01	8.653908085942585426e-01	8.653908085942585426e-01	8.653908085942585426e-01	8.653908085942585426e-01	8.702015931272170102e-01	8.653908085942585426e-01	8.653908085942585426e-01	8.653908085942585426e-01	8.653908085942585426e-01	8.653908085942585426e-01	8.653908085942585426e-01	8.653908085942585426e-01	8.653908085942585426e-01	8.653908085942585426e-01	8.653908085942585426e-01	8.771096809782760184e-01	8.653908085942585426e-01	8.761986386436110275e-01	8.653908085942585426e-01	8.583715479319440345e-01	8.682227451348969449e-01	8.747178068398550055e-01	8.653908085942585426e-01	8.653908085942585426e-01
8.653908085942585426e-01	8.558665520012930239e-01	8.405692488725480249e-01	8.653908085942585426e-01	8.653908085942585426e-01	8.653908085942585426e-01	8.653908085942585426e-01	1.000000000000000000e+00	7.583101946245409675e-01	8.653908085942585426e-01	8.653908085942585426e-01	8.653908085942585426e-01	8.653908085942585426e-01	8.279637261376270319e-01	8.029243203967729725e-01	8.653908085942585426e-01	8.653908085942585426e-01	8.394905158452330429e-01	8.590848288043210212e-01	8.653908085942585426e-01	8.653908085942585426e-01	8.575230660415330552e-01	8.653908085942585426e-01	8.612096151790280540e-01	8.091452619188550521e-01	8.192722682923869737e-01	5.723360022749770515e-01	8.653908085942585426e-01	8.391962011226480334e-01	8.653908085942585426e-01	8.653908085942585426e-01	8.653908085942585426e-01	8.653908085942585426e-01	7.385668997428309623e-01	8.653908085942585426e-01	8.653908085942585426e-01	8.653908085942585426e-01	8.653908085942585426e-01	5.058482281424240279e-01	8.653908085942585426e-01	8.653908085942585426e-01	8.653908085942585426e-01	8.653908085942585426e-01	8.653908085942585426e-01	8.653908085942585426e-01	8.653908085942585426e-01	7.759910540782799515e-01	8.653908085942585426e-01	8.653908085942585426e-01	8.342130137948090551e-01	8.653908085942585426e-01	8.280423330104610402e-01	8.653908085942585426e-01	8.653908085942585426e-01	8.653908085942585426e-01	8.653908085942585426e-01	8.653908085942585426e-01	8.554015000957509995e-01	8.653908085942585426e-01	8.653908085942585426e-01	8.653908085942585426e-01	8.653908085942585426e-01	8.653908085942585426e-01	8.653908085942585426e-01	8.653908085942585426e-01	8.653908085942585426e-01	8.653908085942585426e-01	8.653908085942585426e-01	8.653908085942585426e-01	8.653908085942585426e-01	8.556084577120699475e-01	6.830541939739750434e-01	8.653908085942585426e-01	8.653908085942585426e-01	8.653908085942585426e-01	8.653908085942585426e-01	8.294821525117860306e-01	8.440694590037050027e-01	8.653908085942585426e-01	8.424807119701159808e-01	8.653908085942585426e-01	8.653908085942585426e-01	7.586468312244669665e-01	8.653908085942585426e-01	8.286379782315419495e-01	6.377487693322869688e-01	8.653908085942585426e-01	8.653908085942585426e-01	8.653908085942585426e-01	8.653908085942585426e-01	8.653908085942585426e-01	8.653908085942585426e-01	8.653908085942585426e-01	8.653908085942585426e-01	7.171135112172799531e-01	8.653908085942585426e-01	8.653908085942585426e-01	8.653908085942585426e-01	8.653908085942585426e-01	8.653908085942585426e-01	8.653908085942585426e-01	8.653908085942585426e-01	8.653908085942585426e-01	8.653908085942585426e-01	8.653908085942585426e-01	8.653908085942585426e-01	8.653908085942585426e-01	8.653908085942585426e-01	8.649908207771519475e-01	8.653908085942585426e-01	8.653908085942585426e-01	8.653908085942585426e-01	8.653908085942585426e-01	8.653908085942585426e-01	8.653908085942585426e-01	8.653908085942585426e-01	8.653908085942585426e-01	8.653908085942585426e-01	8.559741196302940169e-01	8.653908085942585426e-01	8.653908085942585426e-01	8.653908085942585426e-01	8.249230015499759983e-01	8.653908085942585426e-01
8.653908085942585426e-01	8.653908085942585426e-01	8.653908085942585426e-01	8.653908085942585426e-01	8.653908085942585426e-01	8.653908085942585426e-01	8.653908085942585426e-01	7.583101946245409675e-01	9.999999999999990008e-01	8.653908085942585426e-01	8.653908085942585426e-01	8.653908085942585426e-01	8.653908085942585426e-01	8.653908085942585426e-01	7.609135030549040168e-01	8.653908085942585426e-01	8.653908085942585426e-01	8.653908085942585426e-01	8.158886531933490227e-01	7.860436917968699477e-01	8.653908085942585426e-01	8.653908085942585426e-01	8.653908085942585426e-01	8.653908085942585426e-01	8.653908085942585426e-01	8.653908085942585426e-01	5.510582316319789786e-01	8.653908085942585426e-01	8.653908085942585426e-01	8.653908085942585426e-01	7.851179320552129637e-01	8.171474808864740424e-01	8.211865838850830324e-01	7.036776376707980507e-01	8.653908085942585426e-01	8.653908085942585426e-01	8.653908085942585426e-01	8.058564520155500066e-01	4.819413526220769906e-01	7.998304952748139796e-01	8.653908085942585426e-01	8.653908085942585426e-01	7.879059511258159620e-01	8.653908085942585426e-01	8.653908085942585426e-01	8.653908085942585426e-01	7.396964174514499835e-01	7.829881144607230281e-01	8.653908085942585426e-01	7.973690157614360396e-01	7.798711309409189774e-01	7.856874593305950283e-01	8.653908085942585426e-01	8.085721825114220440e-01	8.653908085942585426e-01	8.653908085942585426e-01	8.653908085942585426e-01	8.653908085942585426e-01	8.653908085942585426e-01	8.653908085942585426e-01	8.653908085942585426e-01	8.653908085942585426e-01	7.878982833973819933e-01	8.653908085942585426e-01	8.653908085942585426e-01	8.653908085942585426e-01	8.653908085942585426e-01	8.653908085942585426e-01	8.017429087464109649e-01	8.653908085942585426e-01	8.653908085942585426e-01	8.653908085942585426e-01	8.653908085942585426e-01	8.653908085942585426e-01	8.653908085942585426e-01	7.946278072347460197e-01	7.869686250916859693e-01	8.653908085942585426e-01	8.653908085942585426e-01	8.653908085942585426e-01	8.653908085942585426e-01	6.202822365499289781e-01	7.186345892784770095e-01	8.653908085942585426e-01	8.653908085942585426e-01	8.653908085942585426e-01	8.653908085942585426e-01	8.653908085942585426e-01	8.653908085942585426e-01	8.653908085942585426e-01	8.653908085942585426e-01	8.653908085942585426e-01	7.913252436613730234e-01	8.653908085942585426e-01	6.841209957588120227e-01	8.653908085942585426e-01	8.653908085942585426e-01	8.653908085942585426e-01	2.212176537614000127e-01	8.653908085942585426e-01	8.653908085942585426e-01	7.855556605372969736e-01	8.653908085942585426e-01	7.622247378585119693e-01	8.653908085942585426e-01	8.028206234472660130e-01	8.653908085942585426e-01	7.913053101078639795e-01	8.653908085942585426e-01	8.653908085942585426e-01	8.653908085942585426e-01	8.653908085942585426e-01	8.653908085942585426e-01	8.653908085942585426e-01	8.116233167788450276e-01	8.653908085942585426e-01	8.132977279154319783e-01	8.653908085942585426e-01	8.653908085942585426e-01	8.653908085942585426e-01	8.653908085942585426e-01	8.653908085942585426e-01	7.849404074881850546e-01	8.653908085942585426e-01
8.653908085942585426e-01	8.653908085942585426e-01	8.653908085942585426e-01	8.653908085942585426e-01	8.653908085942585426e-01	8.106992770535750292e-01	7.852560882053899460e-01	8.653908085942585426e-01	8.653908085942585426e-01	9.999999999999990008e-01	8.113975018138299689e-01	8.653908085942585426e-01	8.653908085942585426e-01	8.653908085942585426e-01	8.653908085942585426e-01	8.653908085942585426e-01	8.653908085942585426e-01	8.090378632848309604e-01	8.293855112182150213e-01	8.653908085942585426e-01	8.653908085942585426e-01	8.653908085942585426e-01	8.653908085942585426e-01	8.653908085942585426e-01	8.653908085942585426e-01	7.914522073612789699e-01	8.653908085942585426e-01	8.653908085942585426e-01	8.653908085942585426e-01	8.653908085942585426e-01	8.653908085942585426e-01	8.289719383320499624e-01	8.653908085942585426e-01	8.653908085942585426e-01	8.243435332422710538e-01	7.948250385537309892e-01	8.653908085942585426e-01	8.653908085942585426e-01	8.653908085942585426e-01	8.653908085942585426e-01	8.257322455079529888e-01	8.653908085942585426e-01	8.653908085942585426e-01	8.653908085942585426e-01	7.475127636629109729e-01	8.653908085942585426e-01	8.653908085942585426e-01	7.934869649429999727e-01	8.653908085942585426e-01	8.653908085942585426e-01	8.653908085942585426e-01	8.653908085942585426e-01	8.653908085942585426e-01	8.653908085942585426e-01	6.196530368789829879e-01	8.172830091011820119e-01	8.653908085942585426e-01	8.653908085942585426e-01	8.653908085942585426e-01	8.653908085942585426e-01	8.653908085942585426e-01	8.653908085942585426e-01	8.653908085942585426e-01	8.653908085942585426e-01	8.653908085942585426e-01	8.653908085942585426e-01	8.653908085942585426e-01	4.163668416417269924e-01	8.653908085942585426e-01	8.653908085942585426e-01	8.653908085942585426e-01	8.653908085942585426e-01	8.653908085942585426e-01	8.653908085942585426e-01	8.653908085942585426e-01	8.653908085942585426e-01	8.653908085942585426e-01	8.653908085942585426e-01	8.653908085942585426e-01	8.100462547231870314e-01	8.653908085942585426e-01	8.653908085942585426e-01	8.653908085942585426e-01	8.653908085942585426e-01	8.653908085942585426e-01	6.234752360055629827e-01	8.653908085942585426e-01	8.653908085942585426e-01	1.000000000000000021e-03	3.795736308723369756e-01	8.653908085942585426e-01	8.159769863936959799e-01	8.070837110065739450e-01	8.653908085942585426e-01	8.653908085942585426e-01	8.653908085942585426e-01	7.986933273418520551e-01	8.653908085942585426e-01	8.653908085942585426e-01	8.653908085942585426e-01	8.653908085942585426e-01	8.653908085942585426e-01	8.653908085942585426e-01	7.714892960961790003e-01	8.653908085942585426e-01	8.653908085942585426e-01	8.653908085942585426e-01	8.653908085942585426e-01	8.653908085942585426e-01	8.042521703133369559e-01	8.653908085942585426e-01	8.653908085942585426e-01	8.653908085942585426e-01	8.653908085942585426e-01	8.653908085942585426e-01	8.653908085942585426e-01	8.653908085942585426e-01	8.653908085942585426e-01	8.254211584778320399e-01	8.063462118538909928e-01	8.653908085942585426e-01	8.653908085942585426e-01	8.653908085942585426e-01	7.934789418990669807e-01
9.098105195694750069e-01	9.048823454158489987e-01	8.909169576643920507e-01	8.653908085942585426e-01	8.653908085942585426e-01	8.886670708085939729e-01	8.653908085942585426e-01	8.653908085942585426e-01	8.653908085942585426e-01	8.113975018138299689e-01	1.000000000000000000e+00	8.653908085942585426e-01	8.653908085942585426e-01	8.653908085942585426e-01	8.653908085942585426e-01	9.211419958565789656e-01	9.085853460969199880e-01	8.653908085942585426e-01	8.653908085942585426e-01	8.653908085942585426e-01	8.653908085942585426e-01	8.653908085942585426e-01	8.746145043399790042e-01	8.653908085942585426e-01	8.653908085942585426e-01	8.653908085942585426e-01	8.653908085942585426e-01	8.653908085942585426e-01	8.653908085942585426e-01	8.653908085942585426e-01	8.653908085942585426e-01	8.653908085942585426e-01	8.653908085942585426e-01	7.787551621964909909e-01	8.653908085942585426e-01	8.697569845753270190e-01	8.839569592840890166e-01	8.653908085942585426e-01	8.653908085942585426e-01	8.653908085942585426e-01	8.653908085942585426e-01	8.653908085942585426e-01	8.653908085942585426e-01	6.649179047363670270e-01	8.653908085942585426e-01	8.653908085942585426e-01	8.199939515255040279e-01	8.653908085942585426e-01	8.825077444640190283e-01	8.861156835623159589e-01	8.653908085942585426e-01	8.653908085942585426e-01	8.653908085942585426e-01	8.653908085942585426e-01	8.653908085942585426e-01	8.995626099034730316e-01	8.653908085942585426e-01	9.048084036665560159e-01	8.653908085942585426e-01	8.653908085942585426e-01	8.653908085942585426e-01	8.653908085942585426e-01	8.653908085942585426e-01	8.402113179613509564e-01	8.653908085942585426e-01	8.653908085942585426e-01	8.653908085942585426e-01	4.401172363559470169e-01	8.653908085942585426e-01	8.653908085942585426e-01	8.653908085942585426e-01	8.653908085942585426e-01	8.653908085942585426e-01	8.653908085942585426e-01	8.653908085942585426e-01	8.835323322682060443e-01	8.653908085942585426e-01	8.653908085942585426e-01	8.746162446562669723e-01	8.913332106404260324e-01	8.653908085942585426e-01	8.653908085942585426e-01	8.653908085942585426e-01	6.641820562227429559e-01	8.653908085942585426e-01	8.653908085942585426e-01	8.653908085942585426e-01	8.653908085942585426e-01	1.000000000000000021e-03	8.653908085942585426e-01	8.879367694850509585e-01	8.653908085942585426e-01	8.653908085942585426e-01	8.653908085942585426e-01	8.653908085942585426e-01	8.653908085942585426e-01	8.653908085942585426e-01	8.653908085942585426e-01	2.311166429087370133e-01	8.969041567809410420e-01	8.653908085942585426e-01	8.653908085942585426e-01	8.653908085942585426e-01	8.653908085942585426e-01	8.984089965741060002e-01	8.653908085942585426e-01	8.945520330421540267e-01	8.653908085942585426e-01	9.166652586132120195e-01	8.653908085942585426e-01	8.698594347944179628e-01	8.653908085942585426e-01	8.753524782651820324e-01	8.653908085942585426e-01	9.061582957350210465e-01	9.040908067052969566e-01	9.056385234220719616e-01	8.653908085942585426e-01	9.061839152009329990e-01	8.653908085942585426e-01	8.965049218748369908e-01	8.653908085942585426e-01	8.653908085942585426e-01	8.684737519751739576e-01
8.653908085942585426e-01	8.653908085942585426e-01	8.936761785943629910e-01	8.653908085942585426e-01	8.653908085942585426e-01	8.653908085942585426e-01	8.653908085942585426e-01	8.653908085942585426e-01	8.653908085942585426e-01	8.653908085942585426e-01	8.653908085942585426e-01	1.000000000000000000e+00	8.653908085942585426e-01	8.653908085942585426e-01	8.653908085942585426e-01	8.653908085942585426e-01	8.653908085942585426e-01	8.653908085942585426e-01	9.142659599699110018e-01	8.653908085942585426e-01	8.653908085942585426e-01	8.653908085942585426e-01	8.653908085942585426e-01	8.653908085942585426e-01	8.653908085942585426e-01	8.653908085942585426e-01	6.023491138026979552e-01	7.568242308517320049e-01	8.653908085942585426e-01	8.654079577241100552e-01	8.653908085942585426e-01	9.151030431566720136e-01	8.653908085942585426e-01	8.653908085942585426e-01	8.653908085942585426e-01	8.653908085942585426e-01	8.653908085942585426e-01	9.005010212585690121e-01	8.653908085942585426e-01	8.922006606410010088e-01	8.653908085942585426e-01	8.653908085942585426e-01	8.653908085942585426e-01	8.653908085942585426e-01	8.187456064108590281e-01	8.653908085942585426e-01	8.221907676769889539e-01	8.729171233574379851e-01	8.653908085942585426e-01	8.653908085942585426e-01	8.653908085942585426e-01	8.653908085942585426e-01	8.653908085942585426e-01	8.653908085942585426e-01	6.744459587079369989e-01	9.019904486435219582e-01	8.653908085942585426e-01	9.091162358996860426e-01	8.653908085942585426e-01	8.653908085942585426e-01	8.653908085942585426e-01	8.005146420349590342e-01	8.653908085942585426e-01	8.653908085942585426e-01	8.653908085942585426e-01	8.653908085942585426e-01	8.653908085942585426e-01	8.653908085942585426e-01	8.653908085942585426e-01	8.653908085942585426e-01	8.653908085942585426e-01	7.199690680436080514e-01	8.653908085942585426e-01	8.653908085942585426e-01	8.653908085942585426e-01	8.880146768458889728e-01	8.653908085942585426e-01	8.978459208566970107e-01	8.653908085942585426e-01	8.653908085942585426e-01	8.653908085942585426e-01	8.653908085942585426e-01	8.653908085942585426e-01	6.642702417393240300e-01	8.653908085942585426e-01	8.653908085942585426e-01	8.653908085942585426e-01	8.653908085942585426e-01	8.653908085942585426e-01	4.069143771270640197e-01	8.653908085942585426e-01	8.653908085942585426e-01	8.653908085942585426e-01	8.746676716494510284e-01	8.653908085942585426e-01	8.817186164001540316e-01	8.809233317578939459e-01	8.836120897477860447e-01	8.653908085942585426e-01	8.653908085942585426e-01	8.653908085942585426e-01	8.653908085942585426e-01	8.653908085942585426e-01	8.653908085942585426e-01	8.653908085942585426e-01	8.653908085942585426e-01	8.981100721615199456e-01	8.653908085942585426e-01	8.653908085942585426e-01	8.653908085942585426e-01	8.711103727686669851e-01	8.653908085942585426e-01	8.653908085942585426e-01	9.142983610582769982e-01	8.653908085942585426e-01	8.653908085942585426e-01	8.653908085942585426e-01	8.653908085942585426e-01	9.086327227446570065e-01	8.915834102662389959e-01	8.653908085942585426e-01	9.042977438619510533e-01	8.653908085942585426e-01	8.653908085942585426e-01
