1.000000000000000000e+00	8.641924080927729790e-01	8.641924080927729790e-01	8.641924080927729790e-01	8.641924080927729790e-01	8.641924080927729790e-01	8.641924080927729790e-01	8.641924080927729790e-01	8.641924080927729790e-01	8.641924080927729790e-01	8.641924080927729790e-01	9.122186889543779653e-01	9.218844709949489680e-01	8.943886264699429933e-01	8.616477378611060445e-01	8.641924080927729790e-01	8.641924080927729790e-01	8.641924080927729790e-01	9.304423675962240070e-01	8.641924080927729790e-01	8.641924080927729790e-01	8.641924080927729790e-01	8.641924080927729790e-01	8.641924080927729790e-01	8.742015152218840512e-01	8.641924080927729790e-01	8.641924080927729790e-01	8.641924080927729790e-01	8.641924080927729790e-01	8.807921071603189711e-01	8.641924080927729790e-01	9.330011361918300050e-01	9.359436733513709639e-01	8.641924080927729790e-01	9.274610782978810475e-01	8.641924080927729790e-01	8.641924080927729790e-01	8.641924080927729790e-01	8.641924080927729790e-01	8.641924080927729790e-01	8.641924080927729790e-01	8.842758871411909860e-01	8.955878611535580403e-01	8.641924080927729790e-01	8.641924080927729790e-01	9.187850335643840127e-01	8.378761791253469537e-01	8.641924080927729790e-01	8.641924080927729790e-01	9.026837482675960089e-01	8.641924080927729790e-01	8.641924080927729790e-01	9.153105941387029709e-01	8.641924080927729790e-01	8.641924080927729790e-01	8.641924080927729790e-01	8.641924080927729790e-01	8.641924080927729790e-01	8.641924080927729790e-01	8.939347384216049797e-01	9.051258071874780375e-01	8.132089336022449988e-01	8.950937155796530043e-01	8.641924080927729790e-01	8.641924080927729790e-01	5.265632596481170102e-01	9.078151198441329894e-01	4.488294881284070059e-01	8.641924080927729790e-01	8.641924080927729790e-01	9.250697529233780081e-01	7.306313510032460545e-01	8.641924080927729790e-01	8.641924080927729790e-01	8.641924080927729790e-01	8.641924080927729790e-01	8.641924080927729790e-01	9.147167479536699730e-01	8.925095274046559446e-01	8.641924080927729790e-01	8.633093987923340373e-01	8.641924080927729790e-01	8.641924080927729790e-01	8.641924080927729790e-01	8.964070584662110486e-01	8.641924080927729790e-01	8.641924080927729790e-01	8.641924080927729790e-01	8.641924080927729790e-01	8.641924080927729790e-01	9.079981463894239990e-01	8.641924080927729790e-01	8.641924080927729790e-01	8.641924080927729790e-01	8.641924080927729790e-01	8.641924080927729790e-01	8.975142163661009587e-01	8.641924080927729790e-01	8.641924080927729790e-01	8.641924080927729790e-01	7.928380608507520355e-01	8.641924080927729790e-01	8.641924080927729790e-01	8.641924080927729790e-01	8.641924080927729790e-01	9.152043694346010394e-01	8.641924080927729790e-01	9.010178721834890547e-01	9.365268736480839573e-01	8.641924080927729790e-01	8.886097868996100102e-01	8.689215415151430033e-01	8.641924080927729790e-01	8.641924080927729790e-01	9.267760466056600421e-01	8.641924080927729790e-01	9.263919202600540137e-01	9.240221327007089869e-01	9.255249047571200149e-01	8.641924080927729790e-01	9.183901527043389912e-01	8.641924080927729790e-01	8.641924080927729790e-01	8.641924080927729790e-01
8.641924080927729790e-01	1.000000000000000000e+00	9.062455978341980023e-01	8.641924080927729790e-01	8.641924080927729790e-01	8.641924080927729790e-01	8.641924080927729790e-01	8.558665520012930239e-01	8.641924080927729790e-01	8.641924080927729790e-01	9.048823454158489987e-01	9.077715275433859698e-01	8.641924080927729790e-01	8.891602733017029969e-01	8.586404779106779905e-01	8.641924080927729790e-01	8.641924080927729790e-01	8.641924080927729790e-01	9.264593736359689746e-01	8.641924080927729790e-01	8.641924080927729790e-01	8.641924080927729790e-01	8.641924080927729790e-01	8.641924080927729790e-01	8.641924080927729790e-01	8.810561880218470421e-01	8.641924080927729790e-01	8.641924080927729790e-01	9.072726787174919538e-01	8.641924080927729790e-01	8.641924080927729790e-01	8.641924080927729790e-01	9.324012656387870024e-01	7.879864023879280532e-01	8.641924080927729790e-01	8.641924080927729790e-01	8.641924080927729790e-01	9.127946198382970167e-01	8.641924080927729790e-01	8.641924080927729790e-01	9.218650350107560065e-01	8.641924080927729790e-01	8.932118333385530295e-01	8.641924080927729790e-01	8.641924080927729790e-01	8.641924080927729790e-01	8.330385549459330408e-01	8.872969214586839959e-01	8.641924080927729790e-01	8.641924080927729790e-01	8.821692242902250403e-01	8.641924080927729790e-01	8.641924080927729790e-01	8.641924080927729790e-01	8.641924080927729790e-01	9.140027924397799985e-01	8.641924080927729790e-01	8.641924080927729790e-01	8.641924080927729790e-01	8.896383887897429954e-01	9.018958129263779933e-01	8.641924080927729790e-01	8.641924080927729790e-01	8.553362742357160098e-01	8.641924080927729790e-01	8.641924080927729790e-01	8.641924080927729790e-01	4.472399449066210009e-01	8.641924080927729790e-01	8.641924080927729790e-01	8.641924080927729790e-01	8.641924080927729790e-01	9.231729268882460371e-01	8.641924080927729790e-01	8.641924080927729790e-01	8.988534742792060328e-01	8.641924080927729790e-01	8.641924080927729790e-01	8.641924080927729790e-01	8.641924080927729790e-01	8.641924080927729790e-01	8.641924080927729790e-01	8.641924080927729790e-01	8.641924080927729790e-01	8.641924080927729790e-01	6.809552890619280374e-01	8.641924080927729790e-01	8.981271742382329615e-01	8.641924080927729790e-01	8.641924080927729790e-01	8.641924080927729790e-01	8.641924080927729790e-01	8.641924080927729790e-01	8.641924080927729790e-01	8.641924080927729790e-01	8.641924080927729790e-01	8.937283342236069794e-01	8.641924080927729790e-01	2.323498485203280006e-01	8.641924080927729790e-01	8.641924080927729790e-01	8.641924080927729790e-01	8.641924080927729790e-01	8.641924080927729790e-01	8.641924080927729790e-01	8.641924080927729790e-01	9.101091399313200325e-01	8.980901903172210377e-01	8.641924080927729790e-01	8.986506899013230187e-01	8.641924080927729790e-01	8.641924080927729790e-01	8.906391899821950453e-01	8.641924080927729790e-01	8.641924080927729790e-01	8.641924080927729790e-01	8.641924080927729790e-01	8.641924080927729790e-01	8.641924080927729790e-01	9.027627927201520297e-01	9.123381497113890459e-01	9.188469522500180009e-01	8.641924080927729790e-01	8.641924080927729790e-01
8.641924080927729790e-01	9.062455978341980023e-01	1.000000000000000000e+00	8.922080318773439878e-01	8.641924080927729790e-01	8.889066756030490346e-01	8.641924080927729790e-01	8.641924080927729790e-01	8.641924080927729790e-01	8.116424684099450282e-01	8.641924080927729790e-01	8.641924080927729790e-01	8.641924080927729790e-01	8.641924080927729790e-01	8.641924080927729790e-01	8.641924080927729790e-01	8.641924080927729790e-01	8.641924080927729790e-01	8.641924080927729790e-01	8.641924080927729790e-01	8.739149127204679512e-01	9.098583132297080045e-01	8.641924080927729790e-01	9.127814306927399812e-01	8.563996940704849958e-01	8.641924080927729790e-01	5.999883087037449769e-01	7.558553455245919928e-01	8.641924080927729790e-01	8.641924080927729790e-01	8.641924080927729790e-01	9.129405891881009483e-01	8.641924080927729790e-01	8.641924080927729790e-01	8.641924080927729790e-01	8.641924080927729790e-01	8.641924080927729790e-01	8.641924080927729790e-01	8.641924080927729790e-01	8.641924080927729790e-01	9.063727143110730244e-01	8.641924080927729790e-01	8.781001261822140025e-01	8.641924080927729790e-01	8.190758945702030225e-01	8.641924080927729790e-01	8.641924080927729790e-01	8.641924080927729790e-01	8.822205335152250028e-01	8.641924080927729790e-01	8.679754020130490133e-01	8.641924080927729790e-01	8.641924080927729790e-01	9.019273156987359652e-01	8.641924080927729790e-01	8.641924080927729790e-01	8.817231728120940026e-01	9.057506081559230093e-01	9.094676450138089452e-01	8.641924080927729790e-01	8.641924080927729790e-01	8.641924080927729790e-01	8.641924080927729790e-01	8.641924080927729790e-01	8.641924080927729790e-01	8.641924080927729790e-01	8.641924080927729790e-01	8.641924080927729790e-01	8.641924080927729790e-01	6.181199205846269473e-01	8.641924080927729790e-01	7.196694171262849604e-01	9.078475490529099856e-01	8.641924080927729790e-01	8.641924080927729790e-01	8.641924080927729790e-01	8.777543907501119680e-01	8.641924080927729790e-01	8.641924080927729790e-01	8.641924080927729790e-01	8.470465667640399987e-01	6.842701896354610458e-01	7.989798606234750356e-01	8.641924080927729790e-01	8.641924080927729790e-01	8.641924080927729790e-01	8.641924080927729790e-01	8.817628985208040282e-01	8.641924080927729790e-01	8.641924080927729790e-01	8.641924080927729790e-01	8.641924080927729790e-01	8.823355381534080388e-01	8.641924080927729790e-01	8.641924080927729790e-01	8.641924080927729790e-01	8.794259495628620193e-01	8.641924080927729790e-01	8.641924080927729790e-01	8.641924080927729790e-01	8.641924080927729790e-01	8.641924080927729790e-01	8.641924080927729790e-01	8.641924080927729790e-01	8.641924080927729790e-01	8.641924080927729790e-01	8.641924080927729790e-01	8.641924080927729790e-01	8.641924080927729790e-01	8.641924080927729790e-01	8.641924080927729790e-01	8.641924080927729790e-01	8.641924080927729790e-01	9.107945734782729730e-01	9.081874572755560537e-01	9.043879523531409559e-01	8.641924080927729790e-01	8.641924080927729790e-01	9.069847569199579462e-01	8.870429110248669868e-01	8.974339868832099665e-01	8.641924080927729790e-01	8.641924080927729790e-01	8.692364608766459666e-01
8.641924080927729790e-01	8.641924080927729790e-01	8.922080318773439878e-01	1.000000000000000000e+00	8.641924080927729790e-01	8.641924080927729790e-01	8.653885600067620087e-01	8.641924080927729790e-01	8.004234738911849556e-01	8.641924080927729790e-01	8.641924080927729790e-01	8.942525933102619673e-01	8.641924080927729790e-01	8.764659971217170220e-01	8.641924080927729790e-01	9.220768478816450120e-01	9.093516717146069572e-01	8.641924080927729790e-01	9.131993766728589978e-01	8.641924080927729790e-01	8.641924080927729790e-01	9.094344358134149875e-01	8.641924080927729790e-01	9.127554821755750059e-01	8.593319764395940252e-01	8.641924080927729790e-01	6.029878705105850001e-01	7.608425779731530225e-01	8.914017710520709681e-01	8.641687776759809925e-01	8.732089738392220246e-01	9.136199413220169596e-01	9.171233425826400554e-01	8.641924080927729790e-01	8.641924080927729790e-01	8.718858514687299888e-01	8.641924080927729790e-01	8.986949005671990287e-01	5.297710708394020029e-01	8.925201490746860200e-01	9.069204046365320071e-01	8.692244576840200132e-01	8.641924080927729790e-01	8.641924080927729790e-01	8.641924080927729790e-01	8.641924080927729790e-01	8.641924080927729790e-01	8.763689081026260208e-01	8.641924080927729790e-01	8.641924080927729790e-01	8.641924080927729790e-01	8.641924080927729790e-01	8.641924080927729790e-01	9.022159583721209852e-01	8.641924080927729790e-01	9.002542793588970138e-01	8.641924080927729790e-01	8.641924080927729790e-01	8.641924080927729790e-01	8.641924080927729790e-01	8.875204980558409895e-01	8.641924080927729790e-01	8.641924080927729790e-01	8.401528689244199821e-01	8.097343325254799939e-01	5.200097508983829719e-01	8.641924080927729790e-01	8.641924080927729790e-01	8.641924080927729790e-01	6.203293855035959536e-01	8.641924080927729790e-01	7.177888614013080426e-01	8.641924080927729790e-01	8.641924080927729790e-01	8.641924080927729790e-01	8.641924080927729790e-01	8.641924080927729790e-01	8.641924080927729790e-01	8.750124978465080305e-01	8.641924080927729790e-01	8.641924080927729790e-01	8.641924080927729790e-01	8.641924080927729790e-01	8.641924080927729790e-01	8.641924080927729790e-01	8.641924080927729790e-01	8.641924080927729790e-01	8.641924080927729790e-01	1.000000000000000021e-03	8.641924080927729790e-01	8.641924080927729790e-01	8.641924080927729790e-01	8.641924080927729790e-01	8.641924080927729790e-01	7.572787618399889897e-01	8.641924080927729790e-01	8.641924080927729790e-01	8.641924080927729790e-01	8.641924080927729790e-01	8.641924080927729790e-01	7.798096006359229726e-01	8.641924080927729790e-01	8.641924080927729790e-01	8.463983481134069731e-01	8.641924080927729790e-01	8.641924080927729790e-01	8.969175862705860425e-01	8.641924080927729790e-01	8.641924080927729790e-01	8.641924080927729790e-01	8.641924080927729790e-01	8.641924080927729790e-01	8.641924080927729790e-01	9.129404026101950453e-01	8.641924080927729790e-01	9.048060750958779597e-01	8.641924080927729790e-01	8.641924080927729790e-01	8.641924080927729790e-01	8.905962633228120540e-01	9.004419253271199741e-01	9.049964307070490488e-01	8.750741862359709966e-01	8.641924080927729790e-01
8.641924080927729790e-01	8.641924080927729790e-01	8.641924080927729790e-01	8.641924080927729790e-01	9.999999999999970024e-01	7.664884229159999451e-01	8.641924080927729790e-01	8.641924080927729790e-01	8.641924080927729790e-01	7.083487094393550176e-01	7.702594361556700520e-01	7.705556243250040183e-01	7.791911529073779485e-01	8.641924080927729790e-01	8.641924080927729790e-01	8.641924080927729790e-01	8.641924080927729790e-01	8.641924080927729790e-01	8.641924080927729790e-01	8.641924080927729790e-01	8.641924080927729790e-01	8.641924080927729790e-01	8.641924080927729790e-01	7.862636744017860169e-01	8.641924080927729790e-01	7.535292971520269889e-01	8.641924080927729790e-01	8.641924080927729790e-01	8.641924080927729790e-01	8.641924080927729790e-01	8.641924080927729790e-01	7.882758141780269456e-01	7.891017729020900484e-01	8.641924080927729790e-01	7.839738880352720152e-01	8.641924080927729790e-01	7.642136146001480279e-01	8.641924080927729790e-01	8.641924080927729790e-01	8.641924080927729790e-01	8.641924080927729790e-01	7.523315781666920499e-01	8.641924080927729790e-01	8.641924080927729790e-01	7.129517359978080338e-01	8.641924080927729790e-01	8.641924080927729790e-01	8.641924080927729790e-01	8.641924080927729790e-01	7.653230729202059601e-01	8.641924080927729790e-01	8.641924080927729790e-01	8.641924080927729790e-01	8.641924080927729790e-01	8.641924080927729790e-01	8.641924080927729790e-01	8.641924080927729790e-01	8.641924080927729790e-01	7.841328790831589846e-01	8.641924080927729790e-01	8.641924080927729790e-01	8.641924080927729790e-01	8.641924080927729790e-01	8.641924080927729790e-01	8.641924080927729790e-01	8.641924080927729790e-01	8.641924080927729790e-01	8.641924080927729790e-01	8.641924080927729790e-01	8.641924080927729790e-01	8.641924080927729790e-01	8.641924080927729790e-01	8.641924080927729790e-01	7.776321265629260182e-01	8.641924080927729790e-01	8.641924080927729790e-01	8.641924080927729790e-01	8.641924080927729790e-01	8.641924080927729790e-01	8.641924080927729790e-01	8.641924080927729790e-01	8.641924080927729790e-01	8.641924080927729790e-01	8.641924080927729790e-01	8.641924080927729790e-01	8.641924080927729790e-01	8.641924080927729790e-01	8.641924080927729790e-01	1.000000000000000021e-03	8.641924080927729790e-01	8.641924080927729790e-01	8.641924080927729790e-01	7.645170609995599609e-01	8.641924080927729790e-01	8.641924080927729790e-01	8.641924080927729790e-01	8.641924080927729790e-01	8.641924080927729790e-01	8.641924080927729790e-01	8.641924080927729790e-01	8.641924080927729790e-01	8.641924080927729790e-01	8.641924080927729790e-01	8.641924080927729790e-01	8.641924080927729790e-01	8.641924080927729790e-01	8.641924080927729790e-01	7.645024247018979979e-01	8.641924080927729790e-01	8.641924080927729790e-01	7.530277825033959704e-01	8.641924080927729790e-01	8.641924080927729790e-01	8.641924080927729790e-01	8.641924080927729790e-01	8.641924080927729790e-01	7.838652475962429866e-01	8.641924080927729790e-01	8.641924080927729790e-01	7.649260872657640542e-01	7.760495656038639556e-01	8.641924080927729790e-01	8.641924080927729790e-01	8.641924080927729790e-01
8.641924080927729790e-01	8.641924080927729790e-01	8.889066756030490346e-01	8.641924080927729790e-01	7.664884229159999451e-01	1.000000000000000000e+00	8.641924080927729790e-01	8.641924080927729790e-01	8.641924080927729790e-01	8.106992770535750292e-01	8.886670708085939729e-01	8.641924080927729790e-01	8.641924080927729790e-01	8.641924080927729790e-01	8.641924080927729790e-01	8.641924080927729790e-01	8.641924080927729790e-01	8.641924080927729790e-01	8.641924080927729790e-01	8.641924080927729790e-01	8.701048481403730328e-01	8.641924080927729790e-01	8.726053571608189952e-01	8.641924080927729790e-01	8.641924080927729790e-01	8.641924080927729790e-01	8.641924080927729790e-01	7.568614236866619827e-01	8.876969385291929582e-01	8.641924080927729790e-01	8.641924080927729790e-01	8.641924080927729790e-01	8.641924080927729790e-01	8.641924080927729790e-01	8.641924080927729790e-01	8.680619370311889460e-01	8.641924080927729790e-01	8.641924080927729790e-01	5.232150722565389600e-01	8.641924080927729790e-01	9.042998829265379568e-01	8.641924080927729790e-01	8.641924080927729790e-01	8.641924080927729790e-01	8.641924080927729790e-01	8.641924080927729790e-01	8.641924080927729790e-01	8.641924080927729790e-01	8.641924080927729790e-01	8.641924080927729790e-01	8.641924080927729790e-01	8.641924080927729790e-01	8.641924080927729790e-01	9.001781992933790555e-01	8.641924080927729790e-01	8.973071082697849921e-01	8.641924080927729790e-01	8.641924080927729790e-01	8.641924080927729790e-01	8.641924080927729790e-01	8.641924080927729790e-01	8.641924080927729790e-01	8.641924080927729790e-01	8.641924080927729790e-01	8.641924080927729790e-01	5.194390684323280105e-01	8.890127662454540003e-01	4.401890032783229989e-01	8.641924080927729790e-01	8.641924080927729790e-01	8.641924080927729790e-01	8.641924080927729790e-01	8.641924080927729790e-01	8.641924080927729790e-01	8.641924080927729790e-01	8.641924080927729790e-01	8.641924080927729790e-01	8.641924080927729790e-01	8.641924080927729790e-01	8.908644625260789818e-01	8.641924080927729790e-01	8.641924080927729790e-01	8.012268409132290437e-01	6.609881486352799929e-01	8.641924080927729790e-01	6.749346017597369629e-01	8.641924080927729790e-01	8.641924080927729790e-01	8.641924080927729790e-01	8.641924080927729790e-01	8.641924080927729790e-01	8.973880216337930538e-01	8.641924080927729790e-01	8.641924080927729790e-01	8.641924080927729790e-01	8.641924080927729790e-01	8.641924080927729790e-01	8.641924080927729790e-01	8.641924080927729790e-01	8.641924080927729790e-01	8.641924080927729790e-01	8.641924080927729790e-01	8.641924080927729790e-01	8.436198040954530075e-01	8.641924080927729790e-01	8.641924080927729790e-01	8.916120847322389631e-01	8.641924080927729790e-01	9.145714234553840027e-01	8.641924080927729790e-01	8.641924080927729790e-01	8.504548030945660031e-01	8.641924080927729790e-01	8.641924080927729790e-01	8.641924080927729790e-01	9.038816676949420481e-01	8.641924080927729790e-01	8.641924080927729790e-01	8.641924080927729790e-01	8.641924080927729790e-01	8.969322727213849822e-01	8.641924080927729790e-01	8.641924080927729790e-01	8.641924080927729790e-01
8.641924080927729790e-01	8.641924080927729790e-01	8.641924080927729790e-01	8.653885600067620087e-01	8.641924080927729790e-01	8.641924080927729790e-01	1.000000000000000000e+00	8.641924080927729790e-01	8.641924080927729790e-01	8.641924080927729790e-01	8.641924080927729790e-01	8.641924080927729790e-01	8.641924080927729790e-01	8.479133016039800408e-01	8.641924080927729790e-01	8.911065519775139832e-01	8.641924080927729790e-01	8.641924080927729790e-01	8.641924080927729790e-01	8.641924080927729790e-01	8.641924080927729790e-01	8.641924080927729790e-01	8.641924080927729790e-01	8.641924080927729790e-01	8.306398385971489606e-01	8.641924080927729790e-01	5.856627584435849521e-01	8.641924080927729790e-01	8.641924080927729790e-01	8.641924080927729790e-01	8.641924080927729790e-01	8.837137901202719581e-01	8.641924080927729790e-01	7.552135232698650169e-01	8.804833486938099529e-01	8.641924080927729790e-01	8.641924080927729790e-01	8.641924080927729790e-01	5.131455850286430476e-01	8.641924080927729790e-01	8.641924080927729790e-01	8.641924080927729790e-01	8.641924080927729790e-01	8.641924080927729790e-01	8.641924080927729790e-01	8.641924080927729790e-01	8.641924080927729790e-01	8.641924080927729790e-01	8.641924080927729790e-01	8.641924080927729790e-01	8.641924080927729790e-01	8.641924080927729790e-01	8.641924080927729790e-01	8.641924080927729790e-01	6.551039291633800055e-01	8.641924080927729790e-01	8.641924080927729790e-01	8.641924080927729790e-01	8.641924080927729790e-01	8.641924080927729790e-01	8.641924080927729790e-01	7.770031734058040485e-01	8.641924080927729790e-01	8.641924080927729790e-01	8.641924080927729790e-01	8.641924080927729790e-01	8.641924080927729790e-01	4.327210854757410075e-01	8.657698103656039645e-01	8.641924080927729790e-01	8.641924080927729790e-01	6.976538905597440277e-01	8.641924080927729790e-01	8.641924080927729790e-01	8.641924080927729790e-01	8.641924080927729790e-01	8.641924080927729790e-01	8.641924080927729790e-01	8.641924080927729790e-01	8.636018181822150419e-01	8.641924080927729790e-01	8.641924080927729790e-01	8.641924080927729790e-01	8.641924080927729790e-01	8.511578368290459995e-01	8.641924080927729790e-01	8.641924080927729790e-01	8.641924080927729790e-01	1.000000000000000021e-03	8.641924080927729790e-01	8.641924080927729790e-01	8.641924080927729790e-01	8.641924080927729790e-01	8.641924080927729790e-01	7.338238432625749930e-01	8.535811868078539977e-01	8.641924080927729790e-01	8.641924080927729790e-01	2.301360008293009962e-01	8.641924080927729790e-01	7.558680088168620026e-01	8.641924080927729790e-01	8.641924080927729790e-01	8.641924080927729790e-01	8.641924080927729790e-01	8.641924080927729790e-01	8.641924080927729790e-01	8.549240587101030187e-01	8.883497457232260031e-01	8.641924080927729790e-01	8.437163768635369543e-01	8.241733649232619863e-01	8.510766068562030107e-01	8.641924080927729790e-01	8.641924080927729790e-01	8.771096809782760184e-01	8.781354396250730110e-01	8.761986386436110275e-01	8.641924080927729790e-01	8.641924080927729790e-01	8.641924080927729790e-01	8.641924080927729790e-01	8.641924080927729790e-01	8.641924080927729790e-01
8.641924080927729790e-01	8.558665520012930239e-01	8.641924080927729790e-01	8.641924080927729790e-01	8.641924080927729790e-01	8.641924080927729790e-01	8.641924080927729790e-01	1.000000000000000000e+00	8.641924080927729790e-01	8.641924080927729790e-01	8.641924080927729790e-01	8.641924080927729790e-01	8.641924080927729790e-01	8.641924080927729790e-01	8.641924080927729790e-01	8.641924080927729790e-01	8.641924080927729790e-01	8.394905158452330429e-01	8.641924080927729790e-01	8.251444709725169746e-01	8.641924080927729790e-01	8.641924080927729790e-01	8.258899787586879704e-01	8.641924080927729790e-01	8.091452619188550521e-01	8.641924080927729790e-01	8.641924080927729790e-01	8.641924080927729790e-01	8.641924080927729790e-01	8.641924080927729790e-01	8.641924080927729790e-01	8.606803092433500391e-01	8.638065155410149520e-01	8.641924080927729790e-01	8.571810464626200554e-01	8.641924080927729790e-01	8.343856998955310189e-01	8.641924080927729790e-01	8.641924080927729790e-01	8.641924080927729790e-01	8.641924080927729790e-01	8.641924080927729790e-01	8.641924080927729790e-01	8.641924080927729790e-01	7.748284269181220374e-01	8.641924080927729790e-01	8.641924080927729790e-01	8.641924080927729790e-01	8.641924080927729790e-01	8.641924080927729790e-01	8.641924080927729790e-01	8.280423330104610402e-01	8.641924080927729790e-01	8.641924080927729790e-01	8.641924080927729790e-01	8.641924080927729790e-01	8.641924080927729790e-01	8.641924080927729790e-01	8.641924080927729790e-01	8.262133984518830188e-01	8.641924080927729790e-01	8.641924080927729790e-01	8.284284891291240349e-01	8.641924080927729790e-01	8.641924080927729790e-01	4.979806699105129852e-01	8.641924080927729790e-01	8.641924080927729790e-01	8.456583122459799817e-01	8.641924080927729790e-01	8.556084577120699475e-01	6.830541939739750434e-01	8.641924080927729790e-01	8.503150270002779454e-01	8.641924080927729790e-01	8.641924080927729790e-01	8.641924080927729790e-01	8.440694590037050027e-01	8.236674781080299823e-01	8.641924080927729790e-01	8.641924080927729790e-01	8.641924080927729790e-01	8.641924080927729790e-01	8.641924080927729790e-01	8.286379782315419495e-01	6.377487693322869688e-01	8.641924080927729790e-01	8.641924080927729790e-01	8.641924080927729790e-01	8.641924080927729790e-01	8.641924080927729790e-01	8.483481147940780120e-01	8.641924080927729790e-01	8.237324066209910089e-01	7.171135112172799531e-01	8.307373520227300245e-01	8.292740855923630416e-01	8.316604319251229560e-01	2.254209671489300071e-01	8.641924080927729790e-01	8.641924080927729790e-01	8.641924080927729790e-01	8.641924080927729790e-01	8.641924080927729790e-01	8.641924080927729790e-01	8.641924080927729790e-01	8.641924080927729790e-01	8.345110037121169499e-01	8.641924080927729790e-01	8.356423267839879765e-01	8.641924080927729790e-01	8.641924080927729790e-01	8.284081478368300333e-01	8.602060147113970157e-01	8.543817719467450278e-01	8.533283387755720151e-01	8.641924080927729790e-01	8.641924080927729790e-01	8.641924080927729790e-01	8.641924080927729790e-01	8.472770145969950040e-01	8.523364722223859546e-01	8.249230015499759983e-01	8.227947635914399926e-01
8.641924080927729790e-01	8.641924080927729790e-01	8.641924080927729790e-01	8.004234738911849556e-01	8.641924080927729790e-01	8.641924080927729790e-01	8.641924080927729790e-01	8.641924080927729790e-01	9.999999999999990008e-01	8.641924080927729790e-01	8.641924080927729790e-01	7.999689388937519796e-01	8.641924080927729790e-01	8.641924080927729790e-01	8.641924080927729790e-01	8.641924080927729790e-01	8.146461910165619935e-01	8.641924080927729790e-01	8.158886531933490227e-01	8.641924080927729790e-01	8.641924080927729790e-01	8.149813051315369927e-01	8.641924080927729790e-01	8.641924080927729790e-01	8.641924080927729790e-01	8.641924080927729790e-01	5.510582316319789786e-01	8.641924080927729790e-01	8.641924080927729790e-01	8.641924080927729790e-01	8.641924080927729790e-01	8.641924080927729790e-01	8.641924080927729790e-01	7.036776376707980507e-01	8.641924080927729790e-01	8.641924080927729790e-01	8.641924080927729790e-01	8.641924080927729790e-01	4.819413526220769906e-01	8.641924080927729790e-01	8.641924080927729790e-01	8.641924080927729790e-01	8.641924080927729790e-01	6.099005349753650052e-01	7.403235958342659906e-01	8.641924080927729790e-01	8.641924080927729790e-01	8.641924080927729790e-01	8.641924080927729790e-01	8.641924080927729790e-01	8.641924080927729790e-01	8.641924080927729790e-01	8.641924080927729790e-01	8.641924080927729790e-01	6.128853598647719947e-01	8.062999675153530443e-01	8.641924080927729790e-01	8.641924080927729790e-01	8.641924080927729790e-01	8.641924080927729790e-01	7.936835254506729997e-01	8.641924080927729790e-01	8.641924080927729790e-01	7.558100405368469721e-01	8.641924080927729790e-01	4.802949386340050197e-01	8.641924080927729790e-01	8.641924080927729790e-01	8.017429087464109649e-01	5.668460356964060143e-01	8.641924080927729790e-01	6.509478452809569493e-01	8.145575081785080274e-01	8.641924080927729790e-01	8.641924080927729790e-01	7.946278072347460197e-01	8.641924080927729790e-01	8.060746543603910519e-01	7.854472447255650414e-01	8.641924080927729790e-01	8.641924080927729790e-01	8.641924080927729790e-01	7.186345892784770095e-01	8.641924080927729790e-01	8.641924080927729790e-01	8.641924080927729790e-01	8.641924080927729790e-01	8.641924080927729790e-01	8.641924080927729790e-01	3.851285696917979839e-01	8.641924080927729790e-01	8.641924080927729790e-01	8.641924080927729790e-01	8.641924080927729790e-01	8.641924080927729790e-01	7.883857238957020508e-01	8.641924080927729790e-01	8.641924080927729790e-01	8.641924080927729790e-01	8.056779950496090192e-01	8.641924080927729790e-01	8.641924080927729790e-01	8.641924080927729790e-01	7.622247378585119693e-01	8.057086545993440430e-01	8.641924080927729790e-01	8.641924080927729790e-01	8.641924080927729790e-01	8.641924080927729790e-01	8.641924080927729790e-01	8.641924080927729790e-01	8.641924080927729790e-01	8.641924080927729790e-01	8.157852210675460292e-01	8.116233167788450276e-01	8.113047383197089513e-01	8.641924080927729790e-01	8.641924080927729790e-01	8.128594356629940121e-01	7.962772541624030254e-01	8.052655270610300509e-01	8.108935271265359512e-01	8.641924080927729790e-01	7.800102751125399525e-01
8.641924080927729790e-01	8.641924080927729790e-01	8.116424684099450282e-01	8.641924080927729790e-01	7.083487094393550176e-01	8.106992770535750292e-01	8.641924080927729790e-01	8.641924080927729790e-01	8.641924080927729790e-01	9.999999999999990008e-01	8.113975018138299689e-01	8.641924080927729790e-01	8.641924080927729790e-01	8.641924080927729790e-01	8.641924080927729790e-01	8.641924080927729790e-01	8.272536575200990505e-01	8.090378632848309604e-01	8.641924080927729790e-01	7.931616632741039785e-01	7.953236546798010398e-01	8.641924080927729790e-01	8.641924080927729790e-01	8.641924080927729790e-01	7.805681692522420390e-01	8.641924080927729790e-01	8.641924080927729790e-01	8.641924080927729790e-01	8.641924080927729790e-01	8.641924080927729790e-01	7.931880696208729598e-01	8.641924080927729790e-01	8.641924080927729790e-01	8.641924080927729790e-01	8.243435332422710538e-01	8.641924080927729790e-01	8.641924080927729790e-01	8.641924080927729790e-01	8.641924080927729790e-01	8.641924080927729790e-01	8.641924080927729790e-01	7.902337352515930169e-01	8.641924080927729790e-01	6.158638596127350429e-01	8.641924080927729790e-01	8.641924080927729790e-01	7.491472138912309564e-01	8.641924080927729790e-01	8.641924080927729790e-01	8.073373281549940383e-01	8.641924080927729790e-01	8.641924080927729790e-01	8.155966063746560302e-01	8.190210080819440019e-01	8.641924080927729790e-01	8.172830091011820119e-01	8.641924080927729790e-01	8.641924080927729790e-01	8.641924080927729790e-01	8.641924080927729790e-01	8.641924080927729790e-01	7.333947436051240221e-01	8.641924080927729790e-01	8.641924080927729790e-01	7.379268380999439714e-01	8.641924080927729790e-01	8.641924080927729790e-01	8.641924080927729790e-01	8.641924080927729790e-01	5.739809909265649601e-01	8.238004296815629734e-01	6.590747186599059670e-01	8.641924080927729790e-01	8.641924080927729790e-01	8.641924080927729790e-01	8.641924080927729790e-01	8.641924080927729790e-01	8.149935876857260508e-01	7.981121033981519730e-01	8.100462547231870314e-01	8.641924080927729790e-01	8.641924080927729790e-01	8.641924080927729790e-01	6.124675936045680391e-01	7.991587288715360504e-01	8.641924080927729790e-01	8.641924080927729790e-01	8.024036911105639769e-01	1.000000000000000021e-03	8.641924080927729790e-01	8.641924080927729790e-01	8.641924080927729790e-01	8.641924080927729790e-01	8.641924080927729790e-01	8.641924080927729790e-01	8.641924080927729790e-01	8.641924080927729790e-01	8.015786212645850117e-01	8.641924080927729790e-01	8.641924080927729790e-01	8.641924080927729790e-01	8.641924080927729790e-01	8.641924080927729790e-01	8.641924080927729790e-01	8.196913611026349633e-01	8.641924080927729790e-01	8.641924080927729790e-01	8.641924080927729790e-01	8.337245484286970321e-01	8.641924080927729790e-01	8.641924080927729790e-01	7.733782847062850019e-01	8.641924080927729790e-01	8.288356368232020488e-01	8.641924080927729790e-01	8.641924080927729790e-01	8.254341756451030188e-01	8.216364337326369505e-01	8.254211584778320399e-01	8.641924080927729790e-01	8.641924080927729790e-01	8.641924080927729790e-01	8.641924080927729790e-01	8.641924080927729790e-01
8.641924080927729790e-01	9.048823454158489987e-01	8.641924080927729790e-01	8.641924080927729790e-01	7.702594361556700520e-01	8.886670708085939729e-01	8.641924080927729790e-01	8.641924080927729790e-01	8.641924080927729790e-01	8.113975018138299689e-01	1.000000000000000000e+00	8.925142983282220444e-01	8.641924080927729790e-01	8.641924080927729790e-01	8.641924080927729790e-01	9.211419958565789656e-01	9.085853460969199880e-01	8.903625837958459854e-01	8.641924080927729790e-01	8.641924080927729790e-01	8.641924080927729790e-01	8.641924080927729790e-01	8.641924080927729790e-01	9.118942077051149786e-01	8.641924080927729790e-01	8.682668668302839787e-01	8.641924080927729790e-01	7.571275725445669735e-01	8.641924080927729790e-01	8.641924080927729790e-01	8.641924080927729790e-01	8.641924080927729790e-01	8.641924080927729790e-01	8.641924080927729790e-01	8.641924080927729790e-01	8.641924080927729790e-01	8.641924080927729790e-01	8.641924080927729790e-01	8.641924080927729790e-01	8.641924080927729790e-01	8.641924080927729790e-01	8.641924080927729790e-01	8.754838961893399718e-01	8.641924080927729790e-01	8.641924080927729790e-01	8.641924080927729790e-01	8.641924080927729790e-01	8.641924080927729790e-01	8.825077444640190283e-01	8.641924080927729790e-01	8.641924080927729790e-01	8.641924080927729790e-01	8.641924080927729790e-01	8.641924080927729790e-01	6.717620351830240200e-01	8.641924080927729790e-01	8.806190770933960410e-01	9.048084036665560159e-01	8.641924080927729790e-01	8.641924080927729790e-01	8.641924080927729790e-01	8.641924080927729790e-01	8.641924080927729790e-01	8.641924080927729790e-01	8.641924080927729790e-01	8.641924080927729790e-01	8.641924080927729790e-01	8.641924080927729790e-01	8.641924080927729790e-01	8.641924080927729790e-01	8.641924080927729790e-01	8.641924080927729790e-01	8.641924080927729790e-01	8.998997272410159676e-01	8.766589100587960370e-01	8.641924080927729790e-01	8.641924080927729790e-01	8.949134075350220208e-01	8.746162446562669723e-01	8.641924080927729790e-01	8.641924080927729790e-01	8.641924080927729790e-01	8.641924080927729790e-01	8.641924080927729790e-01	8.641924080927729790e-01	8.641924080927729790e-01	8.641924080927729790e-01	8.816078910493839738e-01	1.000000000000000021e-03	8.641924080927729790e-01	8.641924080927729790e-01	8.641924080927729790e-01	8.827174359885370247e-01	8.641924080927729790e-01	7.583121780293039516e-01	8.781559687486579779e-01	8.641924080927729790e-01	8.786440108454259823e-01	8.641924080927729790e-01	8.969041567809410420e-01	8.641924080927729790e-01	8.778304047115490505e-01	8.641924080927729790e-01	8.641924080927729790e-01	8.641924080927729790e-01	8.641924080927729790e-01	8.945520330421540267e-01	8.831725042131679526e-01	8.641924080927729790e-01	8.641924080927729790e-01	8.641924080927729790e-01	8.641924080927729790e-01	8.641924080927729790e-01	8.641924080927729790e-01	8.641924080927729790e-01	9.040908067052969566e-01	8.641924080927729790e-01	9.060428580044640468e-01	9.061839152009329990e-01	8.641924080927729790e-01	8.641924080927729790e-01	8.641924080927729790e-01	8.641924080927729790e-01	8.684737519751739576e-01
9.122186889543779653e-01	9.077715275433859698e-01	8.641924080927729790e-01	8.942525933102619673e-01	7.705556243250040183e-01	8.641924080927729790e-01	8.641924080927729790e-01	8.641924080927729790e-01	7.999689388937519796e-01	8.641924080927729790e-01	8.925142983282220444e-01	1.000000000000000000e+00	8.641924080927729790e-01	8.763895370291779896e-01	8.641924080927729790e-01	8.641924080927729790e-01	8.641924080927729790e-01	8.917159277187940436e-01	9.142659599699110018e-01	8.641924080927729790e-01	8.758542251098210274e-01	8.641924080927729790e-01	8.785172465107420336e-01	8.641924080927729790e-01	8.641924080927729790e-01	8.641924080927729790e-01	8.641924080927729790e-01	8.641924080927729790e-01	8.927822118305730470e-01	8.641924080927729790e-01	8.641924080927729790e-01	8.641924080927729790e-01	8.641924080927729790e-01	8.641924080927729790e-01	8.641924080927729790e-01	8.641924080927729790e-01	8.641924080927729790e-01	8.641924080927729790e-01	5.257014517519790209e-01	8.641924080927729790e-01	8.641924080927729790e-01	8.641924080927729790e-01	8.798996123994510254e-01	8.641924080927729790e-01	8.187456064108590281e-01	8.641924080927729790e-01	8.641924080927729790e-01	8.729171233574379851e-01	8.641924080927729790e-01	8.641924080927729790e-01	8.641924080927729790e-01	8.788839745660470548e-01	8.641924080927729790e-01	9.036004112908779806e-01	8.641924080927729790e-01	9.019904486435219582e-01	8.832384626696320185e-01	9.091162358996860426e-01	8.641924080927729790e-01	8.641924080927729790e-01	8.641924080927729790e-01	8.641924080927729790e-01	8.641924080927729790e-01	8.641924080927729790e-01	8.641924080927729790e-01	8.641924080927729790e-01	8.641924080927729790e-01	8.641924080927729790e-01	8.641924080927729790e-01	8.641924080927729790e-01	8.641924080927729790e-01	7.199690680436080514e-01	8.641924080927729790e-01	9.020868805298469795e-01	8.641924080927729790e-01	8.641924080927729790e-01	8.641924080927729790e-01	8.641924080927729790e-01	8.641924080927729790e-01	8.933836984991010421e-01	8.641924080927729790e-01	8.641924080927729790e-01	8.028460429252820552e-01	8.641924080927729790e-01	8.641924080927729790e-01	6.734691472279560331e-01	8.641924080927729790e-01	8.641924080927729790e-01	8.641924080927729790e-01	4.069143771270640197e-01	8.641924080927729790e-01	8.641924080927729790e-01	8.641924080927729790e-01	8.641924080927729790e-01	7.588523470410389882e-01	8.641924080927729790e-01	8.809233317578939459e-01	8.836120897477860447e-01	2.308111983298589964e-01	8.999899187535449485e-01	8.641924080927729790e-01	8.641924080927729790e-01	8.743892414916729638e-01	8.641924080927729790e-01	9.009069813748580291e-01	8.972774089071859915e-01	8.641924080927729790e-01	8.641924080927729790e-01	8.641924080927729790e-01	8.862895997301759587e-01	8.641924080927729790e-01	8.513275549199329495e-01	8.774315509397460078e-01	8.641924080927729790e-01	9.077118273940399940e-01	9.063360519096480550e-01	8.641924080927729790e-01	8.641924080927729790e-01	8.641924080927729790e-01	8.641924080927729790e-01	8.996065128600200245e-01	9.042977438619510533e-01	8.641924080927729790e-01	8.641924080927729790e-01
