1.000000000000309974e+00	7.442193542337409706e-01	4.973530123391386448e-01	4.973530123391386448e-01	4.973530123391386448e-01	6.252907828326029760e-01	6.225362558302960370e-01	4.973530123391386448e-01	4.973530123391386448e-01	5.379343573391529576e-01	4.973530123391386448e-01	4.973530123391386448e-01	4.973530123391386448e-01	4.973530123391386448e-01	4.973530123391386448e-01	4.973530123391386448e-01	4.973530123391386448e-01	5.790646251394739874e-01	4.973530123391386448e-01	4.973530123391386448e-01	4.973530123391386448e-01	4.973530123391386448e-01	5.329092573866479610e-01	4.973530123391386448e-01	4.973530123391386448e-01	4.973530123391386448e-01	4.973530123391386448e-01	4.973530123391386448e-01	4.973530123391386448e-01	4.973530123391386448e-01	4.973530123391386448e-01	4.973530123391386448e-01	6.346828400330399855e-01	6.549774271519219759e-01	4.973530123391386448e-01	4.973530123391386448e-01	4.973530123391386448e-01	4.973530123391386448e-01	4.973530123391386448e-01	5.472515834071239871e-01	4.973530123391386448e-01	4.973530123391386448e-01	4.973530123391386448e-01	4.564303422705400237e-01	4.973530123391386448e-01	4.973530123391386448e-01	4.644293788043349913e-01	5.159809711663460030e-01	4.973530123391386448e-01	4.973530123391386448e-01	4.973530123391386448e-01	4.973530123391386448e-01	4.973530123391386448e-01	4.232862175179509800e-01	4.973530123391386448e-01	6.456501501225130335e-01	4.973530123391386448e-01	4.973530123391386448e-01	4.973530123391386448e-01	3.804943274021220234e-01	4.973530123391386448e-01	5.312817754149019578e-01	4.973530123391386448e-01	4.973530123391386448e-01	4.224067791875290023e-01	5.438864644184959740e-01	4.973530123391386448e-01	4.973530123391386448e-01	4.973530123391386448e-01	4.973530123391386448e-01	4.973530123391386448e-01	4.499787206978749787e-01	4.973530123391386448e-01	4.973530123391386448e-01	4.973530123391386448e-01	4.973530123391386448e-01	4.973530123391386448e-01	4.973530123391386448e-01	4.973530123391386448e-01	5.922296249584180217e-01	4.973530123391386448e-01	4.973530123391386448e-01	4.358852755283439961e-01	4.973530123391386448e-01	4.973530123391386448e-01	4.973530123391386448e-01	4.973530123391386448e-01	6.580588559183759845e-01	4.973530123391386448e-01	4.973530123391386448e-01	5.782659508264019754e-01	4.973530123391386448e-01	4.973530123391386448e-01	4.973530123391386448e-01	4.006453089257169808e-01	6.065041186471740176e-01	4.973530123391386448e-01	4.973530123391386448e-01	5.074108687811590412e-01	4.973530123391386448e-01	4.973530123391386448e-01	4.973530123391386448e-01	4.973530123391386448e-01	3.634364036278119880e-01	4.127633564849860215e-01	4.973530123391386448e-01	4.973530123391386448e-01	4.973530123391386448e-01	4.973530123391386448e-01	4.725964635815440018e-01	4.973530123391386448e-01	4.973530123391386448e-01	5.643527259090620474e-01	4.973530123391386448e-01	6.279465248821579637e-01	7.426771477965999901e-01	4.973530123391386448e-01	4.973530123391386448e-01	4.973530123391386448e-01	4.973530123391386448e-01	4.973530123391386448e-01	6.143421904375500064e-01	4.973530123391386448e-01	6.083142174376410249e-01
7.442193542337409706e-01	1.000000000000069944e+00	6.988571224719539732e-01	4.973530123391386448e-01	5.436968779978870181e-01	5.260585428857840196e-01	4.973530123391386448e-01	5.128659589980260058e-01	4.973530123391386448e-01	4.973530123391386448e-01	5.547119743603009523e-01	4.973530123391386448e-01	4.973530123391386448e-01	4.973530123391386448e-01	1.000000000000000021e-03	4.973530123391386448e-01	4.973530123391386448e-01	4.973530123391386448e-01	4.973530123391386448e-01	5.050268905988829493e-01	4.973530123391386448e-01	4.130764492683199895e-01	4.986296578681779779e-01	5.017700507821619693e-01	4.931601345607219966e-01	4.973530123391386448e-01	5.505873792307930392e-01	4.973530123391386448e-01	3.159633708302390098e-01	4.145525442243169767e-01	4.973530123391386448e-01	4.973530123391386448e-01	4.973530123391386448e-01	4.973530123391386448e-01	4.973530123391386448e-01	5.649624162597269850e-01	4.973530123391386448e-01	4.973530123391386448e-01	4.973530123391386448e-01	5.017532641128840121e-01	4.973530123391386448e-01	4.863180825407980024e-01	4.901498051407189860e-01	3.902224064054000130e-01	5.283846987874559753e-01	4.973530123391386448e-01	4.973530123391386448e-01	4.239484584032929826e-01	5.230251446934639503e-01	4.973530123391386448e-01	4.973530123391386448e-01	4.973530123391386448e-01	4.973530123391386448e-01	4.973530123391386448e-01	4.973530123391386448e-01	4.973530123391386448e-01	4.973530123391386448e-01	4.973530123391386448e-01	4.973530123391386448e-01	4.973530123391386448e-01	5.431929660723300302e-01	4.973530123391386448e-01	4.973530123391386448e-01	4.973530123391386448e-01	3.406515648086990145e-01	4.973530123391386448e-01	4.973530123391386448e-01	4.973530123391386448e-01	4.973530123391386448e-01	3.210233445814970055e-01	4.973530123391386448e-01	3.731976490832359938e-01	5.053956188537630512e-01	4.973530123391386448e-01	4.973530123391386448e-01	4.973530123391386448e-01	4.973530123391386448e-01	4.973530123391386448e-01	4.982636116785399971e-01	4.973530123391386448e-01	5.528344789549130001e-01	3.907046765071710004e-01	3.901477304180709926e-01	4.973530123391386448e-01	4.973530123391386448e-01	4.973530123391386448e-01	4.973530123391386448e-01	4.973530123391386448e-01	4.973530123391386448e-01	4.997262353134859780e-01	5.507081110025060511e-01	4.860287400030789962e-01	3.703934312686740227e-01	4.973530123391386448e-01	3.555059641741110110e-01	5.066232308189480005e-01	5.782509370521869974e-01	4.973530123391386448e-01	4.445599329659489785e-01	5.227868085811330223e-01	5.332019892159070018e-01	3.618183317013369815e-01	3.432724951058560015e-01	4.973530123391386448e-01	4.973530123391386448e-01	4.973530123391386448e-01	4.973530123391386448e-01	4.654558462361479965e-01	4.973530123391386448e-01	4.973530123391386448e-01	4.973530123391386448e-01	4.973530123391386448e-01	4.732995249581349873e-01	4.973530123391386448e-01	4.973530123391386448e-01	6.577949906816450421e-01	4.973530123391386448e-01	4.973530123391386448e-01	4.973530123391386448e-01	5.187502111396490312e-01	4.973530123391386448e-01	4.973530123391386448e-01	4.973530123391386448e-01	5.535371849306389702e-01
4.973530123391386448e-01	6.988571224719539732e-01	1.000000000000089928e+00	5.428386331389559727e-01	4.973530123391386448e-01	4.973530123391386448e-01	4.973530123391386448e-01	4.973530123391386448e-01	4.973530123391386448e-01	4.945607041019660088e-01	5.170696485772280360e-01	4.973530123391386448e-01	4.973530123391386448e-01	5.111802161886159768e-01	4.973530123391386448e-01	4.973530123391386448e-01	5.436499222332410453e-01	5.949150455351249756e-01	4.973530123391386448e-01	4.973530123391386448e-01	4.973530123391386448e-01	4.973530123391386448e-01	4.973530123391386448e-01	4.973530123391386448e-01	4.973530123391386448e-01	4.973530123391386448e-01	4.973530123391386448e-01	4.973530123391386448e-01	2.458283214450339982e-01	4.973530123391386448e-01	5.706246795997339527e-01	4.973530123391386448e-01	4.973530123391386448e-01	4.973530123391386448e-01	4.973530123391386448e-01	5.866583220808250232e-01	5.177018364512050441e-01	5.738893035152059507e-01	4.734280367687199731e-01	4.827641203702179862e-01	4.973530123391386448e-01	4.973530123391386448e-01	4.973530123391386448e-01	4.973530123391386448e-01	4.973530123391386448e-01	4.973530123391386448e-01	4.563132725974999859e-01	5.261658327823169889e-01	5.028256488482190090e-01	4.973530123391386448e-01	4.973530123391386448e-01	4.521666405049080129e-01	4.973530123391386448e-01	4.973530123391386448e-01	4.973530123391386448e-01	6.681145296642050369e-01	4.973530123391386448e-01	3.429118403506830060e-01	4.973530123391386448e-01	4.973530123391386448e-01	4.955020198744510274e-01	4.973530123391386448e-01	4.973530123391386448e-01	4.973530123391386448e-01	4.973530123391386448e-01	5.028906326970860041e-01	4.973530123391386448e-01	4.943754243852639951e-01	4.973530123391386448e-01	4.973530123391386448e-01	4.973530123391386448e-01	4.973530123391386448e-01	4.973530123391386448e-01	6.126217402294980019e-01	5.781414558460660214e-01	4.973530123391386448e-01	4.973530123391386448e-01	4.973530123391386448e-01	4.973530123391386448e-01	5.726135965970700070e-01	4.973530123391386448e-01	4.187065768997160209e-01	4.973530123391386448e-01	4.973530123391386448e-01	4.973530123391386448e-01	4.973530123391386448e-01	4.973530123391386448e-01	6.148308460672059494e-01	4.973530123391386448e-01	4.973530123391386448e-01	4.973530123391386448e-01	4.973530123391386448e-01	4.973530123391386448e-01	4.973530123391386448e-01	4.973530123391386448e-01	6.243659568839919904e-01	4.973530123391386448e-01	4.973530123391386448e-01	4.973530123391386448e-01	4.973530123391386448e-01	4.973530123391386448e-01	4.973530123391386448e-01	4.973530123391386448e-01	4.973530123391386448e-01	4.293094615989910268e-01	4.973530123391386448e-01	5.383420204827420452e-01	4.973530123391386448e-01	4.080293252836619811e-01	4.973530123391386448e-01	4.973530123391386448e-01	4.973530123391386448e-01	5.476253373919920397e-01	4.973530123391386448e-01	6.002235209296139518e-01	4.973530123391386448e-01	4.973530123391386448e-01	4.973530123391386448e-01	4.973530123391386448e-01	5.286534108548349709e-01	4.973530123391386448e-01	4.973530123391386448e-01	6.404773590259259519e-01	5.883384065545109731e-01
4.973530123391386448e-01	4.973530123391386448e-01	5.428386331389559727e-01	9.999999999998450129e-01	4.973530123391386448e-01	4.973530123391386448e-01	4.973530123391386448e-01	4.973530123391386448e-01	4.973530123391386448e-01	4.973530123391386448e-01	4.973530123391386448e-01	4.973530123391386448e-01	4.973530123391386448e-01	4.973530123391386448e-01	4.973530123391386448e-01	5.869267259013469795e-01	4.973530123391386448e-01	4.973530123391386448e-01	4.973530123391386448e-01	4.973530123391386448e-01	4.973530123391386448e-01	4.973530123391386448e-01	4.973530123391386448e-01	4.973530123391386448e-01	5.566084955974770487e-01	4.973530123391386448e-01	4.973530123391386448e-01	4.973530123391386448e-01	4.973530123391386448e-01	4.973530123391386448e-01	4.973530123391386448e-01	5.109547044087150436e-01	5.696020599255400274e-01	6.533216826420019663e-01	4.973530123391386448e-01	6.165202769741100486e-01	4.973530123391386448e-01	4.973530123391386448e-01	4.973530123391386448e-01	4.973530123391386448e-01	3.435290395703510247e-01	4.973530123391386448e-01	4.973530123391386448e-01	4.973530123391386448e-01	6.190081722065440273e-01	4.973530123391386448e-01	4.062977843937159994e-01	4.973530123391386448e-01	6.712191027741220006e-01	5.296214936818940400e-01	4.973530123391386448e-01	4.973530123391386448e-01	4.973530123391386448e-01	4.973530123391386448e-01	4.973530123391386448e-01	5.516750280139900431e-01	4.973530123391386448e-01	4.973530123391386448e-01	4.973530123391386448e-01	4.973530123391386448e-01	4.973530123391386448e-01	4.973530123391386448e-01	4.973530123391386448e-01	4.973530123391386448e-01	3.538016840042699784e-01	4.973530123391386448e-01	5.582487711322440260e-01	4.973530123391386448e-01	5.613460493564059739e-01	4.973530123391386448e-01	4.973530123391386448e-01	4.973530123391386448e-01	4.973530123391386448e-01	4.973530123391386448e-01	4.973530123391386448e-01	4.797329927686079798e-01	4.973530123391386448e-01	5.970294411868439788e-01	5.272521743114150228e-01	4.973530123391386448e-01	4.973530123391386448e-01	4.198318259706890210e-01	4.973530123391386448e-01	4.973530123391386448e-01	4.973530123391386448e-01	4.973530123391386448e-01	4.973530123391386448e-01	4.973530123391386448e-01	4.973530123391386448e-01	4.973530123391386448e-01	4.973530123391386448e-01	5.513602498203680202e-01	3.826882663740769908e-01	3.794424069279350165e-01	4.973530123391386448e-01	4.973530123391386448e-01	4.973530123391386448e-01	4.973530123391386448e-01	4.973530123391386448e-01	4.973530123391386448e-01	5.359003519004460481e-01	4.973530123391386448e-01	4.973530123391386448e-01	4.973530123391386448e-01	4.973530123391386448e-01	4.973530123391386448e-01	4.973530123391386448e-01	4.973530123391386448e-01	4.973530123391386448e-01	4.973530123391386448e-01	4.973530123391386448e-01	5.464323156802569637e-01	4.973530123391386448e-01	4.973530123391386448e-01	4.973530123391386448e-01	4.973530123391386448e-01	4.973530123391386448e-01	4.973530123391386448e-01	4.973530123391386448e-01	4.973530123391386448e-01	5.829780910968800356e-01	4.973530123391386448e-01	4.973530123391386448e-01	4.973530123391386448e-01
4.973530123391386448e-01	5.436968779978870181e-01	4.973530123391386448e-01	4.973530123391386448e-01	9.999999999998030464e-01	4.973530123391386448e-01	4.973530123391386448e-01	4.973530123391386448e-01	4.973530123391386448e-01	4.973530123391386448e-01	4.973530123391386448e-01	4.973530123391386448e-01	4.973530123391386448e-01	4.217809808244170067e-01	4.973530123391386448e-01	4.973530123391386448e-01	3.660639431099029784e-01	4.973530123391386448e-01	4.973530123391386448e-01	4.973530123391386448e-01	4.973530123391386448e-01	4.973530123391386448e-01	5.680235550076450091e-01	4.973530123391386448e-01	4.973530123391386448e-01	6.601523095251500273e-01	5.381116733274460273e-01	4.973530123391386448e-01	4.973530123391386448e-01	4.973530123391386448e-01	4.973530123391386448e-01	4.973530123391386448e-01	4.876382778007170016e-01	4.973530123391386448e-01	4.973530123391386448e-01	4.973530123391386448e-01	4.973530123391386448e-01	5.564285922083429536e-01	4.973530123391386448e-01	4.973530123391386448e-01	4.973530123391386448e-01	4.973530123391386448e-01	4.776772761634199838e-01	4.973530123391386448e-01	4.973530123391386448e-01	4.973530123391386448e-01	4.973530123391386448e-01	3.982186709064450270e-01	4.973530123391386448e-01	4.967247223807290113e-01	4.973530123391386448e-01	4.765936620054890271e-01	4.973530123391386448e-01	4.973530123391386448e-01	4.973530123391386448e-01	4.973530123391386448e-01	3.820419220298160168e-01	4.464001489487859908e-01	4.973530123391386448e-01	4.973530123391386448e-01	5.657097229881310474e-01	4.351848128273099747e-01	4.973530123391386448e-01	4.973530123391386448e-01	4.973530123391386448e-01	5.190659795090639683e-01	4.472633275905250061e-01	4.396968080566739934e-01	4.973530123391386448e-01	4.973530123391386448e-01	4.973530123391386448e-01	3.658058166942810274e-01	4.973530123391386448e-01	4.973530123391386448e-01	4.973530123391386448e-01	4.283870419445909850e-01	6.011441756235219591e-01	4.973530123391386448e-01	4.973530123391386448e-01	4.973530123391386448e-01	4.973530123391386448e-01	4.973530123391386448e-01	4.973530123391386448e-01	4.203952990537260237e-01	4.973530123391386448e-01	3.394162999973620032e-01	4.973530123391386448e-01	4.973530123391386448e-01	6.055290950756060386e-01	4.973530123391386448e-01	5.440915725492719845e-01	4.733831066332500059e-01	4.973530123391386448e-01	4.973530123391386448e-01	4.973530123391386448e-01	4.973530123391386448e-01	4.973530123391386448e-01	4.973530123391386448e-01	4.973530123391386448e-01	5.157896118399849517e-01	5.673495323252050193e-01	3.370054331199029973e-01	4.973530123391386448e-01	4.973530123391386448e-01	4.973530123391386448e-01	4.973530123391386448e-01	4.973530123391386448e-01	4.334675577380789901e-01	4.501854209326189848e-01	4.973530123391386448e-01	4.973530123391386448e-01	4.973530123391386448e-01	4.973530123391386448e-01	4.973530123391386448e-01	4.973530123391386448e-01	4.973530123391386448e-01	4.973530123391386448e-01	4.973530123391386448e-01	5.890839700061050177e-01	4.973530123391386448e-01	6.454837071448089603e-01	4.973530123391386448e-01	5.474512311173119761e-01	4.973530123391386448e-01
6.252907828326029760e-01	5.260585428857840196e-01	4.973530123391386448e-01	4.973530123391386448e-01	4.973530123391386448e-01	1.000000000000039968e+00	4.973530123391386448e-01	5.223153104889539655e-01	6.042596165642869499e-01	4.973530123391386448e-01	4.973530123391386448e-01	4.973530123391386448e-01	5.633072283718989492e-01	4.766081011532969924e-01	4.973530123391386448e-01	4.973530123391386448e-01	4.973530123391386448e-01	4.973530123391386448e-01	4.593334437921670066e-01	4.353714853003500251e-01	5.705520522026310548e-01	4.973530123391386448e-01	4.344268920829850167e-01	4.357463891142530077e-01	4.973530123391386448e-01	5.533617586477479477e-01	4.973530123391386448e-01	4.973530123391386448e-01	2.301765920353009975e-01	4.973530123391386448e-01	5.349516006637250465e-01	4.973530123391386448e-01	4.973530123391386448e-01	6.936014735302330481e-01	4.973530123391386448e-01	5.370894792788799554e-01	4.973530123391386448e-01	4.973530123391386448e-01	4.973530123391386448e-01	4.973530123391386448e-01	4.973530123391386448e-01	4.973530123391386448e-01	4.973530123391386448e-01	4.973530123391386448e-01	4.973530123391386448e-01	4.973530123391386448e-01	4.973530123391386448e-01	4.973530123391386448e-01	4.973530123391386448e-01	4.973530123391386448e-01	4.973530123391386448e-01	4.973530123391386448e-01	4.445256617442889802e-01	4.973530123391386448e-01	4.644473612905820059e-01	4.973530123391386448e-01	2.988289818311279933e-01	3.150430841539310078e-01	4.568059724256099963e-01	4.973530123391386448e-01	4.973530123391386448e-01	4.477954074275630192e-01	4.973530123391386448e-01	4.973530123391386448e-01	4.973530123391386448e-01	4.973530123391386448e-01	4.973530123391386448e-01	4.973530123391386448e-01	4.973530123391386448e-01	4.973530123391386448e-01	3.967768541340909727e-01	4.973530123391386448e-01	4.973530123391386448e-01	5.629583030666830412e-01	4.973530123391386448e-01	3.037289200224759789e-01	4.973530123391386448e-01	4.973530123391386448e-01	4.973530123391386448e-01	4.973530123391386448e-01	4.973530123391386448e-01	3.805715997444290011e-01	4.973530123391386448e-01	4.973530123391386448e-01	4.973530123391386448e-01	4.973530123391386448e-01	4.973530123391386448e-01	4.973530123391386448e-01	4.973530123391386448e-01	4.973530123391386448e-01	4.973530123391386448e-01	4.973530123391386448e-01	4.973530123391386448e-01	4.973530123391386448e-01	4.973530123391386448e-01	4.973530123391386448e-01	4.973530123391386448e-01	3.055123557926319733e-01	4.973530123391386448e-01	4.973530123391386448e-01	4.973530123391386448e-01	4.973530123391386448e-01	4.973530123391386448e-01	4.973530123391386448e-01	4.973530123391386448e-01	4.973530123391386448e-01	4.973530123391386448e-01	5.366097027271580222e-01	4.973530123391386448e-01	4.973530123391386448e-01	4.973530123391386448e-01	4.973530123391386448e-01	4.973530123391386448e-01	4.973530123391386448e-01	4.973530123391386448e-01	4.973530123391386448e-01	4.973530123391386448e-01	4.973530123391386448e-01	4.973530123391386448e-01	4.973530123391386448e-01	5.669497648619069574e-01	5.322972170817119597e-01	4.973530123391386448e-01	4.973530123391386448e-01
6.225362558302960370e-01	4.973530123391386448e-01	4.973530123391386448e-01	4.973530123391386448e-01	4.973530123391386448e-01	4.973530123391386448e-01	1.000000000000049960e+00	4.973530123391386448e-01	4.973530123391386448e-01	4.973530123391386448e-01	4.973530123391386448e-01	4.973530123391386448e-01	4.973530123391386448e-01	4.973530123391386448e-01	4.973530123391386448e-01	4.973530123391386448e-01	4.973530123391386448e-01	4.973530123391386448e-01	4.887348683901849844e-01	4.973530123391386448e-01	5.132273503897120115e-01	4.973530123391386448e-01	4.973530123391386448e-01	4.991175318300060115e-01	4.973530123391386448e-01	4.973530123391386448e-01	4.973530123391386448e-01	4.973530123391386448e-01	4.973530123391386448e-01	4.973530123391386448e-01	4.973530123391386448e-01	4.973530123391386448e-01	4.973530123391386448e-01	6.244950026231560480e-01	4.284930062508550130e-01	5.558492986555310100e-01	4.973530123391386448e-01	4.973530123391386448e-01	4.973530123391386448e-01	5.155893523743789730e-01	4.973530123391386448e-01	4.973530123391386448e-01	5.358340787570500252e-01	4.250119144970910257e-01	5.712598558429800022e-01	4.835087385664549875e-01	4.973530123391386448e-01	4.973530123391386448e-01	4.973530123391386448e-01	4.973530123391386448e-01	4.973530123391386448e-01	4.825904730038890200e-01	4.659310734968459822e-01	4.973530123391386448e-01	4.973530123391386448e-01	4.973530123391386448e-01	4.973530123391386448e-01	4.973530123391386448e-01	4.973530123391386448e-01	4.973530123391386448e-01	4.973530123391386448e-01	4.973530123391386448e-01	4.973530123391386448e-01	4.052115063873110157e-01	3.553790307538789994e-01	4.973530123391386448e-01	4.973530123391386448e-01	4.973530123391386448e-01	4.973530123391386448e-01	4.973530123391386448e-01	4.973530123391386448e-01	4.973530123391386448e-01	5.336138366938909527e-01	4.973530123391386448e-01	5.520977396242330304e-01	4.973530123391386448e-01	4.973530123391386448e-01	4.973530123391386448e-01	4.973530123391386448e-01	4.973530123391386448e-01	4.973530123391386448e-01	4.973530123391386448e-01	4.973530123391386448e-01	4.973530123391386448e-01	4.973530123391386448e-01	4.973530123391386448e-01	4.811579545308299899e-01	4.973530123391386448e-01	4.973530123391386448e-01	4.973530123391386448e-01	4.973530123391386448e-01	5.315058672251959937e-01	3.753883186845560216e-01	3.764678649954780187e-01	4.973530123391386448e-01	5.613625982027400374e-01	5.726773323089749956e-01	4.973530123391386448e-01	4.964862219334980065e-01	4.973530123391386448e-01	4.973530123391386448e-01	4.973530123391386448e-01	4.973530123391386448e-01	3.767744057556869919e-01	3.544461947994019813e-01	4.973530123391386448e-01	5.773515217238940345e-01	4.879181404138990263e-01	4.973530123391386448e-01	4.234172660179699732e-01	4.973530123391386448e-01	5.351119334984449916e-01	4.973530123391386448e-01	4.973530123391386448e-01	4.973530123391386448e-01	4.973530123391386448e-01	6.210790215332100406e-01	4.973530123391386448e-01	6.304952239977209549e-01	4.973530123391386448e-01	4.973530123391386448e-01	4.973530123391386448e-01	4.973530123391386448e-01	4.973530123391386448e-01
4.973530123391386448e-01	5.128659589980260058e-01	4.973530123391386448e-01	4.973530123391386448e-01	4.973530123391386448e-01	5.223153104889539655e-01	4.973530123391386448e-01	9.999999999999209521e-01	4.973530123391386448e-01	5.137743151219740234e-01	4.973530123391386448e-01	4.973530123391386448e-01	4.973530123391386448e-01	4.973530123391386448e-01	1.000000000000000021e-03	5.088318808658840453e-01	4.973530123391386448e-01	5.133936208171500093e-01	4.973530123391386448e-01	4.973530123391386448e-01	4.950270183602170082e-01	3.343863870360039847e-01	5.980554820015220319e-01	4.973530123391386448e-01	4.973530123391386448e-01	4.973530123391386448e-01	4.847877009786250024e-01	4.973530123391386448e-01	4.973530123391386448e-01	4.336161368285469941e-01	4.973530123391386448e-01	4.973530123391386448e-01	4.973530123391386448e-01	4.973530123391386448e-01	4.973530123391386448e-01	5.062532402016950428e-01	4.401846822560859795e-01	4.973530123391386448e-01	4.973530123391386448e-01	4.973530123391386448e-01	3.712308326145249970e-01	4.973530123391386448e-01	5.371027109897099638e-01	4.973530123391386448e-01	4.973530123391386448e-01	4.601835147649340207e-01	3.612832808819639863e-01	4.215424292361599767e-01	4.973530123391386448e-01	4.973530123391386448e-01	5.753104084713680511e-01	4.973530123391386448e-01	4.973530123391386448e-01	4.973530123391386448e-01	4.084627424258360229e-01	4.973530123391386448e-01	2.963501288876549955e-01	4.973530123391386448e-01	4.973530123391386448e-01	2.969464148995760167e-01	4.642072147168950225e-01	4.197810905862259800e-01	5.935932354374090503e-01	4.973530123391386448e-01	4.973530123391386448e-01	4.973530123391386448e-01	4.973530123391386448e-01	4.973530123391386448e-01	4.973530123391386448e-01	4.973530123391386448e-01	4.973530123391386448e-01	4.973530123391386448e-01	4.973530123391386448e-01	4.973530123391386448e-01	4.956698361324750057e-01	4.973530123391386448e-01	4.973530123391386448e-01	4.973530123391386448e-01	4.716940263300309910e-01	4.761597518824580155e-01	4.973530123391386448e-01	4.973530123391386448e-01	4.973530123391386448e-01	4.973530123391386448e-01	3.606262385399450210e-01	4.973530123391386448e-01	4.973530123391386448e-01	5.217591078526719883e-01	5.633646825120149915e-01	4.297911624418729870e-01	4.973530123391386448e-01	4.798091933958820166e-01	4.973530123391386448e-01	4.973530123391386448e-01	4.973530123391386448e-01	5.258064506309489961e-01	4.973530123391386448e-01	3.073376443576130157e-01	4.973530123391386448e-01	4.973530123391386448e-01	4.973530123391386448e-01	4.973530123391386448e-01	4.973530123391386448e-01	4.973530123391386448e-01	4.973530123391386448e-01	4.973530123391386448e-01	4.929685498974399893e-01	4.973530123391386448e-01	4.973530123391386448e-01	4.973530123391386448e-01	4.973530123391386448e-01	5.150627381202019794e-01	4.973530123391386448e-01	4.973530123391386448e-01	5.220640003534740003e-01	4.973530123391386448e-01	4.973530123391386448e-01	5.648914281313619501e-01	4.973530123391386448e-01	4.973530123391386448e-01	5.672111577252949566e-01	4.973530123391386448e-01	4.973530123391386448e-01	5.378268760086150069e-01
4.973530123391386448e-01	4.973530123391386448e-01	4.973530123391386448e-01	4.973530123391386448e-01	4.973530123391386448e-01	6.042596165642869499e-01	4.973530123391386448e-01	4.973530123391386448e-01	1.000000000000270006e+00	4.973530123391386448e-01	4.886518334662440233e-01	4.973530123391386448e-01	4.973530123391386448e-01	4.956909260489180125e-01	4.973530123391386448e-01	4.973530123391386448e-01	4.973530123391386448e-01	4.973530123391386448e-01	4.645221083747220203e-01	4.743808763112289939e-01	4.973530123391386448e-01	3.266277996527959804e-01	5.465617292855290410e-01	4.973530123391386448e-01	4.973530123391386448e-01	4.973530123391386448e-01	4.973530123391386448e-01	5.969271386300259996e-01	4.973530123391386448e-01	4.973530123391386448e-01	4.973530123391386448e-01	4.973530123391386448e-01	5.850636309116440392e-01	5.786386809520950303e-01	4.532087493249959964e-01	5.215763098714120138e-01	4.973530123391386448e-01	5.160641098689709994e-01	4.973530123391386448e-01	4.973530123391386448e-01	4.973530123391386448e-01	4.973530123391386448e-01	4.973530123391386448e-01	4.973530123391386448e-01	4.973530123391386448e-01	4.973530123391386448e-01	4.973530123391386448e-01	4.973530123391386448e-01	4.973530123391386448e-01	4.973530123391386448e-01	6.164962765773139841e-01	4.973530123391386448e-01	4.973530123391386448e-01	4.973530123391386448e-01	4.973530123391386448e-01	6.014395045049719668e-01	4.973530123391386448e-01	4.973530123391386448e-01	4.973530123391386448e-01	4.973530123391386448e-01	4.425805055021400092e-01	4.973530123391386448e-01	5.872737660701520257e-01	4.351487291815859804e-01	4.973530123391386448e-01	4.973530123391386448e-01	4.973530123391386448e-01	4.973530123391386448e-01	4.973530123391386448e-01	4.063103268429730242e-01	4.973530123391386448e-01	4.973530123391386448e-01	5.065291431432920044e-01	4.973530123391386448e-01	4.973530123391386448e-01	4.973530123391386448e-01	5.956821230540250145e-01	4.973530123391386448e-01	4.973530123391386448e-01	5.111799577457509791e-01	4.973530123391386448e-01	3.884421157025489957e-01	4.973530123391386448e-01	5.807641567805279514e-01	4.373732700446750221e-01	4.973530123391386448e-01	4.795949855370659765e-01	4.973530123391386448e-01	4.973530123391386448e-01	4.511607295350920088e-01	4.973530123391386448e-01	5.455375024065509670e-01	4.973530123391386448e-01	4.973530123391386448e-01	4.973530123391386448e-01	4.973530123391386448e-01	5.516899783491200360e-01	4.973530123391386448e-01	4.585804710041320176e-01	4.973530123391386448e-01	4.973530123391386448e-01	4.973530123391386448e-01	3.754456831519210058e-01	4.973530123391386448e-01	4.066417400627330148e-01	4.973530123391386448e-01	4.973530123391386448e-01	5.777920017406330544e-01	4.973530123391386448e-01	4.973530123391386448e-01	5.238469216514010096e-01	4.973530123391386448e-01	4.973530123391386448e-01	4.881406829798020097e-01	4.973530123391386448e-01	5.895898314720640077e-01	4.973530123391386448e-01	4.973530123391386448e-01	6.055621069693349900e-01	4.973530123391386448e-01	5.735541403568390484e-01	4.973530123391386448e-01	5.842857797958550536e-01	5.472526637428359875e-01
5.379343573391529576e-01	4.973530123391386448e-01	4.945607041019660088e-01	4.973530123391386448e-01	4.973530123391386448e-01	4.973530123391386448e-01	4.973530123391386448e-01	5.137743151219740234e-01	4.973530123391386448e-01	1.000000000000140110e+00	4.973530123391386448e-01	5.205911458056420305e-01	4.973530123391386448e-01	4.240739390852670265e-01	4.973530123391386448e-01	4.879583871502369830e-01	4.973530123391386448e-01	4.973530123391386448e-01	4.973530123391386448e-01	4.973530123391386448e-01	4.362934041744159774e-01	4.973530123391386448e-01	4.973530123391386448e-01	4.973530123391386448e-01	4.973530123391386448e-01	4.973530123391386448e-01	4.973530123391386448e-01	4.973530123391386448e-01	4.973530123391386448e-01	4.973530123391386448e-01	5.044827783965110113e-01	4.973530123391386448e-01	4.973530123391386448e-01	5.102057276974469868e-01	4.973530123391386448e-01	4.973530123391386448e-01	4.973530123391386448e-01	4.973530123391386448e-01	3.740878821084739903e-01	4.973530123391386448e-01	3.209166677122790023e-01	4.973530123391386448e-01	4.973530123391386448e-01	3.895439817201780119e-01	4.869961742677210159e-01	4.973530123391386448e-01	4.973530123391386448e-01	4.973530123391386448e-01	5.190186463369940162e-01	4.973530123391386448e-01	5.167208330604899924e-01	4.973530123391386448e-01	5.036762814144010170e-01	4.973530123391386448e-01	4.973530123391386448e-01	4.973530123391386448e-01	4.973530123391386448e-01	4.973530123391386448e-01	4.208132699176549973e-01	4.973530123391386448e-01	4.973530123391386448e-01	4.973530123391386448e-01	4.973530123391386448e-01	4.973530123391386448e-01	4.973530123391386448e-01	4.973530123391386448e-01	4.973530123391386448e-01	4.973530123391386448e-01	4.973530123391386448e-01	4.973530123391386448e-01	4.973530123391386448e-01	3.531289136482049784e-01	4.973530123391386448e-01	5.252199717115659805e-01	4.718836323961819734e-01	4.110717777725549915e-01	4.973530123391386448e-01	4.973530123391386448e-01	4.973530123391386448e-01	4.697939506873000104e-01	4.973530123391386448e-01	4.973530123391386448e-01	4.973530123391386448e-01	3.926545796209989780e-01	4.973530123391386448e-01	3.169549249110539813e-01	4.973530123391386448e-01	4.973530123391386448e-01	4.973530123391386448e-01	5.301093046957340293e-01	4.973530123391386448e-01	4.973530123391386448e-01	4.973530123391386448e-01	3.842093501047709747e-01	4.973530123391386448e-01	4.368673992339450196e-01	4.973530123391386448e-01	4.973530123391386448e-01	4.604929329065809984e-01	5.516212929313130120e-01	5.394740833871699559e-01	4.973530123391386448e-01	4.973530123391386448e-01	4.973530123391386448e-01	3.268742902330850075e-01	4.973530123391386448e-01	5.526635223626790161e-01	4.973530123391386448e-01	4.973530123391386448e-01	4.074980613587370071e-01	5.671304982395060090e-01	4.973530123391386448e-01	4.973530123391386448e-01	4.973530123391386448e-01	4.947301772809640230e-01	4.973530123391386448e-01	4.973530123391386448e-01	4.973530123391386448e-01	4.973530123391386448e-01	4.973530123391386448e-01	4.973530123391386448e-01	4.973530123391386448e-01	4.973530123391386448e-01	4.973530123391386448e-01
4.973530123391386448e-01	5.547119743603009523e-01	5.170696485772280360e-01	4.973530123391386448e-01	4.973530123391386448e-01	4.973530123391386448e-01	4.973530123391386448e-01	4.973530123391386448e-01	4.886518334662440233e-01	4.973530123391386448e-01	9.999999999999820144e-01	4.973530123391386448e-01	5.106641236286260099e-01	4.973530123391386448e-01	1.000000000000000021e-03	5.243082355266760475e-01	4.973530123391386448e-01	4.600744895180799987e-01	4.973530123391386448e-01	4.973530123391386448e-01	4.207727342129810033e-01	4.973530123391386448e-01	4.973530123391386448e-01	4.973530123391386448e-01	4.973530123391386448e-01	4.973530123391386448e-01	4.973530123391386448e-01	5.742706163843469547e-01	4.022795187117029769e-01	4.973530123391386448e-01	4.973530123391386448e-01	4.973530123391386448e-01	4.605076159041279760e-01	4.973530123391386448e-01	4.973530123391386448e-01	4.973530123391386448e-01	4.973530123391386448e-01	4.973530123391386448e-01	3.643228302386820050e-01	5.295017209916019763e-01	4.973530123391386448e-01	5.337765631204770544e-01	4.591871773760130004e-01	4.973530123391386448e-01	4.974319120412870054e-01	4.973530123391386448e-01	3.692262936791509964e-01	3.881342276445909900e-01	5.517855789447949633e-01	4.973530123391386448e-01	4.973530123391386448e-01	4.973530123391386448e-01	4.921509737234119886e-01	3.360794293169980240e-01	4.973530123391386448e-01	4.973530123391386448e-01	4.973530123391386448e-01	4.973530123391386448e-01	4.049298817277809936e-01	3.576477943575530061e-01	4.973530123391386448e-01	4.973530123391386448e-01	4.973530123391386448e-01	4.973530123391386448e-01	4.973530123391386448e-01	4.973530123391386448e-01	4.973530123391386448e-01	4.973530123391386448e-01	4.500282878528309993e-01	4.973530123391386448e-01	4.973530123391386448e-01	4.973530123391386448e-01	4.973530123391386448e-01	4.973530123391386448e-01	4.912530190771480232e-01	4.973530123391386448e-01	4.973530123391386448e-01	4.973530123391386448e-01	4.596349313706259987e-01	4.973530123391386448e-01	4.973530123391386448e-01	4.973530123391386448e-01	4.973530123391386448e-01	4.973530123391386448e-01	4.973530123391386448e-01	4.973530123391386448e-01	4.973530123391386448e-01	4.973530123391386448e-01	4.973530123391386448e-01	4.973530123391386448e-01	4.973530123391386448e-01	4.385578449231680165e-01	3.253079551618350274e-01	4.973530123391386448e-01	4.973530123391386448e-01	4.973530123391386448e-01	5.462810232605800342e-01	4.973530123391386448e-01	4.973530123391386448e-01	4.973530123391386448e-01	4.973530123391386448e-01	3.279189274818130051e-01	4.973530123391386448e-01	4.521266587109620261e-01	4.973530123391386448e-01	4.973530123391386448e-01	5.491350813544300102e-01	4.973530123391386448e-01	4.973530123391386448e-01	4.973530123391386448e-01	4.973530123391386448e-01	4.973530123391386448e-01	4.973530123391386448e-01	4.973530123391386448e-01	4.973530123391386448e-01	4.973530123391386448e-01	5.688328415676819905e-01	4.973530123391386448e-01	4.973530123391386448e-01	4.973530123391386448e-01	4.973530123391386448e-01	4.973530123391386448e-01	4.973530123391386448e-01	4.973530123391386448e-01
4.973530123391386448e-01	4.973530123391386448e-01	4.973530123391386448e-01	4.973530123391386448e-01	4.973530123391386448e-01	4.973530123391386448e-01	4.973530123391386448e-01	4.973530123391386448e-01	4.973530123391386448e-01	5.205911458056420305e-01	4.973530123391386448e-01	1.000000000000089928e+00	4.973530123391386448e-01	4.973530123391386448e-01	1.000000000000000021e-03	4.973530123391386448e-01	4.973530123391386448e-01	4.973530123391386448e-01	4.973530123391386448e-01	5.564930364263569462e-01	4.973530123391386448e-01	4.973530123391386448e-01	5.402995678716350225e-01	4.973530123391386448e-01	4.973530123391386448e-01	4.973530123391386448e-01	4.973530123391386448e-01	4.973530123391386448e-01	4.973530123391386448e-01	3.059328906798789993e-01	4.973530123391386448e-01	4.208622302845480001e-01	3.993513762591759941e-01	4.973530123391386448e-01	3.382167724614689730e-01	4.973530123391386448e-01	3.829569074075460100e-01	4.973530123391386448e-01	4.973530123391386448e-01	5.165601722361039538e-01	4.973530123391386448e-01	4.840322128637800092e-01	3.796629162799889934e-01	4.973530123391386448e-01	4.973530123391386448e-01	4.973530123391386448e-01	3.341107220705760161e-01	4.973530123391386448e-01	4.973530123391386448e-01	4.973530123391386448e-01	4.841707105139609890e-01	4.973530123391386448e-01	4.973530123391386448e-01	4.973530123391386448e-01	3.961172417416479741e-01	4.973530123391386448e-01	4.973530123391386448e-01	4.973530123391386448e-01	3.712748259359660019e-01	3.522363633947209749e-01	4.973530123391386448e-01	4.973530123391386448e-01	4.973530123391386448e-01	4.973530123391386448e-01	4.973530123391386448e-01	4.973530123391386448e-01	4.973530123391386448e-01	4.973530123391386448e-01	4.973530123391386448e-01	4.973530123391386448e-01	4.973530123391386448e-01	4.973530123391386448e-01	4.597487492485070049e-01	4.973530123391386448e-01	4.973530123391386448e-01	4.973530123391386448e-01	4.973530123391386448e-01	4.973530123391386448e-01	4.973530123391386448e-01	4.973530123391386448e-01	4.973530123391386448e-01	3.799739686472309863e-01	3.214316661451310231e-01	4.973530123391386448e-01	4.973530123391386448e-01	4.973530123391386448e-01	4.177812849764779846e-01	5.133672264572870514e-01	4.973530123391386448e-01	4.973530123391386448e-01	4.973530123391386448e-01	4.973530123391386448e-01	4.973530123391386448e-01	4.973530123391386448e-01	3.916396068035750133e-01	4.973530123391386448e-01	4.973530123391386448e-01	4.973530123391386448e-01	4.349015891344409912e-01	4.973530123391386448e-01	4.973530123391386448e-01	2.935903096464430040e-01	3.157423552922030141e-01	4.973530123391386448e-01	4.973530123391386448e-01	3.707634087650710231e-01	4.973530123391386448e-01	4.973530123391386448e-01	4.973530123391386448e-01	3.472503571469520156e-01	4.973530123391386448e-01	4.973530123391386448e-01	3.892099141960659869e-01	4.973530123391386448e-01	4.973530123391386448e-01	4.973530123391386448e-01	4.973530123391386448e-01	4.973530123391386448e-01	4.973530123391386448e-01	4.973530123391386448e-01	6.274216912984019734e-01	4.973530123391386448e-01	5.583520447667890130e-01	5.948784813966829788e-01
