1.000000000000000000e+00	6.643605897172359942e-01	3.944357094509163830e-01	6.048456605862500002e-01	3.944357094509163830e-01	3.944357094509163830e-01	5.057393252035979891e-01	3.944357094509163830e-01	3.342008488036620206e-01	3.619680741360890019e-01	6.032975224382870483e-01	3.944357094509163830e-01	6.473559338504519811e-01	3.944357094509163830e-01	4.510668796258510138e-01	7.267922101633700338e-01	3.944357094509163830e-01	6.017209112605680366e-01	6.801402798078030054e-01	3.944357094509163830e-01	3.944357094509163830e-01	3.944357094509163830e-01	3.944357094509163830e-01	3.944357094509163830e-01	4.873338260543039757e-01	5.215599804397339501e-01	7.155761600875619466e-02	2.469898658061679964e-01	6.056286129959369546e-01	3.944357094509163830e-01	5.339752642825470463e-01	3.944357094509163830e-01	7.019186419747880379e-01	2.889108266924019786e-01	6.685696156873960350e-01	5.334324482684470459e-01	5.741367884187830173e-01	6.262132104145510247e-01	3.944357094509163830e-01	5.990248071115830131e-01	3.944357094509163830e-01	3.944357094509163830e-01	3.944357094509163830e-01	3.944357094509163830e-01	3.803665032237170118e-01	3.944357094509163830e-01	3.944357094509163830e-01	5.356100072818630320e-01	3.944357094509163830e-01	3.944357094509163830e-01	5.240746886757650103e-01	5.544648297556189487e-01	3.944357094509163830e-01	3.944357094509163830e-01	1.334112982412510029e-01	6.326554070171199751e-01	3.944357094509163830e-01	6.605757352756860268e-01	6.714713701484620323e-01	5.491068383182859947e-01	3.944357094509163830e-01	3.310520863463040087e-01	3.944357094509163830e-01	3.944357094509163830e-01	3.944357094509163830e-01	3.241434055253390040e-02	3.944357094509163830e-01	3.944357094509163830e-01	3.944357094509163830e-01	3.944357094509163830e-01	3.944357094509163830e-01	1.867513992084360031e-01	6.700068396132830006e-01	3.944357094509163830e-01	5.498624735247600315e-01	5.823574936563939985e-01	3.944357094509163830e-01	3.944357094509163830e-01	3.944357094509163830e-01	6.034094062551970117e-01	4.557371592680349859e-01	3.944357094509163830e-01	3.944357094509163830e-01	3.944357094509163830e-01	3.944357094509163830e-01	3.944357094509163830e-01	3.944357094509163830e-01	3.944357094509163830e-01	3.944357094509163830e-01	8.183096169243550544e-03	5.968999202852199870e-01	6.319131505668910131e-01	5.697696739736130001e-01	3.944357094509163830e-01	2.498133133540060002e-01	3.944357094509163830e-01	5.609650571915789641e-01	3.944357094509163830e-01	4.143625103891659771e-04	6.256389567866400547e-01	3.944357094509163830e-01	3.944357094509163830e-01	5.384608793143690342e-01	3.944357094509163830e-01	3.944357094509163830e-01	3.944357094509163830e-01	6.135857124684900299e-01	5.727728796662759914e-01	7.042602379812900049e-01	5.837818192487580493e-01	3.944357094509163830e-01	3.944357094509163830e-01	5.531385282390699487e-01	3.944357094509163830e-01	3.944357094509163830e-01	3.944357094509163830e-01	3.944357094509163830e-01	3.944357094509163830e-01	3.944357094509163830e-01	3.944357094509163830e-01	6.343446232613819680e-01	3.944357094509163830e-01	3.944357094509163830e-01	3.944357094509163830e-01
6.643605897172359942e-01	1.000000000000000000e+00	5.907660574717139568e-01	3.944357094509163830e-01	3.944357094509163830e-01	3.944357094509163830e-01	4.953441670989079948e-01	3.944357094509163830e-01	3.301248752797409924e-01	3.552910749506000276e-01	3.944357094509163830e-01	5.961038597997200261e-01	3.944357094509163830e-01	3.944357094509163830e-01	4.427135915553970236e-01	7.031595794967390178e-01	6.560615448173340303e-01	3.944357094509163830e-01	6.647180232023269797e-01	5.201151864034689876e-01	5.335464771537089534e-01	3.944357094509163830e-01	5.332021610346570073e-01	3.944357094509163830e-01	3.944357094509163830e-01	5.081151393409210071e-01	7.069466309084940225e-02	3.944357094509163830e-01	3.944357094509163830e-01	3.944357094509163830e-01	5.207926929574330233e-01	6.733219758525369469e-01	3.944357094509163830e-01	3.944357094509163830e-01	3.944357094509163830e-01	3.944357094509163830e-01	3.944357094509163830e-01	3.944357094509163830e-01	3.944357094509163830e-01	5.863685783280030428e-01	6.472829675517639547e-01	3.944357094509163830e-01	5.467368940947030520e-01	3.944357094509163830e-01	3.759784642986410130e-01	3.944357094509163830e-01	3.765619918578960168e-01	5.276562784841070108e-01	3.944357094509163830e-01	5.690376931884459921e-01	5.115564927111569959e-01	5.464317483834130185e-01	3.944357094509163830e-01	3.944357094509163830e-01	3.944357094509163830e-01	3.944357094509163830e-01	3.944357094509163830e-01	6.453088767151310412e-01	3.944357094509163830e-01	5.351436626648949924e-01	3.944357094509163830e-01	3.230885297705500259e-01	3.944357094509163830e-01	3.944357094509163830e-01	3.504597223241689985e-01	3.944357094509163830e-01	5.832058640623210000e-01	1.353996388558650031e-02	3.944357094509163830e-01	8.269736994876940306e-02	6.452668558830939594e-01	1.804798863358169914e-01	6.522079743083359915e-01	3.944357094509163830e-01	3.944357094509163830e-01	3.944357094509163830e-01	3.944357094509163830e-01	6.046927788044109686e-01	3.944357094509163830e-01	5.929916837880280234e-01	3.944357094509163830e-01	3.944357094509163830e-01	3.944357094509163830e-01	1.210579468840869977e-01	5.502090508515620204e-01	1.281650654603979922e-01	3.944357094509163830e-01	5.630164023741960344e-01	3.944357094509163830e-01	3.944357094509163830e-01	5.832816166008939485e-01	6.230980988583819657e-01	3.944357094509163830e-01	5.318383707751289657e-01	2.449221602673730125e-01	3.944357094509163830e-01	5.484293205564539919e-01	3.944357094509163830e-01	3.944357094509163830e-01	3.944357094509163830e-01	2.866009856295870240e-01	3.944357094509163830e-01	5.282367082802960079e-01	3.944357094509163830e-01	3.944357094509163830e-01	6.037680266695519826e-01	3.944357094509163830e-01	5.628924581361820501e-01	3.944357094509163830e-01	3.944357094509163830e-01	3.944357094509163830e-01	4.609227516602499852e-01	3.944357094509163830e-01	6.706134805885359818e-01	6.472707023390179559e-01	3.944357094509163830e-01	6.439095636697359515e-01	6.421902026550869724e-01	3.944357094509163830e-01	5.787284268414349953e-01	6.123129328997379828e-01	3.944357094509163830e-01	5.346470402857640414e-01	3.944357094509163830e-01
3.944357094509163830e-01	5.907660574717139568e-01	1.000000000000000000e+00	3.944357094509163830e-01	2.447920214073329992e-01	3.944357094509163830e-01	3.944357094509163830e-01	3.944357094509163830e-01	3.049993530143370046e-01	3.944357094509163830e-01	5.392684973750380140e-01	5.482582283240530208e-01	3.944357094509163830e-01	4.865646877912179757e-01	3.944357094509163830e-01	6.410930848207599952e-01	5.994913000648349755e-01	5.345653606902970312e-01	6.087618639628590289e-01	4.819188372848000057e-01	3.944357094509163830e-01	3.944357094509163830e-01	3.944357094509163830e-01	3.944357094509163830e-01	4.365714814893240092e-01	4.618896385448190145e-01	3.944357094509163830e-01	2.239098702255170048e-01	3.944357094509163830e-01	3.944357094509163830e-01	4.776337585095259963e-01	6.144777604660669468e-01	3.944357094509163830e-01	2.597460154993819770e-01	3.944357094509163830e-01	3.944357094509163830e-01	5.137035721518129483e-01	5.588195299238359892e-01	3.223116951641209760e-02	3.944357094509163830e-01	5.912092300759069774e-01	3.944357094509163830e-01	3.944357094509163830e-01	3.944357094509163830e-01	3.440234940951609754e-01	3.944357094509163830e-01	3.544447508331359797e-01	3.944357094509163830e-01	3.944357094509163830e-01	5.185877654523870506e-01	3.944357094509163830e-01	4.947066453837459798e-01	3.944357094509163830e-01	3.944357094509163830e-01	3.944357094509163830e-01	5.705494299397150249e-01	5.101750957255229979e-01	5.890429224764119898e-01	6.020829338430340183e-01	4.905098017533410237e-01	5.336605096616729993e-01	3.005037789438629869e-01	4.992349123451900184e-01	3.944357094509163830e-01	3.204091133452259821e-01	2.983223039821019870e-02	3.944357094509163830e-01	3.944357094509163830e-01	3.944357094509163830e-01	3.944357094509163830e-01	5.858676458826079791e-01	3.944357094509163830e-01	5.963708098159550275e-01	5.734163839891069925e-01	4.920133040812220138e-01	3.944357094509163830e-01	4.980170007037040270e-01	3.944357094509163830e-01	3.944357094509163830e-01	3.944357094509163830e-01	3.944357094509163830e-01	1.315362755340739875e-01	3.012371016981469918e-01	3.944357094509163830e-01	5.053980967515999678e-01	3.944357094509163830e-01	3.944357094509163830e-01	5.102980009153460506e-01	1.000000000000000082e-05	3.944357094509163830e-01	5.312997493758599976e-01	3.944357094509163830e-01	3.944357094509163830e-01	4.872985856163740137e-01	3.944357094509163830e-01	3.944357094509163830e-01	5.031086601689349624e-01	5.015960724115949843e-01	3.841020138329210177e-04	3.944357094509163830e-01	3.944357094509163830e-01	4.958007802633049854e-01	3.944357094509163830e-01	3.944357094509163830e-01	3.944357094509163830e-01	5.514482359814010248e-01	5.484670143301599854e-01	3.944357094509163830e-01	6.265981591782140425e-01	5.163611451561690435e-01	3.944357094509163830e-01	4.176499054660839927e-01	3.944357094509163830e-01	3.944357094509163830e-01	3.944357094509163830e-01	5.843204042632630379e-01	5.889980657520179630e-01	3.944357094509163830e-01	5.933468103484650369e-01	3.944357094509163830e-01	3.944357094509163830e-01	5.787557711916090364e-01	3.944357094509163830e-01	3.944357094509163830e-01
6.048456605862500002e-01	3.944357094509163830e-01	3.944357094509163830e-01	1.000000000000000000e+00	2.507731886764140161e-01	5.386298497648199790e-01	3.944357094509163830e-01	4.016395308064850123e-01	3.041585483142790203e-01	3.944357094509163830e-01	3.944357094509163830e-01	3.944357094509163830e-01	5.802971671128800413e-01	4.941211397350679935e-01	3.944357094509163830e-01	3.944357094509163830e-01	3.944357094509163830e-01	3.944357094509163830e-01	6.154096051081400232e-01	4.822917913158760173e-01	4.898355562159770193e-01	3.944357094509163830e-01	3.944357094509163830e-01	6.138119291763589613e-01	3.944357094509163830e-01	4.720226027604669805e-01	3.944357094509163830e-01	3.944357094509163830e-01	5.408393125509489696e-01	4.581679146336710140e-01	4.843828810855509981e-01	3.944357094509163830e-01	3.944357094509163830e-01	2.667630840232099732e-01	3.944357094509163830e-01	4.804716850261350203e-01	5.170618156469070081e-01	3.944357094509163830e-01	3.348417169115160130e-02	5.444770941783689810e-01	5.931217626045730551e-01	3.944357094509163830e-01	3.944357094509163830e-01	3.944357094509163830e-01	3.944357094509163830e-01	5.671388442647919970e-01	3.461996298896499735e-01	4.938285675944190101e-01	3.944357094509163830e-01	5.278262603704979572e-01	4.738174231099960276e-01	3.944357094509163830e-01	3.944357094509163830e-01	3.944357094509163830e-01	3.944357094509163830e-01	3.944357094509163830e-01	5.097790423396380000e-01	3.944357094509163830e-01	6.049235896349850483e-01	3.944357094509163830e-01	3.944357094509163830e-01	3.016685665008960182e-01	3.944357094509163830e-01	3.940780272124220218e-01	3.235594269266349743e-01	3.031497811283600033e-02	3.944357094509163830e-01	3.944357094509163830e-01	5.502727195606570421e-01	7.784966778389200426e-02	5.916243522099909891e-01	3.944357094509163830e-01	3.944357094509163830e-01	3.944357094509163830e-01	4.966666363370900172e-01	5.215466885755889459e-01	3.944357094509163830e-01	5.547383064853279588e-01	4.897558096326379840e-01	5.450885530663129863e-01	4.187414860421049823e-01	1.331367194629320128e-01	3.047501214398730118e-01	3.944357094509163830e-01	3.944357094509163830e-01	3.944357094509163830e-01	5.404377200614729482e-01	5.177477879852550036e-01	1.000000000000000082e-05	7.847362898518820198e-03	5.317494457895379778e-01	3.944357094509163830e-01	3.944357094509163830e-01	3.944357094509163830e-01	2.261735398041919975e-01	3.944357094509163830e-01	5.004230354782810419e-01	5.060074919461849952e-01	4.080215767672549978e-04	5.658101776597419530e-01	3.944357094509163830e-01	5.028757206269329760e-01	3.944357094509163830e-01	4.099955810431309966e-01	5.681811929207319922e-01	3.944357094509163830e-01	3.944357094509163830e-01	5.217191451683760306e-01	6.377488009663619950e-01	5.213530686635410305e-01	4.781563869172920089e-01	4.239043295641919951e-01	3.944357094509163830e-01	3.944357094509163830e-01	5.964797294309810427e-01	5.857661951460010341e-01	5.907284746584290369e-01	5.910993358230349770e-01	5.981531006387019733e-01	5.382314742768290472e-01	3.944357094509163830e-01	5.864253722147899639e-01	4.899404405198810042e-01	4.780123756624289899e-01
3.944357094509163830e-01	3.944357094509163830e-01	2.447920214073329992e-01	2.507731886764140161e-01	9.999999999999840128e-01	2.412736740331770102e-01	3.944357094509163830e-01	1.901022875138259904e-01	3.944357094509163830e-01	3.944357094509163830e-01	2.476883626698150043e-01	3.944357094509163830e-01	2.634361783213470254e-01	2.307389734255219926e-01	3.944357094509163830e-01	3.944357094509163830e-01	2.746974567967520042e-01	3.944357094509163830e-01	2.780309713505800251e-01	3.944357094509163830e-01	2.219060214629600125e-01	3.944357094509163830e-01	2.265597300532339875e-01	3.944357094509163830e-01	3.944357094509163830e-01	3.944357094509163830e-01	3.944357094509163830e-01	1.149510012631970030e-01	3.944357094509163830e-01	2.106999043028049967e-01	3.944357094509163830e-01	3.944357094509163830e-01	3.944357094509163830e-01	1.263371296537590116e-01	2.721975288944240012e-01	2.210410526322159896e-01	2.374698772323559914e-01	3.944357094509163830e-01	1.731193195994040063e-02	2.496665160151629870e-01	3.944357094509163830e-01	3.944357094509163830e-01	2.234314139779060016e-01	3.944357094509163830e-01	1.638275522815879903e-01	2.564923372677099800e-01	1.668858340829240117e-01	3.944357094509163830e-01	3.944357094509163830e-01	3.944357094509163830e-01	3.944357094509163830e-01	2.310420959327300072e-01	2.557396040316520236e-01	2.609845437678059987e-01	6.275001020804570062e-02	3.944357094509163830e-01	3.944357094509163830e-01	3.944357094509163830e-01	2.724927964355660093e-01	2.231091331634690034e-01	3.944357094509163830e-01	1.457234863025080041e-01	2.293402099182819953e-01	1.857837384886059928e-01	3.944357094509163830e-01	3.944357094509163830e-01	2.490558683598980139e-01	7.480762790290649937e-03	2.554516894743639743e-01	4.031903276338379832e-02	2.704795686667419985e-01	3.944357094509163830e-01	2.701942829397639967e-01	3.944357094509163830e-01	2.258951065641159883e-01	2.385565096737080060e-01	2.258554618772919964e-01	2.506303565198870209e-01	2.230235024970010083e-01	3.944357094509163830e-01	1.926862858071780038e-01	6.710506434788610086e-02	3.944357094509163830e-01	3.944357094509163830e-01	2.251046682929080112e-01	3.944357094509163830e-01	3.944357094509163830e-01	3.944357094509163830e-01	3.944357094509163830e-01	3.944357094509163830e-01	2.413044927223559899e-01	2.544788032248970211e-01	3.944357094509163830e-01	2.251252245942209906e-01	3.944357094509163830e-01	2.292030940912909986e-01	2.292308169013050068e-01	3.944357094509163830e-01	3.944357094509163830e-01	3.944357094509163830e-01	3.944357094509163830e-01	3.944357094509163830e-01	2.248011143467429918e-01	3.944357094509163830e-01	2.574140042441089848e-01	3.944357094509163830e-01	3.944357094509163830e-01	2.379500879790990009e-01	3.944357094509163830e-01	2.390536913507499972e-01	3.944357094509163830e-01	1.970393592104369984e-01	3.944357094509163830e-01	3.944357094509163830e-01	2.705394080827859815e-01	2.663950497984580168e-01	3.944357094509163830e-01	2.664011361511670062e-01	3.944357094509163830e-01	3.944357094509163830e-01	3.944357094509163830e-01	2.660907595926810254e-01	2.295278893661099884e-01	2.158680485168089913e-01
3.944357094509163830e-01	3.944357094509163830e-01	3.944357094509163830e-01	5.386298497648199790e-01	2.412736740331770102e-01	1.000000000000000000e+00	4.477105830121569929e-01	3.976237140312809948e-01	3.944357094509163830e-01	3.944357094509163830e-01	5.320272361309990039e-01	3.944357094509163830e-01	3.944357094509163830e-01	4.894228398422699744e-01	4.057994609789660201e-01	6.349883036790789914e-01	3.944357094509163830e-01	3.944357094509163830e-01	6.011026105351510163e-01	4.763125226050650141e-01	3.944357094509163830e-01	3.944357094509163830e-01	4.825953712068060120e-01	3.944357094509163830e-01	4.412528072069359930e-01	3.944357094509163830e-01	3.944357094509163830e-01	3.944357094509163830e-01	3.944357094509163830e-01	4.533543593560729890e-01	3.944357094509163830e-01	3.944357094509163830e-01	6.209540449149739683e-01	3.944357094509163830e-01	5.893946457714670517e-01	4.693121403221839905e-01	5.054740070019470011e-01	3.944357094509163830e-01	3.132750161852609905e-02	3.944357094509163830e-01	5.840162467234250032e-01	3.944357094509163830e-01	3.944357094509163830e-01	3.944357094509163830e-01	3.944357094509163830e-01	3.944357094509163830e-01	3.371322197901159834e-01	3.944357094509163830e-01	5.077239346414009757e-01	5.095648621483229723e-01	4.643822157354630109e-01	3.944357094509163830e-01	5.466097952897680523e-01	3.944357094509163830e-01	1.199867166368159960e-01	3.944357094509163830e-01	5.049272702997820161e-01	5.840643051794409679e-01	5.962016168279400397e-01	4.842061610704960217e-01	5.196777839245390052e-01	3.944357094509163830e-01	3.944357094509163830e-01	3.944357094509163830e-01	3.944357094509163830e-01	3.944357094509163830e-01	5.331346874046090090e-01	1.243710310825470004e-02	5.396155368750189529e-01	3.944357094509163830e-01	3.944357094509163830e-01	3.944357094509163830e-01	5.937364413156149823e-01	3.944357094509163830e-01	4.851953711389709878e-01	3.944357094509163830e-01	3.944357094509163830e-01	5.461636832296540289e-01	4.811305174590599920e-01	5.390986337683300045e-01	3.944357094509163830e-01	1.268294456283670102e-01	3.944357094509163830e-01	1.093116972829659972e-01	3.944357094509163830e-01	1.222218216491779974e-01	3.944357094509163830e-01	5.084940176272589873e-01	1.000000000000000082e-05	7.878510450880839636e-03	5.277912602205839798e-01	5.605434849199459890e-01	3.944357094509163830e-01	3.944357094509163830e-01	2.224919097112640076e-01	4.941057819670249818e-01	3.944357094509163830e-01	3.944357094509163830e-01	3.944357094509163830e-01	3.944357094509163830e-01	2.563489745597740121e-01	3.944357094509163830e-01	3.944357094509163830e-01	4.028507394190170010e-01	5.649221862505140468e-01	5.505686743923889903e-01	5.415218932618990344e-01	3.944357094509163830e-01	6.203692976581050011e-01	5.129056357139949451e-01	3.944357094509163830e-01	3.944357094509163830e-01	3.944357094509163830e-01	6.067691646605289923e-01	5.823317564569320259e-01	5.825736502906430081e-01	5.818508509699299447e-01	3.944357094509163830e-01	5.849415109851540118e-01	5.214391326199649956e-01	3.944357094509163830e-01	3.944357094509163830e-01	3.944357094509163830e-01	4.688410042758269780e-01
5.057393252035979891e-01	4.953441670989079948e-01	3.944357094509163830e-01	3.944357094509163830e-01	3.944357094509163830e-01	4.477105830121569929e-01	1.000000000000000000e+00	3.944357094509163830e-01	3.944357094509163830e-01	3.944357094509163830e-01	3.944357094509163830e-01	3.944357094509163830e-01	4.903861613210199755e-01	3.944357094509163830e-01	3.427744278116610088e-01	5.398823484657599980e-01	5.052515282109499850e-01	3.944357094509163830e-01	3.944357094509163830e-01	4.015331510254970260e-01	4.068951001176959736e-01	5.078367979432329982e-01	4.152265092124730050e-01	5.164636429682200047e-01	3.944357094509163830e-01	4.001856764871890015e-01	3.944357094509163830e-01	3.944357094509163830e-01	4.614661160802009943e-01	3.944357094509163830e-01	3.944357094509163830e-01	3.944357094509163830e-01	3.944357094509163830e-01	2.228952186168320082e-01	5.063513498157610204e-01	3.944357094509163830e-01	4.303469365413020165e-01	3.944357094509163830e-01	2.823600367117979834e-02	3.944357094509163830e-01	4.978231413790459858e-01	3.944357094509163830e-01	4.192110248707809905e-01	3.944357094509163830e-01	2.919010618815000013e-01	3.944357094509163830e-01	2.962921452243469922e-01	3.944357094509163830e-01	3.944357094509163830e-01	4.370542404053859853e-01	3.974826599194190013e-01	3.944357094509163830e-01	4.689810984990450127e-01	3.944357094509163830e-01	3.944357094509163830e-01	3.944357094509163830e-01	3.944357094509163830e-01	3.944357094509163830e-01	5.074736059288359469e-01	3.944357094509163830e-01	3.944357094509163830e-01	3.944357094509163830e-01	3.944357094509163830e-01	3.944357094509163830e-01	2.755383938785649911e-01	3.944357094509163830e-01	3.944357094509163830e-01	3.944357094509163830e-01	4.627245476781730038e-01	3.944357094509163830e-01	4.956998907978449886e-01	1.458889449874880007e-01	3.944357094509163830e-01	3.944357094509163830e-01	3.944357094509163830e-01	4.383115212529329896e-01	4.262832155326800043e-01	3.944357094509163830e-01	4.097538598318660186e-01	3.944357094509163830e-01	3.944357094509163830e-01	3.944357094509163830e-01	3.944357094509163830e-01	3.944357094509163830e-01	4.224734927209670143e-01	1.014089381267599954e-01	3.944357094509163830e-01	3.944357094509163830e-01	1.000000000000000082e-05	7.571031688040569599e-03	4.515673537546330274e-01	4.776511538691560199e-01	3.944357094509163830e-01	3.944357094509163830e-01	1.911558222121700068e-01	4.289443520608530180e-01	3.944357094509163830e-01	3.944357094509163830e-01	3.944357094509163830e-01	4.771766362262849781e-01	2.239299272283920006e-01	3.944357094509163830e-01	3.944357094509163830e-01	3.511211126825339868e-01	4.755301396341919951e-01	3.944357094509163830e-01	3.944357094509163830e-01	4.325646529668700224e-01	3.944357094509163830e-01	4.397848864378640088e-01	4.030973599153500064e-01	3.944357094509163830e-01	4.222579741783630269e-01	3.944357094509163830e-01	3.944357094509163830e-01	3.944357094509163830e-01	4.991739934176859794e-01	3.944357094509163830e-01	3.944357094509163830e-01	3.944357094509163830e-01	3.944357094509163830e-01	4.888745915453370228e-01	4.115448963839329899e-01	4.016825384042639890e-01
3.944357094509163830e-01	3.944357094509163830e-01	3.944357094509163830e-01	4.016395308064850123e-01	1.901022875138259904e-01	3.976237140312809948e-01	3.944357094509163830e-01	1.000000000000009992e+00	2.278254314737180042e-01	2.465338033383150107e-01	3.944357094509163830e-01	4.006755129762740175e-01	3.944357094509163830e-01	3.944357094509163830e-01	3.092740172915720009e-01	3.944357094509163830e-01	4.400299614491929856e-01	3.924198213810510261e-01	4.439398867971069973e-01	3.944357094509163830e-01	3.944357094509163830e-01	4.396419849410370118e-01	3.944357094509163830e-01	3.944357094509163830e-01	3.944357094509163830e-01	3.444647013641469746e-01	5.061543743410169827e-02	3.944357094509163830e-01	3.944357094509163830e-01	3.333549596334000054e-01	3.944357094509163830e-01	4.483657868749070241e-01	3.944357094509163830e-01	3.944357094509163830e-01	4.387052926985650081e-01	3.944357094509163830e-01	3.944357094509163830e-01	3.944357094509163830e-01	3.944357094509163830e-01	3.944357094509163830e-01	3.944357094509163830e-01	3.447604857095549757e-01	3.612070148185480001e-01	3.944357094509163830e-01	3.944357094509163830e-01	3.944357094509163830e-01	3.944357094509163830e-01	3.944357094509163830e-01	3.752283423628929859e-01	3.794091326235680128e-01	3.944357094509163830e-01	3.944357094509163830e-01	4.058209195759959753e-01	4.208859385986409851e-01	3.944357094509163830e-01	4.193813465977510035e-01	3.693428895800189848e-01	3.944357094509163830e-01	3.944357094509163830e-01	3.603579969829510121e-01	3.820801487746199876e-01	2.208426345602690077e-01	3.655535657419730078e-01	3.944357094509163830e-01	3.944357094509163830e-01	2.405185159693369948e-02	3.965702270693319820e-01	3.944357094509163830e-01	3.944357094509163830e-01	3.944357094509163830e-01	3.944357094509163830e-01	1.302913544355039921e-01	3.944357094509163830e-01	3.944357094509163830e-01	3.596364080332720148e-01	3.944357094509163830e-01	3.680462508195049831e-01	4.040000803048829914e-01	3.944357094509163830e-01	3.944357094509163830e-01	3.944357094509163830e-01	3.944357094509163830e-01	3.944357094509163830e-01	8.788703758989220571e-02	3.944357094509163830e-01	9.027354757285810383e-02	3.953803938672729723e-01	3.743929756640659856e-01	3.944357094509163830e-01	3.944357094509163830e-01	3.927893373429159896e-01	3.944357094509163830e-01	3.944357094509163830e-01	3.546101872105220099e-01	1.690058243372029867e-01	3.710337338872199964e-01	3.944357094509163830e-01	3.732432988505399729e-01	3.944357094509163830e-01	3.944357094509163830e-01	1.984805423720739925e-01	3.688669183334130075e-01	3.944357094509163830e-01	3.027023530378459837e-01	4.153173182589650070e-01	3.944357094509163830e-01	3.944357094509163830e-01	3.944357094509163830e-01	4.605029183660669934e-01	3.828976782639170184e-01	3.489004324298219939e-01	3.944357094509163830e-01	3.944357094509163830e-01	4.470463529277349801e-01	3.944357094509163830e-01	3.944357094509163830e-01	3.944357094509163830e-01	4.351891988691550250e-01	3.944357094509163830e-01	3.910578779878550182e-01	4.122763291057650048e-01	3.944357094509163830e-01	3.573591088720530218e-01	3.524574187715969753e-01
3.342008488036620206e-01	3.301248752797409924e-01	3.049993530143370046e-01	3.041585483142790203e-01	3.944357094509163830e-01	3.944357094509163830e-01	3.944357094509163830e-01	2.278254314737180042e-01	9.999999999999940048e-01	3.944357094509163830e-01	3.944357094509163830e-01	3.032362304499029992e-01	3.944357094509163830e-01	2.840947341116860092e-01	3.944357094509163830e-01	3.559573979638049890e-01	3.944357094509163830e-01	2.972839008324720256e-01	3.944357094509163830e-01	2.760618466246649860e-01	3.944357094509163830e-01	3.944357094509163830e-01	2.750884195736140181e-01	3.360789234810689918e-01	3.944357094509163830e-01	3.944357094509163830e-01	3.944357094509163830e-01	1.377599536120809876e-01	3.944357094509163830e-01	3.944357094509163830e-01	2.743279808087519811e-01	3.397151415843859823e-01	3.944357094509163830e-01	1.527512394117729877e-01	3.317075662061350072e-01	3.944357094509163830e-01	2.910331853634099963e-01	3.153605277497389947e-01	2.018972970928619923e-02	3.029557603218079875e-01	3.327528969249339830e-01	2.690996322931150098e-01	3.944357094509163830e-01	3.944357094509163830e-01	2.003841590567070063e-01	3.177874619333149742e-01	1.994782129604109888e-01	3.944357094509163830e-01	3.944357094509163830e-01	2.980041990906969751e-01	3.944357094509163830e-01	2.753936034844770009e-01	3.944357094509163830e-01	3.944357094509163830e-01	3.944357094509163830e-01	3.944357094509163830e-01	3.944357094509163830e-01	3.271760945571700052e-01	3.944357094509163830e-01	2.799840847253490250e-01	3.944357094509163830e-01	3.944357094509163830e-01	3.944357094509163830e-01	2.238381249943600104e-01	1.877344382686330082e-01	3.944357094509163830e-01	2.976252314321329862e-01	9.039214145360720265e-03	3.944357094509163830e-01	4.807317758123959978e-02	3.281705155943719920e-01	3.944357094509163830e-01	3.944357094509163830e-01	3.944357094509163830e-01	2.748979220271760004e-01	3.944357094509163830e-01	2.778030511821960036e-01	3.158173357141330073e-01	3.944357094509163830e-01	3.009176423460330208e-01	2.345517406753500067e-01	3.944357094509163830e-01	3.944357094509163830e-01	3.944357094509163830e-01	2.816621236083020063e-01	7.266432225150669388e-02	2.981919810536939885e-01	3.944357094509163830e-01	1.000000000000000082e-05	3.944357094509163830e-01	3.944357094509163830e-01	3.944357094509163830e-01	2.861249794848300110e-01	2.721029803388200219e-01	3.944357094509163830e-01	3.944357094509163830e-01	2.806484533248739810e-01	2.825738943229400002e-01	3.944357094509163830e-01	3.944357094509163830e-01	3.944357094509163830e-01	2.751467005909389862e-01	2.728051043856309921e-01	2.341842784421259982e-01	3.150514181938580127e-01	3.944357094509163830e-01	3.944357094509163830e-01	3.944357094509163830e-01	3.506468515165500066e-01	3.944357094509163830e-01	3.944357094509163830e-01	3.944357094509163830e-01	2.754268964506910167e-01	3.944357094509163830e-01	3.276155473296620269e-01	3.944357094509163830e-01	3.944357094509163830e-01	3.252842391065989824e-01	3.944357094509163830e-01	3.944357094509163830e-01	3.944357094509163830e-01	3.944357094509163830e-01	3.944357094509163830e-01	3.944357094509163830e-01
3.619680741360890019e-01	3.552910749506000276e-01	3.944357094509163830e-01	3.944357094509163830e-01	3.944357094509163830e-01	3.944357094509163830e-01	3.944357094509163830e-01	2.465338033383150107e-01	3.944357094509163830e-01	9.999999999999970024e-01	3.944357094509163830e-01	3.284483749003799802e-01	3.484819600351050095e-01	2.990655171628450182e-01	2.547540969856920134e-01	3.944357094509163830e-01	3.627904299086699980e-01	3.944357094509163830e-01	3.678170494714799732e-01	2.896930398973799892e-01	2.939399418192660263e-01	3.588684930783910265e-01	2.961956650201880148e-01	3.678628050287849893e-01	2.659348408216439807e-01	2.863705073577180182e-01	4.451954625533319915e-02	1.457576892891679909e-01	3.285555220076969984e-01	2.779398163496870078e-01	2.897446084729130011e-01	3.944357094509163830e-01	3.944357094509163830e-01	1.650564069568040138e-01	3.944357094509163830e-01	3.944357094509163830e-01	3.944357094509163830e-01	3.944357094509163830e-01	2.213864311337130145e-02	3.944357094509163830e-01	3.592374128101589736e-01	2.840212249081069951e-01	3.944357094509163830e-01	3.944357094509163830e-01	2.110098514947360004e-01	3.944357094509163830e-01	3.944357094509163830e-01	3.944357094509163830e-01	3.087428121305569872e-01	3.944357094509163830e-01	3.944357094509163830e-01	3.040638141459359733e-01	3.944357094509163830e-01	3.439002587741989969e-01	7.739693177808190661e-02	3.400164905879399790e-01	3.075393461305689913e-01	3.536873917518469912e-01	3.944357094509163830e-01	3.944357094509163830e-01	3.944357094509163830e-01	1.905589641920300004e-01	3.944357094509163830e-01	3.944357094509163830e-01	1.969400279702110124e-01	2.069528608448599830e-02	3.944357094509163830e-01	3.944357094509163830e-01	3.288756216447660252e-01	3.944357094509163830e-01	3.944357094509163830e-01	3.944357094509163830e-01	3.627565999080630266e-01	3.944357094509163830e-01	3.944357094509163830e-01	3.944357094509163830e-01	3.944357094509163830e-01	3.349549980172250030e-01	3.944357094509163830e-01	3.242263725268429986e-01	2.537868353665390098e-01	3.944357094509163830e-01	3.944357094509163830e-01	7.271788739417940628e-02	3.015978349881239806e-01	3.944357094509163830e-01	3.944357094509163830e-01	3.944357094509163830e-01	1.000000000000000082e-05	3.944357094509163830e-01	3.244430313573199998e-01	3.944357094509163830e-01	3.179368035648990065e-01	3.944357094509163830e-01	3.944357094509163830e-01	3.944357094509163830e-01	3.006599655589959896e-01	3.065127778913239731e-01	3.223832138999769745e-04	3.375026073954019989e-01	1.651781299549459903e-01	2.978803528853249949e-01	2.950531828350569929e-01	2.498101426101740075e-01	3.454078465250070007e-01	3.318869756155289896e-01	3.324268004701920187e-01	3.144588358800590178e-01	3.944357094509163830e-01	3.944357094509163830e-01	2.870098933728220114e-01	2.530978235857370140e-01	3.010489539275360005e-01	3.665151357143799915e-01	3.570120555386619987e-01	3.551514872405099887e-01	3.944357094509163830e-01	3.944357094509163830e-01	3.585144138218659959e-01	3.944357094509163830e-01	3.944357094509163830e-01	3.502223063784660195e-01	3.944357094509163830e-01	2.903131427908490214e-01
6.032975224382870483e-01	3.944357094509163830e-01	5.392684973750380140e-01	3.944357094509163830e-01	2.476883626698150043e-01	5.320272361309990039e-01	3.944357094509163830e-01	3.944357094509163830e-01	3.944357094509163830e-01	3.944357094509163830e-01	1.000000000000000000e+00	3.944357094509163830e-01	5.788897998690829549e-01	4.941063839132660007e-01	4.082233250480479803e-01	6.445732910375170377e-01	3.944357094509163830e-01	5.374768508459270011e-01	6.097501428974080318e-01	3.944357094509163830e-01	3.944357094509163830e-01	3.944357094509163830e-01	4.885659901324410082e-01	3.944357094509163830e-01	4.352991601401359767e-01	4.699048036455930055e-01	3.944357094509163830e-01	2.259322229401790061e-01	5.360097204140059635e-01	4.495090352418399937e-01	4.763623396310729952e-01	3.944357094509163830e-01	6.293461540444319491e-01	2.626490426735270112e-01	5.977405800127000290e-01	4.742325934919630059e-01	5.171235627398510504e-01	3.944357094509163830e-01	3.944357094509163830e-01	5.399932689371129690e-01	3.944357094509163830e-01	4.626619798711040232e-01	4.911681225004699836e-01	1.128315124128559943e-01	3.435828305506509750e-01	5.718652659397189808e-01	3.460901137098519875e-01	4.786350767416669982e-01	5.126068994109399535e-01	3.944357094509163830e-01	4.715832334840729945e-01	4.966881001245190275e-01	5.543971176078990037e-01	5.718928973347290334e-01	1.191814200702149967e-01	5.678441497362329837e-01	3.944357094509163830e-01	5.857742550467609499e-01	3.944357094509163830e-01	3.944357094509163830e-01	5.215043157752650149e-01	2.977868630977730247e-01	3.944357094509163830e-01	3.942246278879300014e-01	3.944357094509163830e-01	2.950445909228140151e-02	5.359622529275129832e-01	1.242626584720720080e-02	5.448371853739020221e-01	7.662783620931179485e-02	3.944357094509163830e-01	3.944357094509163830e-01	5.941376551080830293e-01	5.689828295009380366e-01	4.947028898810160169e-01	5.157968206959220314e-01	3.944357094509163830e-01	3.944357094509163830e-01	4.885711877660700031e-01	3.944357094509163830e-01	3.944357094509163830e-01	3.944357094509163830e-01	3.005541723126780029e-01	3.944357094509163830e-01	4.956164841818079814e-01	1.170127731145070016e-01	3.944357094509163830e-01	3.944357094509163830e-01	1.000000000000000082e-05	7.924960723712489233e-03	3.944357094509163830e-01	3.944357094509163830e-01	3.944357094509163830e-01	3.944357094509163830e-01	2.278286174179640078e-01	4.992363887302420089e-01	4.989182574745609777e-01	5.007215904824040553e-01	3.969426336575600255e-04	5.589294487439440129e-01	3.944357094509163830e-01	4.982476304411559975e-01	3.944357094509163830e-01	3.944357094509163830e-01	3.944357094509163830e-01	3.944357094509163830e-01	3.944357094509163830e-01	5.146747094894800201e-01	3.944357094509163830e-01	3.944357094509163830e-01	3.944357094509163830e-01	4.165625157001470180e-01	3.944357094509163830e-01	3.944357094509163830e-01	5.904618482091830156e-01	5.832946942382869482e-01	3.944357094509163830e-01	3.944357094509163830e-01	3.944357094509163830e-01	3.944357094509163830e-01	3.944357094509163830e-01	5.807330403715980083e-01	4.848662982248009845e-01	4.705037389305850026e-01
3.944357094509163830e-01	5.961038597997200261e-01	5.482582283240530208e-01	3.944357094509163830e-01	3.944357094509163830e-01	3.944357094509163830e-01	3.944357094509163830e-01	4.006755129762740175e-01	3.032362304499029992e-01	3.284483749003799802e-01	3.944357094509163830e-01	1.000000000000000000e+00	5.855626989251939696e-01	3.944357094509163830e-01	3.944357094509163830e-01	6.516972572348279646e-01	3.944357094509163830e-01	3.944357094509163830e-01	6.192623023409129512e-01	4.845383138182209892e-01	3.944357094509163830e-01	3.944357094509163830e-01	5.003354784618180284e-01	6.218583400087349666e-01	4.474679837055700049e-01	4.729643530751190261e-01	3.944357094509163830e-01	2.254486832537689889e-01	5.453323835263740316e-01	3.944357094509163830e-01	3.944357094509163830e-01	6.222997159136339773e-01	6.347457194771930489e-01	2.610512247967239907e-01	6.041591660184140178e-01	4.872641186946090053e-01	5.220807769460870107e-01	5.710184256776470457e-01	3.213170844840460005e-02	3.944357094509163830e-01	3.944357094509163830e-01	3.944357094509163830e-01	3.944357094509163830e-01	1.170916245852769988e-01	3.944357094509163830e-01	5.795514679769829813e-01	3.510763180484670065e-01	4.835179438297669829e-01	5.224471925967439923e-01	3.944357094509163830e-01	4.776848526576519816e-01	3.944357094509163830e-01	5.609802372925479785e-01	5.816051114544390499e-01	1.217494709894060001e-01	5.760861788851070475e-01	5.148802499404999677e-01	3.944357094509163830e-01	6.095562671148909706e-01	4.947424307811750244e-01	3.944357094509163830e-01	3.944357094509163830e-01	5.036733510329890473e-01	3.944357094509163830e-01	3.944357094509163830e-01	3.944357094509163830e-01	5.407558437259259998e-01	3.944357094509163830e-01	5.514428097540989837e-01	3.944357094509163830e-01	3.944357094509163830e-01	3.944357094509163830e-01	3.944357094509163830e-01	5.764155428855219920e-01	3.944357094509163830e-01	3.944357094509163830e-01	3.944357094509163830e-01	3.944357094509163830e-01	3.944357094509163830e-01	5.472995753028060406e-01	3.944357094509163830e-01	3.944357094509163830e-01	3.091128478720580053e-01	3.944357094509163830e-01	5.030268234539240213e-01	3.944357094509163830e-01	3.944357094509163830e-01	5.223070235782799609e-01	3.944357094509163830e-01	3.944357094509163830e-01	5.413335745266779631e-01	3.944357094509163830e-01	5.172557036637469574e-01	3.944357094509163830e-01	2.286976404494910076e-01	5.101610004312230329e-01	5.077056267231260245e-01	3.944357094509163830e-01	3.944357094509163830e-01	3.944357094509163830e-01	3.944357094509163830e-01	5.038440353092720203e-01	3.944357094509163830e-01	3.944357094509163830e-01	5.723960913076929780e-01	5.601741785093470316e-01	3.944357094509163830e-01	3.944357094509163830e-01	3.944357094509163830e-01	5.244614472906700131e-01	4.781913028304760060e-01	3.944357094509163830e-01	3.944357094509163830e-01	6.193796472315089563e-01	3.944357094509163830e-01	3.944357094509163830e-01	3.944357094509163830e-01	3.944357094509163830e-01	5.991336422774169446e-01	5.414287880264609942e-01	5.679923355520809514e-01	3.944357094509163830e-01	4.984837119438850217e-01	4.823186947358150123e-01
