1.000000000000000000e+00	1.773652373147823758e-01	8.988764044943819975e-02	6.837606837606839683e-02	1.009174311926610001e-01	8.433734939759039706e-02	1.300000000000000044e-01	1.773652373147823758e-01	1.014492753623189997e-01	1.773652373147823758e-01	1.267605633802819931e-01	1.773652373147823758e-01	1.773652373147823758e-01	2.560975609756099836e-01	1.773652373147823758e-01	1.773652373147823758e-01	1.773652373147823758e-01	1.773652373147823758e-01	1.773652373147823758e-01	1.641791044776119979e-01	1.521739130434779930e-01	1.773652373147823758e-01	1.773652373147823758e-01	1.250000000000000000e-01	1.773652373147823758e-01	1.313131313131309930e-01	1.773652373147823758e-01	7.777777777777780677e-02	1.773652373147823758e-01	1.234567901234570053e-01	1.773652373147823758e-01	1.224489795918369955e-01	1.773652373147823758e-01	1.773652373147823758e-01	7.865168539325839703e-02	1.940298507462689948e-01	1.724137931034480098e-01	5.000000000000000278e-02	1.773652373147823758e-01	2.307692307692310041e-01	1.773652373147823758e-01	1.478260869565219959e-01	2.181818181818180047e-01	1.773652373147823758e-01	8.421052631578949954e-02	7.142857142857139685e-02	1.773652373147823758e-01	1.773652373147823758e-01	1.773652373147823758e-01	1.773652373147823758e-01	1.773652373147823758e-01	1.216216216216220031e-01	1.773652373147823758e-01	1.773652373147823758e-01	9.523809523809520505e-02	1.000000000000000056e-01	1.773652373147823758e-01	1.773652373147823758e-01	1.773652373147823758e-01	1.773652373147823758e-01	1.773652373147823758e-01	1.034482758620690057e-01	2.549019607843139856e-01	1.773652373147823758e-01	1.666666666666669905e-01	1.773652373147823758e-01	1.403508771929820043e-01	1.773652373147823758e-01	8.982035928143709824e-02	1.773652373147823758e-01	1.442307692307689959e-01	1.773652373147823758e-01	1.132075471698110042e-01	1.773652373147823758e-01	1.773652373147823758e-01	1.773652373147823758e-01	1.111111111111109939e-01	1.296296296296300110e-01	2.033898305084750058e-01	1.773652373147823758e-01	8.205128205128210672e-02	3.125000000000000000e-02	1.773652373147823758e-01	8.139534883720929426e-02	1.773652373147823758e-01	1.230769230769230005e-01	3.243243243243240093e-01	1.013513513513509962e-01	8.433734939759039706e-02	1.773652373147823758e-01	1.773652373147823758e-01	1.773652373147823758e-01	1.773652373147823758e-01	1.773652373147823758e-01	1.212121212121209934e-01	1.773652373147823758e-01	1.773652373147823758e-01	9.259259259259260133e-02	1.830985915492960026e-01	1.052631578947370028e-01	1.773652373147823758e-01	1.129032258064519983e-01	2.653061224489799974e-01	1.773652373147823758e-01	1.773652373147823758e-01	1.267605633802819931e-01	1.773652373147823758e-01	2.500000000000000000e-01	1.773652373147823758e-01	2.203389830508470093e-01	1.773652373147823758e-01	1.773652373147823758e-01	1.382978723404260091e-01	3.333333333333329818e-01	1.773652373147823758e-01	1.451612903225809881e-01	1.773652373147823758e-01	1.549295774647889978e-01	2.295081967213110086e-01	2.222222222222219878e-01	1.773652373147823758e-01	1.224489795918369955e-01	1.773652373147823758e-01	1.773652373147823758e-01
1.773652373147823758e-01	1.000000000000000000e+00	1.773652373147823758e-01	1.773652373147823758e-01	1.773652373147823758e-01	4.419642857142859760e-01	3.403141361256539765e-01	1.773652373147823758e-01	1.773652373147823758e-01	1.625615763546799930e-01	1.773652373147823758e-01	1.773652373147823758e-01	1.773652373147823758e-01	1.773652373147823758e-01	1.773652373147823758e-01	3.106796116504850214e-01	1.773652373147823758e-01	1.773652373147823758e-01	8.717948717948720283e-02	1.755319148936169971e-01	2.326732673267329909e-01	1.196172248803829968e-01	1.773652373147823758e-01	1.773652373147823758e-01	1.773652373147823758e-01	1.773652373147823758e-01	2.702702702702700077e-02	1.773652373147823758e-01	1.773652373147823758e-01	1.250000000000000000e-01	1.773652373147823758e-01	3.901098901098900007e-01	4.000000000000000083e-02	1.773652373147823758e-01	2.319587628865980022e-01	1.206030150753770042e-01	1.223404255319150008e-01	1.773652373147823758e-01	1.773652373147823758e-01	1.327014218009479884e-01	1.773652373147823758e-01	2.731481481481479734e-01	1.666666666666669905e-01	1.773652373147823758e-01	1.773652373147823758e-01	1.773652373147823758e-01	1.773652373147823758e-01	1.773652373147823758e-01	1.773652373147823758e-01	1.773652373147823758e-01	1.407035175879400024e-01	7.619047619047619735e-02	2.368421052631579926e-01	1.773652373147823758e-01	1.773652373147823758e-01	1.458333333333330095e-01	1.773652373147823758e-01	1.773652373147823758e-01	1.773652373147823758e-01	1.809523809523810034e-01	1.639344262295079971e-02	1.773652373147823758e-01	5.612244897959180190e-02	3.923444976076549962e-01	1.773652373147823758e-01	1.773652373147823758e-01	1.773652373147823758e-01	1.015228426395940048e-01	4.008620689655170155e-01	1.134020618556700055e-01	1.773652373147823758e-01	4.175257731958760266e-01	3.061224489795920031e-02	1.485148514851490076e-01	1.773652373147823758e-01	1.558441558441560071e-01	3.208556149732619961e-02	4.615384615384619804e-02	1.758241758241760044e-01	1.989247311827959941e-01	1.773652373147823758e-01	1.773652373147823758e-01	1.773652373147823758e-01	1.773652373147823758e-01	2.946859903381640056e-01	1.773652373147823758e-01	1.773652373147823758e-01	1.773652373147823758e-01	1.887755102040820088e-01	4.568527918781729869e-02	1.773652373147823758e-01	1.773652373147823758e-01	1.773652373147823758e-01	1.773652373147823758e-01	1.773652373147823758e-01	1.773652373147823758e-01	2.893401015228430073e-01	6.315789473684209343e-02	2.074468085106379867e-01	4.500000000000000111e-01	1.773652373147823758e-01	7.614213197969539604e-02	1.081081081081080031e-01	1.792452830188679958e-01	1.773652373147823758e-01	4.694835680751169998e-02	1.538461538461539935e-01	1.063829787234040064e-01	1.476190476190480105e-01	9.137055837563450023e-02	5.670103092783509990e-02	1.929824561403510053e-01	1.737089201877929923e-01	1.773652373147823758e-01	1.773652373147823758e-01	1.145833333333329956e-01	1.773652373147823758e-01	1.773652373147823758e-01	1.237113402061860018e-01	8.374384236453200070e-02	1.773652373147823758e-01	1.773652373147823758e-01	1.773652373147823758e-01	9.183673469387759747e-02
8.988764044943819975e-02	1.773652373147823758e-01	1.000000000000000000e+00	4.159292035398229892e-01	1.567164179104479915e-01	1.773652373147823758e-01	1.212121212121209934e-01	1.685393258426970131e-01	1.773652373147823758e-01	1.773652373147823758e-01	1.773652373147823758e-01	1.773652373147823758e-01	1.773652373147823758e-01	1.773652373147823758e-01	1.773652373147823758e-01	1.654676258992809901e-01	3.186813186813189924e-01	1.773652373147823758e-01	1.182795698924729993e-01	1.773652373147823758e-01	1.773652373147823758e-01	2.352941176470589868e-01	1.773652373147823758e-01	1.773652373147823758e-01	1.773652373147823758e-01	1.773652373147823758e-01	1.773652373147823758e-01	1.773652373147823758e-01	1.111111111111109939e-01	1.773652373147823758e-01	1.630434782608700117e-01	9.022556390977440333e-02	5.263157894736839731e-02	1.797752808988760109e-01	2.018348623853210011e-01	2.921348314606739827e-01	1.195652173913040045e-01	1.773652373147823758e-01	1.743119266055050132e-01	2.596153846153850253e-01	8.053691275167780550e-02	5.696202531645570138e-02	7.368421052631579649e-02	1.768707482993200075e-01	1.773652373147823758e-01	1.111111111111109939e-01	1.600000000000000033e-01	1.732283464566929942e-01	1.773652373147823758e-01	1.773652373147823758e-01	1.900000000000000022e-01	1.773652373147823758e-01	2.095238095238100007e-01	1.773652373147823758e-01	1.773652373147823758e-01	1.199999999999999956e-01	1.773652373147823758e-01	1.274509803921569928e-01	7.000000000000000666e-02	2.844036697247709911e-01	1.298701298701300001e-02	1.773652373147823758e-01	1.773652373147823758e-01	1.773652373147823758e-01	1.234567901234570053e-01	1.773652373147823758e-01	1.773652373147823758e-01	1.010101010101009944e-01	1.361256544502620069e-01	2.413793103448280131e-01	3.275862068965519902e-01	8.441558441558440207e-02	1.773652373147823758e-01	1.773652373147823758e-01	1.773652373147823758e-01	2.619047619047619735e-01	7.594936708860759722e-02	1.773652373147823758e-01	1.773652373147823758e-01	1.773652373147823758e-01	1.658767772511849925e-01	1.492537313432839956e-02	5.263157894736839731e-02	1.773652373147823758e-01	1.510791366906469868e-01	1.250000000000000000e-01	2.429906542056070040e-01	1.773652373147823758e-01	1.467889908256879983e-01	1.773652373147823758e-01	1.773652373147823758e-01	1.773652373147823758e-01	1.773652373147823758e-01	2.792792792792789802e-01	1.773652373147823758e-01	2.129629629629629928e-01	2.066115702479340011e-01	1.749999999999999889e-01	1.773652373147823758e-01	1.666666666666669905e-01	1.773652373147823758e-01	1.773652373147823758e-01	1.547619047619049892e-01	2.909090909090910060e-01	1.773652373147823758e-01	1.773652373147823758e-01	1.773652373147823758e-01	1.773652373147823758e-01	1.773652373147823758e-01	1.773652373147823758e-01	1.773652373147823758e-01	2.519083969465650275e-01	3.271028037383180154e-01	2.476190476190479883e-01	1.773652373147823758e-01	2.470588235294119972e-01	1.773652373147823758e-01	1.700000000000000122e-01	1.956521739130429871e-01	1.773652373147823758e-01	1.773652373147823758e-01	1.773652373147823758e-01	1.206896551724140065e-01	1.773652373147823758e-01
6.837606837606839683e-02	1.773652373147823758e-01	4.159292035398229892e-01	1.000000000000000000e+00	1.773652373147823758e-01	1.773652373147823758e-01	1.733333333333330062e-01	1.773652373147823758e-01	1.487603305785120122e-01	2.786885245901640218e-01	2.327586206896549992e-01	3.801652892561980246e-01	2.711864406779659897e-01	1.773652373147823758e-01	1.773652373147823758e-01	2.500000000000000000e-01	1.773652373147823758e-01	6.956521739130429316e-02	1.282051282051279995e-01	1.773652373147823758e-01	3.966942148760330134e-01	1.773652373147823758e-01	1.773652373147823758e-01	1.773652373147823758e-01	1.773652373147823758e-01	1.773652373147823758e-01	1.773652373147823758e-01	1.773652373147823758e-01	1.773652373147823758e-01	1.937984496124030009e-01	1.065573770491800021e-01	1.773652373147823758e-01	1.773652373147823758e-01	1.465517241379309943e-01	2.619047619047619735e-01	2.327586206896549992e-01	1.773652373147823758e-01	2.086330935251800023e-01	1.729323308270679926e-01	1.773652373147823758e-01	1.773652373147823758e-01	7.734806629834249658e-02	1.773652373147823758e-01	1.773652373147823758e-01	2.117117117117119918e-01	1.596638655462180034e-01	2.097902097902100138e-01	1.773652373147823758e-01	1.376146788990829928e-01	2.031250000000000000e-01	1.773652373147823758e-01	2.372881355932200120e-01	1.773652373147823758e-01	1.773652373147823758e-01	1.478260869565219959e-01	1.773652373147823758e-01	1.773652373147823758e-01	1.773652373147823758e-01	1.773652373147823758e-01	1.773652373147823758e-01	3.921568627450980338e-02	1.441441441441440041e-01	9.482758620689650531e-02	1.773652373147823758e-01	1.773652373147823758e-01	2.704918032786889914e-01	1.773652373147823758e-01	1.048387096774189980e-01	2.068965517241380114e-01	1.773652373147823758e-01	2.551724137931030145e-01	1.773652373147823758e-01	1.773652373147823758e-01	2.459016393442620130e-01	9.770114942528740354e-02	3.357142857142860204e-01	8.653846153846149469e-02	1.481481481481480011e-01	1.773652373147823758e-01	8.333333333333330095e-02	2.070484581497800125e-01	1.773652373147823758e-01	1.773652373147823758e-01	1.266968325791859862e-01	1.773652373147823758e-01	1.333333333333329984e-01	1.773652373147823758e-01	3.372781065088760188e-01	1.769230769230769884e-01	1.150442477876110065e-01	1.216216216216220031e-01	1.612903225806449903e-01	2.079646017699109950e-01	2.878787878787880117e-01	2.568807339449539762e-01	1.773652373147823758e-01	3.488372093023259790e-01	1.619047619047619957e-01	1.484375000000000000e-01	1.773652373147823758e-01	1.773652373147823758e-01	1.785714285714289917e-01	1.773652373147823758e-01	2.592592592592590228e-01	2.293577981651379882e-01	1.721311475409839920e-01	1.773652373147823758e-01	1.773652373147823758e-01	1.773652373147823758e-01	1.538461538461539935e-01	1.574074074074069962e-01	2.467532467532470020e-01	2.592592592592590228e-01	2.230769230769230060e-01	1.982758620689659967e-01	1.773652373147823758e-01	1.893939393939390037e-01	1.773652373147823758e-01	1.694915254237290003e-01	1.773652373147823758e-01	1.773652373147823758e-01	1.773652373147823758e-01	1.703703703703700056e-01	1.754385964912280049e-01
1.009174311926610001e-01	1.773652373147823758e-01	1.567164179104479915e-01	1.773652373147823758e-01	1.000000000000000000e+00	1.773652373147823758e-01	1.773652373147823758e-01	1.140350877192980034e-01	1.773652373147823758e-01	2.583333333333330262e-01	1.404958677685949897e-01	1.773652373147823758e-01	1.773652373147823758e-01	1.773652373147823758e-01	1.773652373147823758e-01	9.270833333333330373e-01	1.773652373147823758e-01	1.773652373147823758e-01	1.773652373147823758e-01	1.773652373147823758e-01	2.812500000000000000e-01	1.773652373147823758e-01	1.773652373147823758e-01	4.227642276422760026e-01	1.773652373147823758e-01	1.773652373147823758e-01	5.000000000000000278e-02	2.109375000000000000e-01	1.388888888888890061e-01	1.550387596899220066e-01	2.380952380952379988e-01	1.666666666666669905e-01	7.894736842105259944e-02	1.773652373147823758e-01	6.210526315789469676e-01	1.773652373147823758e-01	2.115384615384620082e-01	1.773652373147823758e-01	1.773652373147823758e-01	1.773652373147823758e-01	1.773652373147823758e-01	1.773652373147823758e-01	1.160714285714290056e-01	2.980132450331129945e-01	1.773652373147823758e-01	1.773652373147823758e-01	1.428571428571429880e-01	1.773652373147823758e-01	8.181818181818180380e-02	1.287878787878790066e-01	1.932773109243700049e-01	1.773652373147823758e-01	1.773652373147823758e-01	1.773652373147823758e-01	1.773652373147823758e-01	1.773652373147823758e-01	1.773652373147823758e-01	1.219512195121949943e-01	4.000000000000000083e-02	2.255639097744359944e-01	1.000000000000000021e-02	1.401869158878500110e-01	1.773652373147823758e-01	1.773652373147823758e-01	8.571428571428570120e-02	3.888888888888890061e-01	1.388888888888890061e-01	1.773652373147823758e-01	1.773652373147823758e-01	1.696428571428570120e-01	2.642857142857140129e-01	1.773652373147823758e-01	1.773652373147823758e-01	1.395348837209300086e-01	1.773652373147823758e-01	1.773652373147823758e-01	1.773652373147823758e-01	1.773652373147823758e-01	1.773652373147823758e-01	1.694915254237290003e-01	1.594827586206900016e-01	1.773652373147823758e-01	1.181818181818179991e-01	1.773652373147823758e-01	3.071428571428569954e-01	1.293103448275859935e-01	1.773652373147823758e-01	1.773652373147823758e-01	2.231404958677689898e-01	9.009009009009009972e-02	1.773652373147823758e-01	1.583333333333329929e-01	1.773652373147823758e-01	1.773652373147823758e-01	2.222222222222219878e-01	1.773652373147823758e-01	1.773652373147823758e-01	1.142857142857140046e-01	1.773652373147823758e-01	1.773652373147823758e-01	6.422018348623849404e-02	1.773652373147823758e-01	1.320754716981130117e-01	1.773652373147823758e-01	1.773652373147823758e-01	1.773652373147823758e-01	1.773652373147823758e-01	1.284403669724769881e-01	1.641791044776119979e-01	1.773652373147823758e-01	1.009174311926610001e-01	2.302631578947370028e-01	2.043795620437960092e-01	1.755725190839690086e-01	1.773652373147823758e-01	1.944444444444440034e-01	1.176470588235289938e-01	1.773652373147823758e-01	1.367521367521369879e-01	1.773652373147823758e-01	2.913385826771650033e-01	1.773652373147823758e-01	1.773652373147823758e-01	1.517857142857139963e-01
8.433734939759039706e-02	4.419642857142859760e-01	1.773652373147823758e-01	1.773652373147823758e-01	1.773652373147823758e-01	1.000000000000000000e+00	3.832335329341319818e-01	1.065088757396450009e-01	1.773652373147823758e-01	1.344086021505379869e-01	8.791208791208790507e-02	1.773652373147823758e-01	1.773652373147823758e-01	1.773652373147823758e-01	1.511627906976739932e-01	2.250000000000000056e-01	1.153846153846150024e-01	7.228915662650599316e-02	9.356725146198829890e-02	1.878787878787880061e-01	1.773652373147823758e-01	1.773652373147823758e-01	1.773652373147823758e-01	1.773652373147823758e-01	1.978609625668449890e-01	1.773652373147823758e-01	3.125000000000000000e-02	1.773652373147823758e-01	1.773652373147823758e-01	1.176470588235289938e-01	1.176470588235289938e-01	4.522292993630570024e-01	5.172413793103450286e-02	1.773652373147823758e-01	2.022471910112360050e-01	1.000000000000000056e-01	1.481481481481480011e-01	1.773652373147823758e-01	1.773652373147823758e-01	1.773652373147823758e-01	3.333333333333329818e-01	3.297872340425530013e-01	1.935483870967739939e-01	1.773652373147823758e-01	4.727272727272729957e-01	1.773652373147823758e-01	1.773652373147823758e-01	3.181818181818180102e-01	1.773652373147823758e-01	1.773652373147823758e-01	1.609195402298849997e-01	8.648648648648650517e-02	1.797752808988760109e-01	2.500000000000000000e-01	1.773652373147823758e-01	1.773652373147823758e-01	1.451612903225809881e-01	1.773652373147823758e-01	2.702702702702700077e-02	1.773652373147823758e-01	1.898734177215189931e-02	1.234567901234570053e-01	6.432748538011699713e-02	1.773652373147823758e-01	1.773652373147823758e-01	1.773652373147823758e-01	1.773652373147823758e-01	1.773652373147823758e-01	3.100436681222710211e-01	1.301775147928989906e-01	1.773652373147823758e-01	4.534883720930230067e-01	3.508771929824559821e-02	1.773652373147823758e-01	4.642857142857140240e-01	1.773652373147823758e-01	1.773652373147823758e-01	1.773652373147823758e-01	1.773652373147823758e-01	1.773652373147823758e-01	4.557522123893810173e-01	1.773652373147823758e-01	1.806451612903229864e-01	9.240506329113920003e-01	2.272727272727269876e-01	1.773652373147823758e-01	1.191709844559590004e-01	2.164502164502160042e-01	1.773652373147823758e-01	1.773652373147823758e-01	1.773652373147823758e-01	1.371428571428570109e-01	1.773652373147823758e-01	1.250000000000000000e-01	1.773652373147823758e-01	9.743589743589739505e-02	1.773652373147823758e-01	8.588957055214720138e-02	2.784810126582279999e-01	1.773652373147823758e-01	1.773652373147823758e-01	1.773652373147823758e-01	1.042944785276069958e-01	1.773652373147823758e-01	1.773652373147823758e-01	5.319148936170210035e-02	1.025641025641030046e-01	1.024096385542170029e-01	1.489361702127660059e-01	1.773652373147823758e-01	8.433734939759039706e-02	1.773652373147823758e-01	1.773652373147823758e-01	1.630434782608700117e-01	1.773652373147823758e-01	1.773652373147823758e-01	1.773652373147823758e-01	1.773652373147823758e-01	1.352941176470590090e-01	1.142857142857140046e-01	1.256281407035179931e-01	1.773652373147823758e-01	1.773652373147823758e-01	1.773652373147823758e-01
1.300000000000000044e-01	3.403141361256539765e-01	1.212121212121209934e-01	1.733333333333330062e-01	1.773652373147823758e-01	3.832335329341319818e-01	1.000000000000000000e+00	1.773652373147823758e-01	1.773652373147823758e-01	1.773652373147823758e-01	1.101694915254240043e-01	1.773652373147823758e-01	2.321428571428570120e-01	1.773652373147823758e-01	1.592920353982300030e-01	2.275862068965520124e-01	1.773652373147823758e-01	1.773652373147823758e-01	1.773652373147823758e-01	4.021739130434779930e-01	1.773652373147823758e-01	1.181102362204719952e-01	1.773652373147823758e-01	1.773652373147823758e-01	1.773652373147823758e-01	1.773652373147823758e-01	1.773652373147823758e-01	1.127819548872179972e-01	1.773652373147823758e-01	1.544715447154469956e-01	9.821428571428569843e-02	1.773652373147823758e-01	6.422018348623849404e-02	2.474226804123710044e-01	2.250000000000000056e-01	1.293103448275859935e-01	1.773652373147823758e-01	1.773652373147823758e-01	1.162790697674419976e-01	1.666666666666669905e-01	3.208955223880600172e-01	2.039473684210529880e-01	2.826086956521740023e-01	1.773652373147823758e-01	1.773652373147823758e-01	1.773652373147823758e-01	1.773652373147823758e-01	3.524590163934430143e-01	9.803921568627449457e-02	1.093750000000000000e-01	1.773652373147823758e-01	8.943089430894310410e-02	1.721311475409839920e-01	2.269503546099289892e-01	8.108108108108109946e-02	1.773652373147823758e-01	1.773652373147823758e-01	1.773652373147823758e-01	1.773652373147823758e-01	1.773652373147823758e-01	3.296703296703300257e-02	1.386138613861389868e-01	1.773652373147823758e-01	1.773652373147823758e-01	1.773652373147823758e-01	2.434782608695650052e-01	1.773652373147823758e-01	1.682242990654209958e-01	1.773652373147823758e-01	1.773652373147823758e-01	2.878787878787880117e-01	1.773652373147823758e-01	5.769230769230770245e-02	1.773652373147823758e-01	1.773652373147823758e-01	1.824324324324320123e-01	1.773652373147823758e-01	1.773652373147823758e-01	2.577319587628870146e-01	1.592920353982300030e-01	3.299492385786800264e-01	1.204819277108429981e-02	2.608695652173910196e-01	3.699421965317920002e-01	2.222222222222219878e-01	1.773652373147823758e-01	2.016129032258059950e-01	2.814371257485029920e-01	1.652892561983470010e-01	6.542056074766350315e-02	1.773652373147823758e-01	1.578947368421050046e-01	1.773652373147823758e-01	1.773652373147823758e-01	1.773652373147823758e-01	1.574803149606300023e-01	1.739130434782610035e-01	1.773652373147823758e-01	3.499999999999999778e-01	1.773652373147823758e-01	1.773652373147823758e-01	1.538461538461539935e-01	2.021276595744679883e-01	1.773652373147823758e-01	1.773652373147823758e-01	7.377049180327870104e-02	1.297709923664120135e-01	1.773652373147823758e-01	2.016129032258059950e-01	1.773652373147823758e-01	1.773652373147823758e-01	1.773652373147823758e-01	1.879699248120300092e-01	2.049180327868850016e-01	1.043478260869570018e-01	1.960784313725489891e-01	1.773652373147823758e-01	1.769911504424780124e-01	1.773652373147823758e-01	1.773652373147823758e-01	1.629629629629630039e-01	9.278350515463920645e-02	1.773652373147823758e-01	1.773652373147823758e-01
1.773652373147823758e-01	1.773652373147823758e-01	1.685393258426970131e-01	1.773652373147823758e-01	1.140350877192980034e-01	1.065088757396450009e-01	1.773652373147823758e-01	1.000000000000000000e+00	1.773652373147823758e-01	1.773652373147823758e-01	1.773652373147823758e-01	1.773652373147823758e-01	1.773652373147823758e-01	1.773652373147823758e-01	1.153846153846150024e-01	1.074380165289259975e-01	1.794871794871789883e-01	2.407407407407410049e-01	1.343283582089550010e-01	1.773652373147823758e-01	1.773652373147823758e-01	1.666666666666669905e-01	1.226415094339620010e-01	1.773652373147823758e-01	1.530612244897960050e-01	1.773652373147823758e-01	1.773652373147823758e-01	1.555555555555560021e-01	1.773652373147823758e-01	1.529411764705879972e-01	1.617647058823530049e-01	1.773652373147823758e-01	9.090909090909089774e-02	1.773652373147823758e-01	1.573033707865169883e-01	2.083333333333330095e-01	1.538461538461539935e-01	1.773652373147823758e-01	1.773652373147823758e-01	1.573033707865169883e-01	1.773652373147823758e-01	1.773652373147823758e-01	1.044776119402990033e-01	1.773652373147823758e-01	1.773652373147823758e-01	1.232876712328769969e-01	1.773652373147823758e-01	1.773652373147823758e-01	1.773652373147823758e-01	2.727272727272729846e-01	1.518987341772150002e-01	1.773652373147823758e-01	1.250000000000000000e-01	1.415929203539819936e-01	1.773652373147823758e-01	1.773652373147823758e-01	1.086956521739129988e-01	8.749999999999999445e-02	1.773652373147823758e-01	1.199999999999999956e-01	1.773652373147823758e-01	1.451612903225809881e-01	1.833333333333329873e-01	1.773652373147823758e-01	1.773652373147823758e-01	1.773652373147823758e-01	1.612903225806449903e-01	1.773652373147823758e-01	1.773652373147823758e-01	2.698412698412699928e-01	1.351351351351350039e-01	1.773652373147823758e-01	2.000000000000000111e-01	1.294117647058820042e-01	8.870967741935480155e-02	1.592920353982300030e-01	1.875000000000000000e-01	1.525423728813559976e-01	1.773652373147823758e-01	1.153846153846150024e-01	9.547738693467340554e-02	1.773652373147823758e-01	9.090909090909089774e-02	1.773652373147823758e-01	1.379310344827590074e-01	1.594202898550720060e-01	1.773652373147823758e-01	1.409395973154360104e-01	1.773652373147823758e-01	1.773652373147823758e-01	1.773652373147823758e-01	1.773652373147823758e-01	1.773652373147823758e-01	1.515151515151519912e-01	2.089552238805970075e-01	1.773652373147823758e-01	1.238095238095239942e-01	2.222222222222219878e-01	2.133333333333329862e-01	9.219858156028369611e-02	1.607142857142860037e-01	4.615384615384620082e-01	1.773652373147823758e-01	1.632653061224489943e-01	1.773652373147823758e-01	1.773652373147823758e-01	1.773652373147823758e-01	1.773652373147823758e-01	1.931818181818180102e-01	1.773652373147823758e-01	1.773652373147823758e-01	1.773652373147823758e-01	1.752577319587630134e-01	1.839080459770109921e-01	1.773652373147823758e-01	1.641791044776119979e-01	7.446808510638300294e-02	1.773652373147823758e-01	1.773652373147823758e-01	2.000000000000000111e-01	1.188118811881190007e-01	1.773652373147823758e-01	3.076923076923079869e-01	1.773652373147823758e-01
1.014492753623189997e-01	1.773652373147823758e-01	1.773652373147823758e-01	1.487603305785120122e-01	1.773652373147823758e-01	1.773652373147823758e-01	1.773652373147823758e-01	1.773652373147823758e-01	1.000000000000000000e+00	1.505376344086019891e-01	1.773652373147823758e-01	1.773652373147823758e-01	1.477272727272730124e-01	1.037735849056599935e-01	1.773652373147823758e-01	1.773652373147823758e-01	1.785714285714289917e-01	3.454545454545450145e-01	1.773652373147823758e-01	8.235294117647060097e-02	1.773652373147823758e-01	1.931818181818180102e-01	1.773652373147823758e-01	1.196581196581199963e-01	1.538461538461539935e-01	1.773652373147823758e-01	1.773652373147823758e-01	1.935483870967739939e-01	1.773652373147823758e-01	1.773652373147823758e-01	1.944444444444440034e-01	5.982905982905979692e-02	6.756756756756759907e-02	1.773652373147823758e-01	1.224489795918369955e-01	1.749999999999999889e-01	1.773652373147823758e-01	1.773652373147823758e-01	1.630434782608700117e-01	1.578947368421050046e-01	1.773652373147823758e-01	4.285714285714289917e-02	1.773652373147823758e-01	8.571428571428570120e-02	1.773652373147823758e-01	1.125000000000000028e-01	1.773652373147823758e-01	1.773652373147823758e-01	1.363636363636359927e-01	2.804878048780489741e-01	1.264367816091949981e-01	1.773652373147823758e-01	1.773652373147823758e-01	1.239669421487600010e-01	1.773652373147823758e-01	5.813953488372090167e-02	1.354166666666669905e-01	5.617977528089890260e-02	1.773652373147823758e-01	9.174311926605510648e-02	1.773652373147823758e-01	6.849315068493150305e-02	1.773652373147823758e-01	4.516129032258060089e-02	1.773652373147823758e-01	1.521739130434779930e-01	8.219178082191780366e-02	8.641975308641970666e-02	1.773652373147823758e-01	1.773652373147823758e-01	1.176470588235289938e-01	5.035971223021579873e-02	1.773652373147823758e-01	1.195652173913040045e-01	1.773652373147823758e-01	1.773652373147823758e-01	1.773652373147823758e-01	1.773652373147823758e-01	1.773652373147823758e-01	9.302325581395350096e-02	5.140186915887850344e-02	4.444444444444439757e-02	5.333333333333330206e-02	1.773652373147823758e-01	1.120000000000000023e-01	7.407407407407409772e-02	1.773652373147823758e-01	1.773652373147823758e-01	1.773652373147823758e-01	4.000000000000000222e-01	1.773652373147823758e-01	1.773652373147823758e-01	1.773652373147823758e-01	1.773652373147823758e-01	1.773652373147823758e-01	1.773652373147823758e-01	1.061946902654870017e-01	2.807017543859650077e-01	1.773652373147823758e-01	1.773652373147823758e-01	1.773652373147823758e-01	1.773652373147823758e-01	1.773652373147823758e-01	1.862745098039219893e-01	1.773652373147823758e-01	1.773652373147823758e-01	1.326530612244899987e-01	8.219178082191780366e-02	1.773652373147823758e-01	1.621621621621620046e-01	1.773652373147823758e-01	1.532258064516129892e-01	1.523809523809520061e-01	1.773652373147823758e-01	1.250000000000000000e-01	1.184210526315789963e-01	6.930693069306929910e-02	1.773652373147823758e-01	1.265822784810129997e-01	2.297297297297299923e-01	1.764705882352939903e-01	1.129032258064519983e-01	1.473684210526320093e-01	1.773652373147823758e-01
1.773652373147823758e-01	1.625615763546799930e-01	1.773652373147823758e-01	2.786885245901640218e-01	2.583333333333330262e-01	1.344086021505379869e-01	1.773652373147823758e-01	1.773652373147823758e-01	1.505376344086019891e-01	1.000000000000000000e+00	1.773652373147823758e-01	1.773652373147823758e-01	2.688172043010749745e-01	2.884615384615379918e-01	1.684210526315789991e-01	2.539682539682540097e-01	1.773652373147823758e-01	1.375000000000000111e-01	1.363636363636359927e-01	1.773652373147823758e-01	3.431372549019610085e-01	3.707865168539329903e-01	1.773652373147823758e-01	1.773652373147823758e-01	2.342342342342340067e-01	1.773652373147823758e-01	9.859154929577459980e-02	1.773652373147823758e-01	1.773652373147823758e-01	1.773652373147823758e-01	1.444444444444439868e-01	1.190476190476189994e-01	1.773652373147823758e-01	2.168674698795179934e-01	1.773652373147823758e-01	3.875000000000000111e-01	1.773652373147823758e-01	1.773652373147823758e-01	1.376146788990829928e-01	1.773652373147823758e-01	1.773652373147823758e-01	1.088435374149659962e-01	1.011235955056180025e-01	2.335766423357659993e-01	1.773652373147823758e-01	1.773652373147823758e-01	2.477876106194689954e-01	1.983471074380170063e-01	1.773652373147823758e-01	3.406593406593410034e-01	2.105263157894740056e-01	1.773652373147823758e-01	1.714285714285710138e-01	1.773652373147823758e-01	2.195121951219509981e-01	1.368421052631579871e-01	1.773652373147823758e-01	1.773652373147823758e-01	1.773652373147823758e-01	1.773652373147823758e-01	5.714285714285709944e-02	1.773652373147823758e-01	1.773652373147823758e-01	1.773652373147823758e-01	1.773652373147823758e-01	1.773652373147823758e-01	1.162790697674419976e-01	1.290322580645159867e-01	2.102272727272730124e-01	2.235294117647060042e-01	2.605042016806720095e-01	1.773652373147823758e-01	1.688311688311689984e-01	2.500000000000000000e-01	1.197183098591550060e-01	2.916666666666670182e-01	8.000000000000000167e-02	1.773652373147823758e-01	1.333333333333329984e-01	1.773652373147823758e-01	1.523809523809520061e-01	1.773652373147823758e-01	1.773652373147823758e-01	1.773652373147823758e-01	1.773652373147823758e-01	1.773652373147823758e-01	1.944444444444440034e-01	1.773652373147823758e-01	2.474226804123710044e-01	1.773652373147823758e-01	1.773652373147823758e-01	1.773652373147823758e-01	1.586538461538460065e-01	1.773652373147823758e-01	2.352941176470589868e-01	1.773652373147823758e-01	1.773652373147823758e-01	2.000000000000000111e-01	1.734693877551020114e-01	1.773652373147823758e-01	1.773652373147823758e-01	2.195121951219509981e-01	2.077922077922080002e-01	2.545454545454550188e-01	1.773652373147823758e-01	1.326530612244899987e-01	2.673267326732670091e-01	1.566265060240960016e-01	2.524271844660189723e-01	1.773652373147823758e-01	1.204819277108429981e-01	2.307692307692310041e-01	2.545454545454550188e-01	2.828282828282829842e-01	1.773652373147823758e-01	3.076923076923079869e-01	2.500000000000000000e-01	1.773652373147823758e-01	1.773652373147823758e-01	1.368421052631579871e-01	3.047619047619050114e-01	1.773652373147823758e-01	1.773652373147823758e-01	1.773652373147823758e-01
1.267605633802819931e-01	1.773652373147823758e-01	1.773652373147823758e-01	2.327586206896549992e-01	1.404958677685949897e-01	8.791208791208790507e-02	1.101694915254240043e-01	1.773652373147823758e-01	1.773652373147823758e-01	1.773652373147823758e-01	1.000000000000000000e+00	3.260869565217390242e-01	1.773652373147823758e-01	3.152173913043480047e-01	1.773652373147823758e-01	1.773652373147823758e-01	1.773652373147823758e-01	1.641791044776119979e-01	1.600000000000000033e-01	1.566265060240960016e-01	3.052631578947370139e-01	4.729729729729730270e-01	1.773652373147823758e-01	1.773652373147823758e-01	1.773652373147823758e-01	3.265306122448979886e-01	1.403508771929820043e-01	1.773652373147823758e-01	1.773652373147823758e-01	4.155844155844160004e-01	1.773652373147823758e-01	6.666666666666669350e-02	1.773652373147823758e-01	2.394366197183100120e-01	1.752577319587630134e-01	1.773652373147823758e-01	1.621621621621620046e-01	1.773652373147823758e-01	1.443298969072160098e-01	1.773652373147823758e-01	1.773652373147823758e-01	4.895104895104900045e-02	7.594936708860759722e-02	1.773652373147823758e-01	1.199999999999999956e-01	9.411764705882350035e-02	1.636363636363639962e-01	1.773652373147823758e-01	1.773652373147823758e-01	5.797101449275360308e-01	1.773652373147823758e-01	1.773652373147823758e-01	1.702127659574469987e-01	1.773652373147823758e-01	1.773652373147823758e-01	1.773652373147823758e-01	2.555555555555559799e-01	8.888888888888890616e-02	1.773652373147823758e-01	2.947368421052630194e-01	1.773652373147823758e-01	1.773652373147823758e-01	1.714285714285710138e-01	1.773652373147823758e-01	1.773652373147823758e-01	1.773652373147823758e-01	1.773652373147823758e-01	1.773652373147823758e-01	1.773652373147823758e-01	1.818181818181819898e-01	2.685185185185189893e-01	5.633802816901409966e-02	2.419354838709679989e-01	1.773652373147823758e-01	5.797101449275360308e-02	1.773652373147823758e-01	1.333333333333329984e-01	1.969696969696969890e-01	1.125000000000000028e-01	1.773652373147823758e-01	1.773652373147823758e-01	1.773652373147823758e-01	1.773652373147823758e-01	8.510638297872340219e-02	1.773652373147823758e-01	9.638554216867470381e-02	2.340425531914890056e-01	2.312925170068030056e-01	1.773652373147823758e-01	1.773652373147823758e-01	7.079646017699109395e-02	1.647058823529410077e-01	9.090909090909089774e-02	2.500000000000000000e-01	1.773652373147823758e-01	1.773652373147823758e-01	1.773652373147823758e-01	2.031250000000000000e-01	1.773652373147823758e-01	1.773652373147823758e-01	1.515151515151519912e-01	2.608695652173910196e-01	1.940298507462689948e-01	1.773652373147823758e-01	1.710526315789470120e-01	1.136363636363639934e-01	2.637362637362640205e-01	1.857142857142859982e-01	1.773652373147823758e-01	1.773652373147823758e-01	1.773652373147823758e-01	2.352941176470589868e-01	2.626262626262629851e-01	3.255813953488370105e-01	1.773652373147823758e-01	3.088235294117649965e-01	1.773652373147823758e-01	1.773652373147823758e-01	2.567567567567570208e-01	1.773652373147823758e-01	1.773652373147823758e-01	1.773652373147823758e-01	1.530612244897960050e-01	1.773652373147823758e-01
1.773652373147823758e-01	1.773652373147823758e-01	1.773652373147823758e-01	3.801652892561980246e-01	1.773652373147823758e-01	1.773652373147823758e-01	1.773652373147823758e-01	1.773652373147823758e-01	1.773652373147823758e-01	1.773652373147823758e-01	3.260869565217390242e-01	1.000000000000000000e+00	3.870967741935479878e-01	3.942307692307689959e-01	1.773652373147823758e-01	2.071428571428569898e-01	1.773652373147823758e-01	9.677419354838709409e-02	1.684210526315789991e-01	1.773652373147823758e-01	1.773652373147823758e-01	1.773652373147823758e-01	1.773652373147823758e-01	3.826086956521739801e-01	1.773652373147823758e-01	3.508771929824560099e-01	1.773652373147823758e-01	1.773652373147823758e-01	1.758241758241760044e-01	3.039215686274510109e-01	1.176470588235289938e-01	1.773652373147823758e-01	2.159090909090909949e-01	1.773652373147823758e-01	1.773652373147823758e-01	4.523809523809519950e-01	2.359550561797749968e-01	1.773652373147823758e-01	1.773652373147823758e-01	2.105263157894740056e-01	1.506849315068490014e-01	9.433962264150939914e-02	1.354166666666669905e-01	1.773652373147823758e-01	1.923076923076920131e-01	1.773652373147823758e-01	1.773652373147823758e-01	2.380952380952379988e-01	1.773652373147823758e-01	1.773652373147823758e-01	2.233009708737860033e-01	1.773652373147823758e-01	1.773652373147823758e-01	1.773652373147823758e-01	1.212121212121209934e-01	1.773652373147823758e-01	1.773652373147823758e-01	1.773652373147823758e-01	1.287128712871289937e-01	2.148760330578509958e-01	6.250000000000000000e-02	1.773652373147823758e-01	1.521739130434779930e-01	1.773652373147823758e-01	1.807228915662650037e-01	2.293577981651379882e-01	1.773652373147823758e-01	1.773652373147823758e-01	1.773652373147823758e-01	1.274509803921569928e-01	1.773652373147823758e-01	9.433962264150939914e-02	1.773652373147823758e-01	1.773652373147823758e-01	8.974358974358970231e-02	4.821428571428569843e-01	1.773652373147823758e-01	2.117647058823529937e-01	1.773652373147823758e-01	8.928571428571430157e-02	1.877934272300469942e-01	2.739726027397260122e-02	1.382978723404260091e-01	9.090909090909089774e-02	1.773652373147823758e-01	9.523809523809520505e-02	1.773652373147823758e-01	3.398692810457519808e-01	1.773652373147823758e-01	1.773652373147823758e-01	2.288135593220340103e-01	1.773652373147823758e-01	1.559633027522940030e-01	2.521008403361340022e-01	1.773652373147823758e-01	1.773652373147823758e-01	2.338709677419349986e-01	1.773652373147823758e-01	1.773652373147823758e-01	1.773652373147823758e-01	7.526881720430110556e-02	1.773652373147823758e-01	2.235294117647060042e-01	1.773652373147823758e-01	1.773652373147823758e-01	1.773652373147823758e-01	2.192982456140349923e-01	1.758241758241760044e-01	2.173913043478259977e-01	1.400000000000000133e-01	1.063829787234040064e-01	2.302158273381300080e-01	2.735042735042739759e-01	2.545454545454550188e-01	1.346153846153849976e-01	1.773652373147823758e-01	2.710280373831779888e-01	1.773652373147823758e-01	1.773652373147823758e-01	1.773652373147823758e-01	2.649572649572650151e-01	1.773652373147823758e-01	1.773652373147823758e-01	1.188118811881190007e-01
