1.000000000000000000e+00	8.152037197702910465e-01	8.152037197702910465e-01	8.152037197702910465e-01	8.152037197702910465e-01	8.063465959714080089e-01	8.295305453929020523e-01	8.152037197702910465e-01	8.152037197702910465e-01	8.152037197702910465e-01	8.152037197702910465e-01	6.267540648415620419e-01	8.152037197702910465e-01	8.152037197702910465e-01	9.211983569214829970e-01	8.524068744724659918e-01	8.152037197702910465e-01	8.152037197702910465e-01	8.152037197702910465e-01	9.093282926205690231e-01	8.152037197702910465e-01	9.561177835345620046e-01	8.152037197702910465e-01	8.152037197702910465e-01	8.872257310331640445e-01	9.392393512056299576e-01	8.152037197702910465e-01	8.152037197702910465e-01	8.152037197702910465e-01	8.440352745310819582e-01	8.152037197702910465e-01	8.152037197702910465e-01	8.152037197702910465e-01	8.152037197702910465e-01	9.397974953730100500e-01	8.152037197702910465e-01	8.152037197702910465e-01	8.152037197702910465e-01	8.152037197702910465e-01	8.152037197702910465e-01	9.459481561053070253e-01	8.152037197702910465e-01	8.152037197702910465e-01	8.152037197702910465e-01	8.152037197702910465e-01	8.152037197702910465e-01	8.152037197702910465e-01	8.152037197702910465e-01	8.152037197702910465e-01	7.419209905609740474e-01	8.152037197702910465e-01	8.152037197702910465e-01	8.152037197702910465e-01	9.353362437748780067e-01	9.283029899183600220e-01	7.627467522978099712e-01	8.152037197702910465e-01	9.483020982489860362e-01	8.152037197702910465e-01	9.348317228139629842e-01	8.152037197702910465e-01	8.152037197702910465e-01	8.152037197702910465e-01	8.152037197702910465e-01	8.152037197702910465e-01	8.152037197702910465e-01	8.133377081373539541e-01	8.152037197702910465e-01	9.095162108139279722e-01	8.152037197702910465e-01	8.152037197702910465e-01	9.396599508080499819e-01	8.152037197702910465e-01	8.152037197702910465e-01	8.152037197702910465e-01	8.152037197702910465e-01	8.152037197702910465e-01	9.169385455860580292e-01	8.152037197702910465e-01	8.152037197702910465e-01	8.152037197702910465e-01	9.523713675590970151e-01	8.152037197702910465e-01	6.549480594676829748e-01	8.152037197702910465e-01	8.152037197702910465e-01	8.152037197702910465e-01	9.009559931899829843e-01	8.152037197702910465e-01	8.152037197702910465e-01	8.152037197702910465e-01	8.152037197702910465e-01	8.152037197702910465e-01	8.152037197702910465e-01	8.152037197702910465e-01	8.152037197702910465e-01	8.152037197702910465e-01	9.529400503076049800e-01	8.152037197702910465e-01	8.152037197702910465e-01	9.513360343911200223e-01	6.097393852337430475e-01	8.152037197702910465e-01	8.152037197702910465e-01	9.515435571156269923e-01	8.152037197702910465e-01	8.152037197702910465e-01	8.152037197702910465e-01	8.152037197702910465e-01	8.152037197702910465e-01	8.152037197702910465e-01	8.152037197702910465e-01	8.152037197702910465e-01	8.152037197702910465e-01	8.152037197702910465e-01	9.455518781033970255e-01	9.195052572177659922e-01	8.152037197702910465e-01	9.406798772800429864e-01	8.152037197702910465e-01	8.152037197702910465e-01	8.152037197702910465e-01	9.197427900090719977e-01	8.152037197702910465e-01
8.152037197702910465e-01	1.000000000000000000e+00	8.152037197702910465e-01	8.152037197702910465e-01	8.152037197702910465e-01	7.624009644313169964e-01	8.152037197702910465e-01	7.800853440636840164e-01	8.152037197702910465e-01	8.152037197702910465e-01	8.152037197702910465e-01	8.152037197702910465e-01	8.152037197702910465e-01	6.539507240026539714e-01	6.312942565178969456e-01	8.152037197702910465e-01	7.536037015131079597e-01	6.974816464911329783e-01	6.301412145574210033e-01	8.152037197702910465e-01	8.152037197702910465e-01	8.152037197702910465e-01	8.152037197702910465e-01	8.152037197702910465e-01	8.152037197702910465e-01	8.152037197702910465e-01	8.152037197702910465e-01	7.255451753450270491e-01	5.944272523843140421e-01	8.152037197702910465e-01	8.152037197702910465e-01	8.152037197702910465e-01	8.152037197702910465e-01	8.152037197702910465e-01	8.152037197702910465e-01	5.566183945353799789e-01	8.152037197702910465e-01	8.152037197702910465e-01	8.152037197702910465e-01	8.152037197702910465e-01	8.152037197702910465e-01	7.416399816528049804e-01	8.152037197702910465e-01	8.152037197702910465e-01	8.152037197702910465e-01	8.152037197702910465e-01	8.152037197702910465e-01	8.152037197702910465e-01	8.152037197702910465e-01	8.152037197702910465e-01	8.152037197702910465e-01	8.152037197702910465e-01	8.152037197702910465e-01	8.152037197702910465e-01	6.077861243095780130e-01	8.152037197702910465e-01	8.152037197702910465e-01	8.152037197702910465e-01	8.152037197702910465e-01	8.152037197702910465e-01	8.152037197702910465e-01	7.761772879848890527e-01	8.152037197702910465e-01	6.896907496396560422e-01	7.600786278176180355e-01	8.519495306946830437e-01	6.701746194513370503e-01	8.152037197702910465e-01	8.152037197702910465e-01	8.152037197702910465e-01	6.057504526227830421e-01	8.152037197702910465e-01	8.152037197702910465e-01	8.152037197702910465e-01	7.003198406561049749e-01	8.152037197702910465e-01	8.152037197702910465e-01	6.256147018001629867e-01	8.152037197702910465e-01	8.152037197702910465e-01	8.152037197702910465e-01	6.017997054483360531e-01	8.152037197702910465e-01	8.152037197702910465e-01	6.385720894321039731e-01	8.152037197702910465e-01	8.152037197702910465e-01	8.152037197702910465e-01	8.152037197702910465e-01	8.152037197702910465e-01	8.152037197702910465e-01	8.152037197702910465e-01	8.152037197702910465e-01	8.152037197702910465e-01	8.152037197702910465e-01	8.152037197702910465e-01	7.430503563330780326e-01	8.152037197702910465e-01	8.152037197702910465e-01	8.152037197702910465e-01	8.152037197702910465e-01	8.152037197702910465e-01	8.152037197702910465e-01	8.152037197702910465e-01	8.152037197702910465e-01	8.152037197702910465e-01	8.152037197702910465e-01	8.152037197702910465e-01	8.152037197702910465e-01	8.152037197702910465e-01	8.152037197702910465e-01	8.152037197702910465e-01	8.152037197702910465e-01	7.955567909044249930e-01	8.152037197702910465e-01	6.857099100712350515e-01	8.152037197702910465e-01	7.358921370413950003e-01	8.152037197702910465e-01	5.989051260934660226e-01	8.432774290832499853e-01	8.152037197702910465e-01	5.547158909061840060e-01	8.152037197702910465e-01
8.152037197702910465e-01	8.152037197702910465e-01	1.000000000000000000e+00	8.152037197702910465e-01	8.152037197702910465e-01	8.152037197702910465e-01	8.152037197702910465e-01	8.152037197702910465e-01	8.152037197702910465e-01	8.512651966071239640e-01	7.910080324412229746e-01	8.152037197702910465e-01	8.152037197702910465e-01	8.152037197702910465e-01	8.152037197702910465e-01	8.152037197702910465e-01	8.152037197702910465e-01	8.152037197702910465e-01	8.152037197702910465e-01	8.152037197702910465e-01	7.763711109172199976e-01	8.152037197702910465e-01	8.152037197702910465e-01	8.152037197702910465e-01	8.152037197702910465e-01	6.792522218779950549e-01	8.152037197702910465e-01	8.152037197702910465e-01	8.152037197702910465e-01	8.152037197702910465e-01	7.268081235845690324e-01	8.152037197702910465e-01	8.152037197702910465e-01	8.084389883649459874e-01	8.152037197702910465e-01	8.152037197702910465e-01	8.152037197702910465e-01	8.152037197702910465e-01	8.152037197702910465e-01	8.152037197702910465e-01	8.152037197702910465e-01	8.152037197702910465e-01	8.152037197702910465e-01	8.152037197702910465e-01	8.152037197702910465e-01	8.662195710987149466e-01	8.152037197702910465e-01	8.152037197702910465e-01	8.152037197702910465e-01	8.754667304362430125e-01	8.152037197702910465e-01	8.152037197702910465e-01	7.808155303193190511e-01	8.152037197702910465e-01	8.152037197702910465e-01	8.719462426859490023e-01	6.256901160070800216e-01	8.152037197702910465e-01	8.152037197702910465e-01	8.152037197702910465e-01	8.152037197702910465e-01	8.152037197702910465e-01	6.106763046533799644e-01	7.739684582041790328e-01	8.152037197702910465e-01	8.234228603976070371e-01	8.152037197702910465e-01	8.152037197702910465e-01	6.598856294702950542e-01	6.074704877365669775e-01	8.152037197702910465e-01	6.353857480926129453e-01	8.152037197702910465e-01	8.152037197702910465e-01	8.152037197702910465e-01	8.591091619217929853e-01	8.152037197702910465e-01	8.152037197702910465e-01	8.152037197702910465e-01	8.152037197702910465e-01	8.152037197702910465e-01	6.331758585221339830e-01	8.152037197702910465e-01	8.152037197702910465e-01	8.152037197702910465e-01	8.152037197702910465e-01	8.152037197702910465e-01	8.152037197702910465e-01	8.152037197702910465e-01	8.152037197702910465e-01	8.152037197702910465e-01	8.152037197702910465e-01	7.417698285996630059e-01	8.152037197702910465e-01	8.152037197702910465e-01	8.152037197702910465e-01	7.641336658044739494e-01	6.353201051120249687e-01	6.562142881885549839e-01	8.152037197702910465e-01	8.152037197702910465e-01	8.574637321859019945e-01	8.152037197702910465e-01	8.328845601531339460e-01	8.152037197702910465e-01	8.152037197702910465e-01	8.152037197702910465e-01	8.152037197702910465e-01	8.152037197702910465e-01	8.152037197702910465e-01	8.152037197702910465e-01	8.152037197702910465e-01	7.557847783266310460e-01	7.773275664747689717e-01	8.152037197702910465e-01	6.686991119333109967e-01	8.152037197702910465e-01	8.152037197702910465e-01	8.152037197702910465e-01	8.152037197702910465e-01	8.152037197702910465e-01	8.152037197702910465e-01	8.152037197702910465e-01	6.517174120047739549e-01
8.152037197702910465e-01	8.152037197702910465e-01	8.152037197702910465e-01	1.000000000000000000e+00	8.485698820121070352e-01	8.152037197702910465e-01	8.152037197702910465e-01	8.152037197702910465e-01	8.152037197702910465e-01	8.152037197702910465e-01	8.152037197702910465e-01	8.152037197702910465e-01	8.634595606509299914e-01	5.166289656638739514e-01	8.152037197702910465e-01	8.305882462068280292e-01	8.152037197702910465e-01	8.152037197702910465e-01	8.119640143041260139e-01	8.152037197702910465e-01	8.152037197702910465e-01	8.121667737105600082e-01	8.152037197702910465e-01	8.152037197702910465e-01	8.530211282755749691e-01	8.152037197702910465e-01	8.152037197702910465e-01	8.152037197702910465e-01	8.152037197702910465e-01	8.152037197702910465e-01	8.249579823827839498e-01	7.995624228661529775e-01	8.152037197702910465e-01	8.152037197702910465e-01	8.152037197702910465e-01	8.152037197702910465e-01	8.152037197702910465e-01	8.152037197702910465e-01	8.152037197702910465e-01	8.152037197702910465e-01	8.152037197702910465e-01	7.477738661017719890e-01	8.190273352386669981e-01	8.152037197702910465e-01	8.152037197702910465e-01	8.152037197702910465e-01	8.152037197702910465e-01	8.152037197702910465e-01	8.152037197702910465e-01	8.152037197702910465e-01	8.152037197702910465e-01	8.152037197702910465e-01	7.996174972099320266e-01	8.152037197702910465e-01	7.795482200625669655e-01	8.152037197702910465e-01	8.152037197702910465e-01	8.111232199501610118e-01	8.152037197702910465e-01	8.152037197702910465e-01	8.152037197702910465e-01	8.152037197702910465e-01	8.152037197702910465e-01	8.152037197702910465e-01	8.152037197702910465e-01	8.152037197702910465e-01	7.851073692669080506e-01	8.152037197702910465e-01	8.152037197702910465e-01	8.152037197702910465e-01	8.152037197702910465e-01	8.152037197702910465e-01	8.152037197702910465e-01	8.152037197702910465e-01	6.099826708502019690e-01	8.152037197702910465e-01	8.152037197702910465e-01	8.152037197702910465e-01	7.496260564309510377e-01	8.159937085610280416e-01	8.152037197702910465e-01	8.141550953633499565e-01	8.152037197702910465e-01	8.152037197702910465e-01	8.152037197702910465e-01	8.177167790196739894e-01	8.058399551768340441e-01	8.152037197702910465e-01	8.152037197702910465e-01	8.152037197702910465e-01	8.152037197702910465e-01	8.152037197702910465e-01	8.152037197702910465e-01	8.152037197702910465e-01	8.152037197702910465e-01	8.020030961779579526e-01	8.152037197702910465e-01	8.152037197702910465e-01	8.133913969543390410e-01	8.152037197702910465e-01	8.152037197702910465e-01	8.152037197702910465e-01	8.152037197702910465e-01	8.152037197702910465e-01	8.310221978658589581e-01	8.152037197702910465e-01	8.152037197702910465e-01	8.152037197702910465e-01	8.152037197702910465e-01	8.152037197702910465e-01	8.152037197702910465e-01	8.258462985655780075e-01	7.888384941176329601e-01	7.180464099282900525e-01	8.152037197702910465e-01	8.152037197702910465e-01	8.152037197702910465e-01	8.152037197702910465e-01	8.152037197702910465e-01	8.152037197702910465e-01	8.152037197702910465e-01	8.152037197702910465e-01	7.775328338785589821e-01	8.152037197702910465e-01
8.152037197702910465e-01	8.152037197702910465e-01	8.152037197702910465e-01	8.485698820121070352e-01	1.000000000000000000e+00	8.152037197702910465e-01	8.152037197702910465e-01	8.152037197702910465e-01	8.152037197702910465e-01	8.152037197702910465e-01	8.152037197702910465e-01	8.152037197702910465e-01	8.152037197702910465e-01	8.152037197702910465e-01	8.152037197702910465e-01	8.152037197702910465e-01	8.768975251187830500e-01	8.152037197702910465e-01	8.152037197702910465e-01	8.152037197702910465e-01	8.152037197702910465e-01	8.152037197702910465e-01	8.152037197702910465e-01	8.152037197702910465e-01	9.031228065956989903e-01	8.152037197702910465e-01	8.152037197702910465e-01	8.152037197702910465e-01	8.393225361127359951e-01	8.152037197702910465e-01	8.152037197702910465e-01	8.556790093698140032e-01	8.152037197702910465e-01	8.152037197702910465e-01	8.152037197702910465e-01	8.229054903059529469e-01	8.152037197702910465e-01	8.152037197702910465e-01	8.152037197702910465e-01	8.152037197702910465e-01	8.152037197702910465e-01	8.152037197702910465e-01	8.152037197702910465e-01	8.410128003143010345e-01	8.152037197702910465e-01	8.152037197702910465e-01	8.152212665802840430e-01	8.152037197702910465e-01	8.152037197702910465e-01	8.152037197702910465e-01	8.649104465069179515e-01	8.534545534397549593e-01	8.575720167654670156e-01	8.152037197702910465e-01	8.152037197702910465e-01	8.152037197702910465e-01	8.442969255420540442e-01	8.152037197702910465e-01	8.280320647591780103e-01	8.152037197702910465e-01	8.393321713436150411e-01	8.152037197702910465e-01	8.355492369201039660e-01	8.152037197702910465e-01	8.858899445264819539e-01	8.152037197702910465e-01	8.152037197702910465e-01	8.152037197702910465e-01	8.738175567463299931e-01	8.152037197702910465e-01	8.523359334201809911e-01	8.152037197702910465e-01	8.497079450450489846e-01	8.152037197702910465e-01	6.639718426841459964e-01	8.152037197702910465e-01	8.152037197702910465e-01	8.152037197702910465e-01	8.152037197702910465e-01	8.152037197702910465e-01	8.152037197702910465e-01	8.614249917094249920e-01	8.459947794390220155e-01	8.152037197702910465e-01	8.435461078764999732e-01	8.640024275503439544e-01	8.152037197702910465e-01	8.152037197702910465e-01	1.000000000000000021e-03	8.152037197702910465e-01	8.152037197702910465e-01	7.813109225686269976e-01	8.152037197702910465e-01	8.340542459232309636e-01	8.678917659334299817e-01	8.152037197702910465e-01	8.152037197702910465e-01	8.152037197702910465e-01	8.152037197702910465e-01	8.152037197702910465e-01	9.141953231074350095e-01	8.152037197702910465e-01	8.152037197702910465e-01	8.152037197702910465e-01	8.152037197702910465e-01	8.152037197702910465e-01	7.448822957377020382e-01	8.152037197702910465e-01	8.245981904246759697e-01	8.108578868690089481e-01	8.397321309846159654e-01	8.474771216672479790e-01	8.410586608163640454e-01	8.152037197702910465e-01	8.152037197702910465e-01	8.152037197702910465e-01	8.444302049119569720e-01	8.152037197702910465e-01	8.935142892980939555e-01	8.152037197702910465e-01	8.152037197702910465e-01	8.152037197702910465e-01	8.152037197702910465e-01	8.152037197702910465e-01
8.063465959714080089e-01	7.624009644313169964e-01	8.152037197702910465e-01	8.152037197702910465e-01	8.152037197702910465e-01	1.000000000000000000e+00	8.152037197702910465e-01	7.868713506408050451e-01	8.152037197702910465e-01	8.152037197702910465e-01	8.443793139424660144e-01	7.400602266012960007e-01	8.257301709449680338e-01	5.823388751017459786e-01	8.152037197702910465e-01	8.152037197702910465e-01	8.152037197702910465e-01	8.152037197702910465e-01	8.152037197702910465e-01	8.152037197702910465e-01	7.036621594203430474e-01	7.763577422646980031e-01	8.152037197702910465e-01	8.152037197702910465e-01	8.152037197702910465e-01	8.152037197702910465e-01	8.152037197702910465e-01	8.152037197702910465e-01	7.581114011471770109e-01	8.152037197702910465e-01	8.152037197702910465e-01	8.152037197702910465e-01	7.553055709963439890e-01	8.152037197702910465e-01	8.152037197702910465e-01	8.152037197702910465e-01	8.152037197702910465e-01	8.152037197702910465e-01	8.152037197702910465e-01	8.281532695737739980e-01	8.152037197702910465e-01	8.152037197702910465e-01	8.152037197702910465e-01	8.152037197702910465e-01	7.561991798100979878e-01	8.152037197702910465e-01	8.152037197702910465e-01	8.152037197702910465e-01	8.152037197702910465e-01	8.152037197702910465e-01	8.152037197702910465e-01	7.918597912591780474e-01	8.152037197702910465e-01	8.152037197702910465e-01	8.152037197702910465e-01	8.152037197702910465e-01	7.563706478897550545e-01	8.152037197702910465e-01	7.369023448903080364e-01	8.152037197702910465e-01	8.152037197702910465e-01	8.152037197702910465e-01	7.368071825386039997e-01	8.152037197702910465e-01	8.152037197702910465e-01	7.540147431287109736e-01	7.671153791643450237e-01	8.152037197702910465e-01	8.152037197702910465e-01	8.152037197702910465e-01	8.152037197702910465e-01	7.663078302863429725e-01	7.539260257092650352e-01	8.152037197702910465e-01	8.152037197702910465e-01	8.152037197702910465e-01	8.152037197702910465e-01	8.152037197702910465e-01	7.879515410307970091e-01	8.152037197702910465e-01	7.568201220998760359e-01	8.152037197702910465e-01	7.412080317039300148e-01	8.152037197702910465e-01	8.152037197702910465e-01	7.700004374205550173e-01	8.152037197702910465e-01	8.152037197702910465e-01	8.152037197702910465e-01	8.152037197702910465e-01	8.152037197702910465e-01	7.719386966915650072e-01	8.152037197702910465e-01	7.547031986805510240e-01	8.152037197702910465e-01	8.152037197702910465e-01	8.152037197702910465e-01	7.694547992275709847e-01	8.152037197702910465e-01	8.152037197702910465e-01	8.152037197702910465e-01	8.152037197702910465e-01	8.152037197702910465e-01	8.152037197702910465e-01	8.152037197702910465e-01	7.939692770960350421e-01	7.235821810141559451e-01	8.152037197702910465e-01	7.772584124913269887e-01	8.152037197702910465e-01	7.335031767049029483e-01	8.152037197702910465e-01	7.749308497246389926e-01	8.152037197702910465e-01	8.152037197702910465e-01	7.810060286167790355e-01	7.619853511730699802e-01	8.152037197702910465e-01	8.152037197702910465e-01	8.152037197702910465e-01	7.891441809667280038e-01	8.152037197702910465e-01	8.152037197702910465e-01	8.152037197702910465e-01
8.295305453929020523e-01	8.152037197702910465e-01	8.152037197702910465e-01	8.152037197702910465e-01	8.152037197702910465e-01	8.152037197702910465e-01	1.000000000000000000e+00	8.152037197702910465e-01	8.624590023994169741e-01	8.152037197702910465e-01	8.152037197702910465e-01	8.152037197702910465e-01	8.152037197702910465e-01	8.152037197702910465e-01	8.152037197702910465e-01	8.457544472512259492e-01	8.287619383049179556e-01	8.152037197702910465e-01	8.152037197702910465e-01	8.152037197702910465e-01	8.152037197702910465e-01	8.152037197702910465e-01	8.152037197702910465e-01	8.177191258100019455e-01	8.656852488863500117e-01	8.152037197702910465e-01	8.151861729602980500e-01	8.152037197702910465e-01	7.710065734729639741e-01	8.080956775436219930e-01	8.152037197702910465e-01	8.152037197702910465e-01	8.152037197702910465e-01	8.152037197702910465e-01	8.152037197702910465e-01	8.152037197702910465e-01	8.152037197702910465e-01	8.261615844392350416e-01	7.854341513071859682e-01	8.152037197702910465e-01	8.167926675254499891e-01	8.050886776602940165e-01	8.152037197702910465e-01	8.152037197702910465e-01	7.718567309758159745e-01	8.152037197702910465e-01	7.956389899700000434e-01	8.106950060593249852e-01	8.269989796381139735e-01	8.152037197702910465e-01	8.152037197702910465e-01	8.152037197702910465e-01	8.152037197702910465e-01	7.859257071873659850e-01	7.939783916818660137e-01	8.152037197702910465e-01	8.152037197702910465e-01	7.915144345368609891e-01	7.790114658955910043e-01	7.961095146628770491e-01	8.152037197702910465e-01	7.491550540818849857e-01	7.923303549374429711e-01	8.152037197702910465e-01	8.243946934335729670e-01	8.152037197702910465e-01	8.152037197702910465e-01	8.258391882419360286e-01	8.152037197702910465e-01	8.023576347562659805e-01	8.152037197702910465e-01	8.152037197702910465e-01	8.152037197702910465e-01	8.219189007156509907e-01	6.523817356158050362e-01	7.740106627723629673e-01	8.152037197702910465e-01	7.994431081340529488e-01	8.152037197702910465e-01	7.963265979464370092e-01	8.083670665924189702e-01	7.822599934724630000e-01	8.152037197702910465e-01	8.152037197702910465e-01	8.072102380998910087e-01	8.152037197702910465e-01	8.152037197702910465e-01	7.744061647294570028e-01	8.152037197702910465e-01	8.152037197702910465e-01	8.152037197702910465e-01	7.687264122523139731e-01	8.152037197702910465e-01	8.152037197702910465e-01	8.152037197702910465e-01	8.152037197702910465e-01	8.152037197702910465e-01	8.152037197702910465e-01	8.152037197702910465e-01	8.152037197702910465e-01	8.152037197702910465e-01	8.152037197702910465e-01	8.152037197702910465e-01	8.152037197702910465e-01	8.152037197702910465e-01	8.152037197702910465e-01	7.926100976737749937e-01	8.152037197702910465e-01	8.152037197702910465e-01	8.152037197702910465e-01	8.152037197702910465e-01	8.152037197702910465e-01	8.152037197702910465e-01	7.871604613851479471e-01	7.899780623745720209e-01	8.152037197702910465e-01	8.223601234425159667e-01	8.152037197702910465e-01	8.305405730325370328e-01	7.710884489080109816e-01	8.152037197702910465e-01	8.152037197702910465e-01	7.495077403310730357e-01	7.801995305831670446e-01
8.152037197702910465e-01	7.800853440636840164e-01	8.152037197702910465e-01	8.152037197702910465e-01	8.152037197702910465e-01	7.868713506408050451e-01	8.152037197702910465e-01	1.000000000000000000e+00	8.152037197702910465e-01	8.684573584516029898e-01	8.152037197702910465e-01	7.191311779132619764e-01	8.541578069742450374e-01	8.152037197702910465e-01	8.211337799748820165e-01	8.152037197702910465e-01	8.152037197702910465e-01	8.152037197702910465e-01	8.152037197702910465e-01	8.271057907138269494e-01	7.440703907434510489e-01	8.255287638034569664e-01	8.152037197702910465e-01	8.274334307076559591e-01	8.152037197702910465e-01	8.152037197702910465e-01	8.152037197702910465e-01	8.152037197702910465e-01	8.034936729644750475e-01	8.351944134901210237e-01	8.152037197702910465e-01	8.110720085603769780e-01	8.152037197702910465e-01	8.146459219454460499e-01	8.152037197702910465e-01	8.152037197702910465e-01	8.152037197702910465e-01	8.428370778624110216e-01	8.152037197702910465e-01	8.152037197702910465e-01	8.152037197702910465e-01	8.152037197702910465e-01	8.391611624372420364e-01	8.351944134901210237e-01	8.152037197702910465e-01	8.152037197702910465e-01	8.152037197702910465e-01	8.152037197702910465e-01	8.152037197702910465e-01	8.152037197702910465e-01	8.152037197702910465e-01	8.097160842335500153e-01	8.397080316364280428e-01	8.152037197702910465e-01	8.152037197702910465e-01	8.152037197702910465e-01	8.152037197702910465e-01	8.152037197702910465e-01	8.152037197702910465e-01	8.336785237124589854e-01	8.152037197702910465e-01	7.470059726191059513e-01	8.152037197702910465e-01	8.152037197702910465e-01	8.473287706390210117e-01	7.919097895823810074e-01	8.152037197702910465e-01	8.231062574382479458e-01	8.152037197702910465e-01	8.347750531731360502e-01	8.152037197702910465e-01	8.481267671241430328e-01	8.152037197702910465e-01	8.152037197702910465e-01	8.152037197702910465e-01	8.152037197702910465e-01	8.152037197702910465e-01	8.152037197702910465e-01	8.152037197702910465e-01	8.210348090127309595e-01	8.152037197702910465e-01	8.152037197702910465e-01	8.152037197702910465e-01	8.152037197702910465e-01	8.152037197702910465e-01	8.152037197702910465e-01	8.118148902749530160e-01	8.152037197702910465e-01	8.152037197702910465e-01	8.152037197702910465e-01	7.730405397091859587e-01	8.152037197702910465e-01	8.152037197702910465e-01	8.152037197702910465e-01	8.191660293220679456e-01	7.816563138333539884e-01	8.152037197702910465e-01	8.152037197702910465e-01	8.246502558626389590e-01	8.152037197702910465e-01	8.612222930035530188e-01	8.152037197702910465e-01	8.152037197702910465e-01	8.152037197702910465e-01	8.299591805851750381e-01	8.152037197702910465e-01	8.152037197702910465e-01	7.426964456718100349e-01	8.152037197702910465e-01	8.152037197702910465e-01	8.152037197702910465e-01	8.152037197702910465e-01	8.665726531088659979e-01	8.152037197702910465e-01	7.574893994117729568e-01	8.152037197702910465e-01	8.508743953876489741e-01	8.540082864908079552e-01	8.152037197702910465e-01	8.152037197702910465e-01	8.152037197702910465e-01	8.324042449099630092e-01	8.152037197702910465e-01	8.152037197702910465e-01
8.152037197702910465e-01	8.152037197702910465e-01	8.152037197702910465e-01	8.152037197702910465e-01	8.152037197702910465e-01	8.152037197702910465e-01	8.624590023994169741e-01	8.152037197702910465e-01	1.000000000000000000e+00	8.675232079602609447e-01	9.180497307990640454e-01	8.152037197702910465e-01	8.152037197702910465e-01	8.152037197702910465e-01	8.152037197702910465e-01	8.152037197702910465e-01	8.152037197702910465e-01	8.152037197702910465e-01	8.152037197702910465e-01	8.152037197702910465e-01	8.152037197702910465e-01	8.152037197702910465e-01	8.247307270966609538e-01	8.152037197702910465e-01	8.152037197702910465e-01	8.792537353184629589e-01	8.152037197702910465e-01	8.844064037745960061e-01	8.152037197702910465e-01	8.152037197702910465e-01	8.522845659990120337e-01	8.152037197702910465e-01	8.152037197702910465e-01	8.152037197702910465e-01	8.152037197702910465e-01	8.283267896909880523e-01	8.152037197702910465e-01	8.970961117877249702e-01	8.152037197702910465e-01	8.152037197702910465e-01	8.535598820637040340e-01	8.152037197702910465e-01	8.913449477741399729e-01	8.515388642539040154e-01	8.152037197702910465e-01	7.442626040184210368e-01	8.256424935623369876e-01	8.152037197702910465e-01	8.152037197702910465e-01	8.152037197702910465e-01	8.152037197702910465e-01	8.152037197702910465e-01	8.677722164649339653e-01	8.571315807326860270e-01	8.365954039656220420e-01	8.551143765160339472e-01	8.152037197702910465e-01	8.804102094230059627e-01	8.152037197702910465e-01	8.152037197702910465e-01	8.152037197702910465e-01	7.680780664791979628e-01	8.152037197702910465e-01	8.152037197702910465e-01	8.152037197702910465e-01	8.152037197702910465e-01	8.638933310105999519e-01	8.431927282922270228e-01	8.624169251304479866e-01	8.152037197702910465e-01	8.152037197702910465e-01	8.152037197702910465e-01	8.152037197702910465e-01	8.152037197702910465e-01	8.152037197702910465e-01	7.877525662208579860e-01	8.152037197702910465e-01	8.152037197702910465e-01	8.458709634207109973e-01	8.152037197702910465e-01	8.152037197702910465e-01	8.152037197702910465e-01	8.356427627813479697e-01	8.152037197702910465e-01	8.152037197702910465e-01	8.152037197702910465e-01	8.673265417636779606e-01	8.152037197702910465e-01	1.000000000000000021e-03	8.339967997187269777e-01	8.152037197702910465e-01	8.152037197702910465e-01	8.152037197702910465e-01	8.152037197702910465e-01	8.152037197702910465e-01	8.460093472208920495e-01	8.152037197702910465e-01	8.152037197702910465e-01	8.152037197702910465e-01	8.152037197702910465e-01	9.026304806022159566e-01	8.152037197702910465e-01	8.611901622233529840e-01	8.152037197702910465e-01	8.874243625224440546e-01	8.665179408421930241e-01	7.502200702204679938e-01	8.152037197702910465e-01	8.326455627123839909e-01	8.152037197702910465e-01	8.152037197702910465e-01	8.152037197702910465e-01	8.152037197702910465e-01	8.152037197702910465e-01	7.896879167729670135e-01	8.152037197702910465e-01	8.152037197702910465e-01	8.152037197702910465e-01	8.152037197702910465e-01	8.152037197702910465e-01	8.152037197702910465e-01	8.152037197702910465e-01	8.152037197702910465e-01	8.684324347223619789e-01
8.152037197702910465e-01	8.152037197702910465e-01	8.512651966071239640e-01	8.152037197702910465e-01	8.152037197702910465e-01	8.152037197702910465e-01	8.152037197702910465e-01	8.684573584516029898e-01	8.675232079602609447e-01	1.000000000000000000e+00	8.152037197702910465e-01	8.152037197702910465e-01	8.152037197702910465e-01	6.325401690060790116e-01	7.511895804999020321e-01	8.234417659185929717e-01	8.152037197702910465e-01	8.152037197702910465e-01	8.152037197702910465e-01	8.152037197702910465e-01	8.152037197702910465e-01	8.152037197702910465e-01	8.596863014252159596e-01	8.152037197702910465e-01	8.152037197702910465e-01	8.152037197702910465e-01	7.778363719432179746e-01	8.337550903000420233e-01	7.253744500125729466e-01	8.228771506557860382e-01	8.152037197702910465e-01	8.152037197702910465e-01	8.152037197702910465e-01	8.152037197702910465e-01	7.682720717974279578e-01	8.152037197702910465e-01	8.037658232317600460e-01	8.152037197702910465e-01	8.152037197702910465e-01	8.152037197702910465e-01	8.152037197702910465e-01	8.152037197702910465e-01	7.840603299022109729e-01	7.383863508594390446e-01	7.342635116508400284e-01	8.152037197702910465e-01	8.757909061748919699e-01	8.152037197702910465e-01	8.152037197702910465e-01	8.152037197702910465e-01	7.358667940026489829e-01	8.152037197702910465e-01	8.152037197702910465e-01	8.152037197702910465e-01	8.152037197702910465e-01	8.448253200836930432e-01	8.152037197702910465e-01	7.542744638657989942e-01	7.180608352555609697e-01	8.152037197702910465e-01	7.274216328036929857e-01	8.311390697374559933e-01	7.274007566378759559e-01	8.152037197702910465e-01	8.715559523019760224e-01	8.152037197702910465e-01	8.152037197702910465e-01	8.152037197702910465e-01	8.152037197702910465e-01	8.152037197702910465e-01	8.152037197702910465e-01	8.152037197702910465e-01	7.179578035611470233e-01	8.152037197702910465e-01	8.152037197702910465e-01	8.152037197702910465e-01	8.152037197702910465e-01	8.152037197702910465e-01	8.152037197702910465e-01	7.580200262499080521e-01	8.152037197702910465e-01	7.372640739314459957e-01	8.152037197702910465e-01	8.152037197702910465e-01	8.152037197702910465e-01	8.152037197702910465e-01	7.484845481223429964e-01	8.152037197702910465e-01	8.152037197702910465e-01	8.152037197702910465e-01	8.152037197702910465e-01	8.331834034256200283e-01	7.900370112249139876e-01	8.152037197702910465e-01	8.152037197702910465e-01	7.082694259218460520e-01	8.229598106968849525e-01	7.316404272582479607e-01	8.152037197702910465e-01	7.795347967021000191e-01	8.152037197702910465e-01	7.959655868054440475e-01	7.417953749372070416e-01	8.152037197702910465e-01	7.544021926984010307e-01	8.152037197702910465e-01	8.152037197702910465e-01	8.152037197702910465e-01	8.152037197702910465e-01	8.152037197702910465e-01	8.152037197702910465e-01	8.152037197702910465e-01	8.345858109336159458e-01	8.152037197702910465e-01	8.152037197702910465e-01	7.726656923844239522e-01	8.152037197702910465e-01	7.793558406479089706e-01	8.152037197702910465e-01	8.152037197702910465e-01	8.152037197702910465e-01	8.152037197702910465e-01	8.152037197702910465e-01	7.420508867071059500e-01
8.152037197702910465e-01	8.152037197702910465e-01	7.910080324412229746e-01	8.152037197702910465e-01	8.152037197702910465e-01	8.443793139424660144e-01	8.152037197702910465e-01	8.152037197702910465e-01	9.180497307990640454e-01	8.152037197702910465e-01	1.000000000000000000e+00	8.152037197702910465e-01	8.152037197702910465e-01	8.152037197702910465e-01	8.152037197702910465e-01	8.152037197702910465e-01	8.152037197702910465e-01	5.857969313835620362e-01	9.066052359863979726e-01	8.152037197702910465e-01	8.152037197702910465e-01	8.152037197702910465e-01	8.216995572417670202e-01	8.590006832487719901e-01	8.152037197702910465e-01	9.137861216839819889e-01	8.152037197702910465e-01	8.152037197702910465e-01	8.152037197702910465e-01	8.152037197702910465e-01	8.152037197702910465e-01	9.034753732487309508e-01	8.152037197702910465e-01	8.714484029769909990e-01	8.152037197702910465e-01	8.152037197702910465e-01	8.152037197702910465e-01	8.919079062416680470e-01	9.057834113663499886e-01	8.152037197702910465e-01	8.152037197702910465e-01	8.152037197702910465e-01	8.152037197702910465e-01	8.152037197702910465e-01	8.152037197702910465e-01	8.152037197702910465e-01	7.939487696604740075e-01	8.973690608819400172e-01	8.152037197702910465e-01	8.152037197702910465e-01	8.152037197702910465e-01	8.152037197702910465e-01	8.152037197702910465e-01	8.152037197702910465e-01	8.152037197702910465e-01	8.152037197702910465e-01	8.152037197702910465e-01	8.152037197702910465e-01	8.724994532634380295e-01	8.152037197702910465e-01	8.883289523740709459e-01	7.446343571575310127e-01	8.152037197702910465e-01	5.453489861106739500e-01	8.152037197702910465e-01	8.152037197702910465e-01	8.152037197702910465e-01	8.337287697424310418e-01	8.152037197702910465e-01	8.152037197702910465e-01	8.152037197702910465e-01	8.152037197702910465e-01	8.966508165749129677e-01	8.665204276884640455e-01	8.152037197702910465e-01	7.538524630837230012e-01	8.833942490659889568e-01	8.152037197702910465e-01	8.320244902748270555e-01	8.152037197702910465e-01	8.152037197702910465e-01	9.117690270813419984e-01	8.805744610546439866e-01	8.152037197702910465e-01	8.893620753413730151e-01	8.152037197702910465e-01	9.027211520621839513e-01	8.558091732646130323e-01	8.152037197702910465e-01	8.152037197702910465e-01	7.586925420594019531e-01	7.722045913429870234e-01	8.152037197702910465e-01	8.152037197702910465e-01	8.152037197702910465e-01	8.913654127641550406e-01	8.152037197702910465e-01	8.152037197702910465e-01	9.199407808741939530e-01	8.152037197702910465e-01	8.152037197702910465e-01	8.152037197702910465e-01	8.880128782193159598e-01	8.152037197702910465e-01	8.152037197702910465e-01	8.152037197702910465e-01	7.254702178125309597e-01	8.152037197702910465e-01	8.152037197702910465e-01	8.152037197702910465e-01	8.152037197702910465e-01	8.152037197702910465e-01	8.152037197702910465e-01	7.635286354240039541e-01	8.152037197702910465e-01	8.152037197702910465e-01	8.807791867437979594e-01	9.256692136350880284e-01	8.152037197702910465e-01	8.152037197702910465e-01	7.632788713925939827e-01	8.152037197702910465e-01	8.152037197702910465e-01	9.055234954937939618e-01
6.267540648415620419e-01	8.152037197702910465e-01	8.152037197702910465e-01	8.152037197702910465e-01	8.152037197702910465e-01	7.400602266012960007e-01	8.152037197702910465e-01	7.191311779132619764e-01	8.152037197702910465e-01	8.152037197702910465e-01	8.152037197702910465e-01	1.000000000000000000e+00	8.152037197702910465e-01	8.152037197702910465e-01	8.152037197702910465e-01	8.152037197702910465e-01	8.152037197702910465e-01	8.152037197702910465e-01	8.152037197702910465e-01	5.855834586422820065e-01	7.995211195976820173e-01	8.152037197702910465e-01	8.109160665172640003e-01	8.147113878429299572e-01	8.152037197702910465e-01	6.101770189997619553e-01	6.217199371082460235e-01	8.152037197702910465e-01	5.479674231417399621e-01	8.152037197702910465e-01	8.152037197702910465e-01	8.152037197702910465e-01	8.152037197702910465e-01	8.152037197702910465e-01	8.152037197702910465e-01	8.152037197702910465e-01	8.152037197702910465e-01	6.823745234573840301e-01	5.734428341901459669e-01	8.152037197702910465e-01	5.606086919603989749e-01	8.152037197702910465e-01	6.416289203946099473e-01	5.529865030761369482e-01	5.679332080833080498e-01	8.152037197702910465e-01	8.723241902245040258e-01	8.152037197702910465e-01	7.227768979447489750e-01	8.152037197702910465e-01	8.152037197702910465e-01	8.152037197702910465e-01	7.176364396821469649e-01	8.152037197702910465e-01	5.439874764376280147e-01	8.152037197702910465e-01	5.576273011451340356e-01	5.872883647012590025e-01	5.314738479112020020e-01	6.023664678035579589e-01	8.152037197702910465e-01	8.595456804524740368e-01	5.410292615093600377e-01	8.028828238397649475e-01	8.152037197702910465e-01	8.602021085118589649e-01	7.189372018461429592e-01	8.152037197702910465e-01	8.152037197702910465e-01	8.152037197702910465e-01	5.823539167233360292e-01	8.152037197702910465e-01	8.152037197702910465e-01	8.152037197702910465e-01	8.152037197702910465e-01	8.152037197702910465e-01	8.152037197702910465e-01	8.152037197702910465e-01	8.152037197702910465e-01	8.152037197702910465e-01	6.227467511137489975e-01	5.646421792569370490e-01	8.152037197702910465e-01	8.152037197702910465e-01	5.641109114183729956e-01	5.736732839041770449e-01	5.724825277563110326e-01	8.152037197702910465e-01	8.152037197702910465e-01	8.152037197702910465e-01	8.152037197702910465e-01	8.152037197702910465e-01	8.152037197702910465e-01	5.644655743989720476e-01	8.152037197702910465e-01	8.152037197702910465e-01	8.152037197702910465e-01	5.659205636601859490e-01	8.152037197702910465e-01	8.152037197702910465e-01	8.152037197702910465e-01	8.152037197702910465e-01	5.779533475340480342e-01	8.152037197702910465e-01	8.152037197702910465e-01	8.152037197702910465e-01	8.333675442486550011e-01	8.152037197702910465e-01	7.736508871265179721e-01	5.194448210886469797e-01	5.229899851421120349e-01	8.152037197702910465e-01	8.152037197702910465e-01	8.152037197702910465e-01	8.152037197702910465e-01	8.152037197702910465e-01	8.152037197702910465e-01	8.152037197702910465e-01	8.152037197702910465e-01	5.665445811845060131e-01	8.152037197702910465e-01	8.152037197702910465e-01	8.152037197702910465e-01	8.152037197702910465e-01
